player_id,player_name,feature_season,outcome_season,position,usage_signal,efficiency_signal,development_signal,stability_signal,cohort_signal,role_signal,penalty_signal,wr_signal_score,scoring_version,usage_formula_notes,efficiency_formula_notes,development_formula_notes,stability_formula_notes,cohort_formula_notes,role_formula_notes,penalty_formula_notes
00-0031588,S.Diggs,2020,2021,WR,50.0000,83.1609,40.0000,92.7778,0.0000,0.0000,62.5000,39.1852,wr_signal_score_role_balanced_v1,"0.50*scale(feature_targets_per_game,4.00,10.00)+0.50*scale(feature_target_share,0.12,0.30)","0.55*scale(feature_ppg_per_target,0.80,2.50)+0.45*scale(feature_ppg,6.00,18.00)","0.40*scale(48.00-feature_finish,0.00,36.00)+0.60*scale(expected_ppg_baseline-feature_ppg,0.00,4.00)","0.65*scale(feature_games_played,8.00,17.00)+0.35*scale(feature_total_ppr,80.00,260.00)","0.50*scale(feature_ppg_minus_cohort_expected,0.00,6.00)+0.30*scale(expected_finish_from_cohort-feature_finish,0.00,36.00)+0.20*scale(cohort_player_count,1.00,18.00)","0.20*scale(route_participation_season_avg,0.50,0.95)+0.20*scale(target_share_season_avg,0.10,0.32)+0.15*scale(air_yard_share_season_avg,0.08,0.38)+0.15*scale(routes_consistency_index,0.60,0.95)+0.15*scale(target_earning_index,0.12,0.45)+0.15*scale(opportunity_concentration_score,0.18,0.56)","0.50*scale(12.00-feature_finish,0.00,12.00)+0.25*scale(11.00-feature_games_played,0.00,11.00)+0.25*scale(0.14-feature_target_share,0.00,0.14)"
00-0031381,D.Adams,2020,2021,WR,50.0000,96.9381,40.0000,78.3334,0.0000,0.0000,70.8333,38.8741,wr_signal_score_role_balanced_v1,"0.50*scale(feature_targets_per_game,4.00,10.00)+0.50*scale(feature_target_share,0.12,0.30)","0.55*scale(feature_ppg_per_target,0.80,2.50)+0.45*scale(feature_ppg,6.00,18.00)","0.40*scale(48.00-feature_finish,0.00,36.00)+0.60*scale(expected_ppg_baseline-feature_ppg,0.00,4.00)","0.65*scale(feature_games_played,8.00,17.00)+0.35*scale(feature_total_ppr,80.00,260.00)","0.50*scale(feature_ppg_minus_cohort_expected,0.00,6.00)+0.30*scale(expected_finish_from_cohort-feature_finish,0.00,36.00)+0.20*scale(cohort_player_count,1.00,18.00)","0.20*scale(route_participation_season_avg,0.50,0.95)+0.20*scale(target_share_season_avg,0.10,0.32)+0.15*scale(air_yard_share_season_avg,0.08,0.38)+0.15*scale(routes_consistency_index,0.60,0.95)+0.15*scale(target_earning_index,0.12,0.45)+0.15*scale(opportunity_concentration_score,0.18,0.56)","0.50*scale(12.00-feature_finish,0.00,12.00)+0.25*scale(11.00-feature_games_played,0.00,11.00)+0.25*scale(0.14-feature_target_share,0.00,0.14)"
00-0030564,D.Hopkins,2020,2021,WR,50.0000,77.2656,40.0000,92.7778,0.0000,0.0000,54.1667,38.8010,wr_signal_score_role_balanced_v1,"0.50*scale(feature_targets_per_game,4.00,10.00)+0.50*scale(feature_target_share,0.12,0.30)","0.55*scale(feature_ppg_per_target,0.80,2.50)+0.45*scale(feature_ppg,6.00,18.00)","0.40*scale(48.00-feature_finish,0.00,36.00)+0.60*scale(expected_ppg_baseline-feature_ppg,0.00,4.00)","0.65*scale(feature_games_played,8.00,17.00)+0.35*scale(feature_total_ppr,80.00,260.00)","0.50*scale(feature_ppg_minus_cohort_expected,0.00,6.00)+0.30*scale(expected_finish_from_cohort-feature_finish,0.00,36.00)+0.20*scale(cohort_player_count,1.00,18.00)","0.20*scale(route_participation_season_avg,0.50,0.95)+0.20*scale(target_share_season_avg,0.10,0.32)+0.15*scale(air_yard_share_season_avg,0.08,0.38)+0.15*scale(routes_consistency_index,0.60,0.95)+0.15*scale(target_earning_index,0.12,0.45)+0.15*scale(opportunity_concentration_score,0.18,0.56)","0.50*scale(12.00-feature_finish,0.00,12.00)+0.25*scale(11.00-feature_games_played,0.00,11.00)+0.25*scale(0.14-feature_target_share,0.00,0.14)"
00-0033040,T.Hill,2020,2021,WR,41.6666,97.9390,40.0000,85.5556,0.0000,0.0000,66.6667,38.2131,wr_signal_score_role_balanced_v1,"0.50*scale(feature_targets_per_game,4.00,10.00)+0.50*scale(feature_target_share,0.12,0.30)","0.55*scale(feature_ppg_per_target,0.80,2.50)+0.45*scale(feature_ppg,6.00,18.00)","0.40*scale(48.00-feature_finish,0.00,36.00)+0.60*scale(expected_ppg_baseline-feature_ppg,0.00,4.00)","0.65*scale(feature_games_played,8.00,17.00)+0.35*scale(feature_total_ppr,80.00,260.00)","0.50*scale(feature_ppg_minus_cohort_expected,0.00,6.00)+0.30*scale(expected_finish_from_cohort-feature_finish,0.00,36.00)+0.20*scale(cohort_player_count,1.00,18.00)","0.20*scale(route_participation_season_avg,0.50,0.95)+0.20*scale(target_share_season_avg,0.10,0.32)+0.15*scale(air_yard_share_season_avg,0.08,0.38)+0.15*scale(routes_consistency_index,0.60,0.95)+0.15*scale(target_earning_index,0.12,0.45)+0.15*scale(opportunity_concentration_score,0.18,0.56)","0.50*scale(12.00-feature_finish,0.00,12.00)+0.25*scale(11.00-feature_games_played,0.00,11.00)+0.25*scale(0.14-feature_target_share,0.00,0.14)"
00-0031428,A.Robinson,2020,2021,WR,45.3125,69.5634,38.8889,92.7778,0.0000,0.0000,25.0000,38.0928,wr_signal_score_role_balanced_v1,"0.50*scale(feature_targets_per_game,4.00,10.00)+0.50*scale(feature_target_share,0.12,0.30)","0.55*scale(feature_ppg_per_target,0.80,2.50)+0.45*scale(feature_ppg,6.00,18.00)","0.40*scale(48.00-feature_finish,0.00,36.00)+0.60*scale(expected_ppg_baseline-feature_ppg,0.00,4.00)","0.65*scale(feature_games_played,8.00,17.00)+0.35*scale(feature_total_ppr,80.00,260.00)","0.50*scale(feature_ppg_minus_cohort_expected,0.00,6.00)+0.30*scale(expected_finish_from_cohort-feature_finish,0.00,36.00)+0.20*scale(cohort_player_count,1.00,18.00)","0.20*scale(route_participation_season_avg,0.50,0.95)+0.20*scale(target_share_season_avg,0.10,0.32)+0.15*scale(air_yard_share_season_avg,0.08,0.38)+0.15*scale(routes_consistency_index,0.60,0.95)+0.15*scale(target_earning_index,0.12,0.45)+0.15*scale(opportunity_concentration_score,0.18,0.56)","0.50*scale(12.00-feature_finish,0.00,12.00)+0.25*scale(11.00-feature_games_played,0.00,11.00)+0.25*scale(0.14-feature_target_share,0.00,0.14)"
00-0034837,C.Ridley,2020,2021,WR,46.1108,82.8057,40.0000,85.5556,0.0000,0.0000,58.3334,37.5097,wr_signal_score_role_balanced_v1,"0.50*scale(feature_targets_per_game,4.00,10.00)+0.50*scale(feature_target_share,0.12,0.30)","0.55*scale(feature_ppg_per_target,0.80,2.50)+0.45*scale(feature_ppg,6.00,18.00)","0.40*scale(48.00-feature_finish,0.00,36.00)+0.60*scale(expected_ppg_baseline-feature_ppg,0.00,4.00)","0.65*scale(feature_games_played,8.00,17.00)+0.35*scale(feature_total_ppr,80.00,260.00)","0.50*scale(feature_ppg_minus_cohort_expected,0.00,6.00)+0.30*scale(expected_finish_from_cohort-feature_finish,0.00,36.00)+0.20*scale(cohort_player_count,1.00,18.00)","0.20*scale(route_participation_season_avg,0.50,0.95)+0.20*scale(target_share_season_avg,0.10,0.32)+0.15*scale(air_yard_share_season_avg,0.08,0.38)+0.15*scale(routes_consistency_index,0.60,0.95)+0.15*scale(target_earning_index,0.12,0.45)+0.15*scale(opportunity_concentration_score,0.18,0.56)","0.50*scale(12.00-feature_finish,0.00,12.00)+0.25*scale(11.00-feature_games_played,0.00,11.00)+0.25*scale(0.14-feature_target_share,0.00,0.14)"
00-0032211,T.Lockett,2020,2021,WR,35.4166,78.8698,40.0000,92.7778,0.0000,0.0000,25.0000,37.2916,wr_signal_score_role_balanced_v1,"0.50*scale(feature_targets_per_game,4.00,10.00)+0.50*scale(feature_target_share,0.12,0.30)","0.55*scale(feature_ppg_per_target,0.80,2.50)+0.45*scale(feature_ppg,6.00,18.00)","0.40*scale(48.00-feature_finish,0.00,36.00)+0.60*scale(expected_ppg_baseline-feature_ppg,0.00,4.00)","0.65*scale(feature_games_played,8.00,17.00)+0.35*scale(feature_total_ppr,80.00,260.00)","0.50*scale(feature_ppg_minus_cohort_expected,0.00,6.00)+0.30*scale(expected_finish_from_cohort-feature_finish,0.00,36.00)+0.20*scale(cohort_player_count,1.00,18.00)","0.20*scale(route_participation_season_avg,0.50,0.95)+0.20*scale(target_share_season_avg,0.10,0.32)+0.15*scale(air_yard_share_season_avg,0.08,0.38)+0.15*scale(routes_consistency_index,0.60,0.95)+0.15*scale(target_earning_index,0.12,0.45)+0.15*scale(opportunity_concentration_score,0.18,0.56)","0.50*scale(12.00-feature_finish,0.00,12.00)+0.25*scale(11.00-feature_games_played,0.00,11.00)+0.25*scale(0.14-feature_target_share,0.00,0.14)"
00-0035640,D.Metcalf,2020,2021,WR,33.8541,84.2156,40.0000,92.7778,0.0000,0.0000,33.3333,37.2184,wr_signal_score_role_balanced_v1,"0.50*scale(feature_targets_per_game,4.00,10.00)+0.50*scale(feature_target_share,0.12,0.30)","0.55*scale(feature_ppg_per_target,0.80,2.50)+0.45*scale(feature_ppg,6.00,18.00)","0.40*scale(48.00-feature_finish,0.00,36.00)+0.60*scale(expected_ppg_baseline-feature_ppg,0.00,4.00)","0.65*scale(feature_games_played,8.00,17.00)+0.35*scale(feature_total_ppr,80.00,260.00)","0.50*scale(feature_ppg_minus_cohort_expected,0.00,6.00)+0.30*scale(expected_finish_from_cohort-feature_finish,0.00,36.00)+0.20*scale(cohort_player_count,1.00,18.00)","0.20*scale(route_participation_season_avg,0.50,0.95)+0.20*scale(target_share_season_avg,0.10,0.32)+0.15*scale(air_yard_share_season_avg,0.08,0.38)+0.15*scale(routes_consistency_index,0.60,0.95)+0.15*scale(target_earning_index,0.12,0.45)+0.15*scale(opportunity_concentration_score,0.18,0.56)","0.50*scale(12.00-feature_finish,0.00,12.00)+0.25*scale(11.00-feature_games_played,0.00,11.00)+0.25*scale(0.14-feature_target_share,0.00,0.14)"
00-0036322,J.Jefferson,2020,2021,WR,31.7708,86.8527,40.0000,92.7778,0.0000,0.0000,37.5000,36.8640,wr_signal_score_role_balanced_v1,"0.50*scale(feature_targets_per_game,4.00,10.00)+0.50*scale(feature_target_share,0.12,0.30)","0.55*scale(feature_ppg_per_target,0.80,2.50)+0.45*scale(feature_ppg,6.00,18.00)","0.40*scale(48.00-feature_finish,0.00,36.00)+0.60*scale(expected_ppg_baseline-feature_ppg,0.00,4.00)","0.65*scale(feature_games_played,8.00,17.00)+0.35*scale(feature_total_ppr,80.00,260.00)","0.50*scale(feature_ppg_minus_cohort_expected,0.00,6.00)+0.30*scale(expected_finish_from_cohort-feature_finish,0.00,36.00)+0.20*scale(cohort_player_count,1.00,18.00)","0.20*scale(route_participation_season_avg,0.50,0.95)+0.20*scale(target_share_season_avg,0.10,0.32)+0.15*scale(air_yard_share_season_avg,0.08,0.38)+0.15*scale(routes_consistency_index,0.60,0.95)+0.15*scale(target_earning_index,0.12,0.45)+0.15*scale(opportunity_concentration_score,0.18,0.56)","0.50*scale(12.00-feature_finish,0.00,12.00)+0.25*scale(11.00-feature_games_played,0.00,11.00)+0.25*scale(0.14-feature_target_share,0.00,0.14)"
00-0030279,K.Allen,2020,2021,WR,50.0000,71.2128,40.0000,75.4361,0.0000,0.0000,45.8333,36.1386,wr_signal_score_role_balanced_v1,"0.50*scale(feature_targets_per_game,4.00,10.00)+0.50*scale(feature_target_share,0.12,0.30)","0.55*scale(feature_ppg_per_target,0.80,2.50)+0.45*scale(feature_ppg,6.00,18.00)","0.40*scale(48.00-feature_finish,0.00,36.00)+0.60*scale(expected_ppg_baseline-feature_ppg,0.00,4.00)","0.65*scale(feature_games_played,8.00,17.00)+0.35*scale(feature_total_ppr,80.00,260.00)","0.50*scale(feature_ppg_minus_cohort_expected,0.00,6.00)+0.30*scale(expected_finish_from_cohort-feature_finish,0.00,36.00)+0.20*scale(cohort_player_count,1.00,18.00)","0.20*scale(route_participation_season_avg,0.50,0.95)+0.20*scale(target_share_season_avg,0.10,0.32)+0.15*scale(air_yard_share_season_avg,0.08,0.38)+0.15*scale(routes_consistency_index,0.60,0.95)+0.15*scale(target_earning_index,0.12,0.45)+0.15*scale(opportunity_concentration_score,0.18,0.56)","0.50*scale(12.00-feature_finish,0.00,12.00)+0.25*scale(11.00-feature_games_played,0.00,11.00)+0.25*scale(0.14-feature_target_share,0.00,0.14)"
00-0030035,A.Thielen,2020,2021,WR,26.6667,91.2068,40.0000,84.3889,0.0000,0.0000,29.1667,35.7016,wr_signal_score_role_balanced_v1,"0.50*scale(feature_targets_per_game,4.00,10.00)+0.50*scale(feature_target_share,0.12,0.30)","0.55*scale(feature_ppg_per_target,0.80,2.50)+0.45*scale(feature_ppg,6.00,18.00)","0.40*scale(48.00-feature_finish,0.00,36.00)+0.60*scale(expected_ppg_baseline-feature_ppg,0.00,4.00)","0.65*scale(feature_games_played,8.00,17.00)+0.35*scale(feature_total_ppr,80.00,260.00)","0.50*scale(feature_ppg_minus_cohort_expected,0.00,6.00)+0.30*scale(expected_finish_from_cohort-feature_finish,0.00,36.00)+0.20*scale(cohort_player_count,1.00,18.00)","0.20*scale(route_participation_season_avg,0.50,0.95)+0.20*scale(target_share_season_avg,0.10,0.32)+0.15*scale(air_yard_share_season_avg,0.08,0.38)+0.15*scale(routes_consistency_index,0.60,0.95)+0.15*scale(target_earning_index,0.12,0.45)+0.15*scale(opportunity_concentration_score,0.18,0.56)","0.50*scale(12.00-feature_finish,0.00,12.00)+0.25*scale(11.00-feature_games_played,0.00,11.00)+0.25*scale(0.14-feature_target_share,0.00,0.14)"
00-0035676,A.Brown,2020,2021,WR,29.7616,93.4538,40.0000,75.9028,0.0000,0.0000,50.0000,34.4282,wr_signal_score_role_balanced_v1,"0.50*scale(feature_targets_per_game,4.00,10.00)+0.50*scale(feature_target_share,0.12,0.30)","0.55*scale(feature_ppg_per_target,0.80,2.50)+0.45*scale(feature_ppg,6.00,18.00)","0.40*scale(48.00-feature_finish,0.00,36.00)+0.60*scale(expected_ppg_baseline-feature_ppg,0.00,4.00)","0.65*scale(feature_games_played,8.00,17.00)+0.35*scale(feature_total_ppr,80.00,260.00)","0.50*scale(feature_ppg_minus_cohort_expected,0.00,6.00)+0.30*scale(expected_finish_from_cohort-feature_finish,0.00,36.00)+0.20*scale(cohort_player_count,1.00,18.00)","0.20*scale(route_participation_season_avg,0.50,0.95)+0.20*scale(target_share_season_avg,0.10,0.32)+0.15*scale(air_yard_share_season_avg,0.08,0.38)+0.15*scale(routes_consistency_index,0.60,0.95)+0.15*scale(target_earning_index,0.12,0.45)+0.15*scale(opportunity_concentration_score,0.18,0.56)","0.50*scale(12.00-feature_finish,0.00,12.00)+0.25*scale(11.00-feature_games_played,0.00,11.00)+0.25*scale(0.14-feature_target_share,0.00,0.14)"
00-0031408,M.Evans,2020,2021,WR,23.4375,83.6717,35.5556,90.5611,0.0000,0.0000,25.0000,34.1376,wr_signal_score_role_balanced_v1,"0.50*scale(feature_targets_per_game,4.00,10.00)+0.50*scale(feature_target_share,0.12,0.30)","0.55*scale(feature_ppg_per_target,0.80,2.50)+0.45*scale(feature_ppg,6.00,18.00)","0.40*scale(48.00-feature_finish,0.00,36.00)+0.60*scale(expected_ppg_baseline-feature_ppg,0.00,4.00)","0.65*scale(feature_games_played,8.00,17.00)+0.35*scale(feature_total_ppr,80.00,260.00)","0.50*scale(feature_ppg_minus_cohort_expected,0.00,6.00)+0.30*scale(expected_finish_from_cohort-feature_finish,0.00,36.00)+0.20*scale(cohort_player_count,1.00,18.00)","0.20*scale(route_participation_season_avg,0.50,0.95)+0.20*scale(target_share_season_avg,0.10,0.32)+0.15*scale(air_yard_share_season_avg,0.08,0.38)+0.15*scale(routes_consistency_index,0.60,0.95)+0.15*scale(target_earning_index,0.12,0.45)+0.15*scale(opportunity_concentration_score,0.18,0.56)","0.50*scale(12.00-feature_finish,0.00,12.00)+0.25*scale(11.00-feature_games_played,0.00,11.00)+0.25*scale(0.14-feature_target_share,0.00,0.14)"
00-0030431,R.Woods,2020,2021,WR,33.8541,70.5334,32.2222,89.8806,0.0000,0.0000,25.0000,34.0450,wr_signal_score_role_balanced_v1,"0.50*scale(feature_targets_per_game,4.00,10.00)+0.50*scale(feature_target_share,0.12,0.30)","0.55*scale(feature_ppg_per_target,0.80,2.50)+0.45*scale(feature_ppg,6.00,18.00)","0.40*scale(48.00-feature_finish,0.00,36.00)+0.60*scale(expected_ppg_baseline-feature_ppg,0.00,4.00)","0.65*scale(feature_games_played,8.00,17.00)+0.35*scale(feature_total_ppr,80.00,260.00)","0.50*scale(feature_ppg_minus_cohort_expected,0.00,6.00)+0.30*scale(expected_finish_from_cohort-feature_finish,0.00,36.00)+0.20*scale(cohort_player_count,1.00,18.00)","0.20*scale(route_participation_season_avg,0.50,0.95)+0.20*scale(target_share_season_avg,0.10,0.32)+0.15*scale(air_yard_share_season_avg,0.08,0.38)+0.15*scale(routes_consistency_index,0.60,0.95)+0.15*scale(target_earning_index,0.12,0.45)+0.15*scale(opportunity_concentration_score,0.18,0.56)","0.50*scale(12.00-feature_finish,0.00,12.00)+0.25*scale(11.00-feature_games_played,0.00,11.00)+0.25*scale(0.14-feature_target_share,0.00,0.14)"
00-0035216,D.Johnson,2020,2021,WR,46.6666,57.8495,31.1111,78.5167,0.0000,0.0000,25.0000,33.5624,wr_signal_score_role_balanced_v1,"0.50*scale(feature_targets_per_game,4.00,10.00)+0.50*scale(feature_target_share,0.12,0.30)","0.55*scale(feature_ppg_per_target,0.80,2.50)+0.45*scale(feature_ppg,6.00,18.00)","0.40*scale(48.00-feature_finish,0.00,36.00)+0.60*scale(expected_ppg_baseline-feature_ppg,0.00,4.00)","0.65*scale(feature_games_played,8.00,17.00)+0.35*scale(feature_total_ppr,80.00,260.00)","0.50*scale(feature_ppg_minus_cohort_expected,0.00,6.00)+0.30*scale(expected_finish_from_cohort-feature_finish,0.00,36.00)+0.20*scale(cohort_player_count,1.00,18.00)","0.20*scale(route_participation_season_avg,0.50,0.95)+0.20*scale(target_share_season_avg,0.10,0.32)+0.15*scale(air_yard_share_season_avg,0.08,0.38)+0.15*scale(routes_consistency_index,0.60,0.95)+0.15*scale(target_earning_index,0.12,0.45)+0.15*scale(opportunity_concentration_score,0.18,0.56)","0.50*scale(12.00-feature_finish,0.00,12.00)+0.25*scale(11.00-feature_games_played,0.00,11.00)+0.25*scale(0.14-feature_target_share,0.00,0.14)"
00-0031236,B.Cooks,2020,2021,WR,32.7775,72.6927,34.4444,80.1111,0.0000,0.0000,25.0000,33.1961,wr_signal_score_role_balanced_v1,"0.50*scale(feature_targets_per_game,4.00,10.00)+0.50*scale(feature_target_share,0.12,0.30)","0.55*scale(feature_ppg_per_target,0.80,2.50)+0.45*scale(feature_ppg,6.00,18.00)","0.40*scale(48.00-feature_finish,0.00,36.00)+0.60*scale(expected_ppg_baseline-feature_ppg,0.00,4.00)","0.65*scale(feature_games_played,8.00,17.00)+0.35*scale(feature_total_ppr,80.00,260.00)","0.50*scale(feature_ppg_minus_cohort_expected,0.00,6.00)+0.30*scale(expected_finish_from_cohort-feature_finish,0.00,36.00)+0.20*scale(cohort_player_count,1.00,18.00)","0.20*scale(route_participation_season_avg,0.50,0.95)+0.20*scale(target_share_season_avg,0.10,0.32)+0.15*scale(air_yard_share_season_avg,0.08,0.38)+0.15*scale(routes_consistency_index,0.60,0.95)+0.15*scale(target_earning_index,0.12,0.45)+0.15*scale(opportunity_concentration_score,0.18,0.56)","0.50*scale(12.00-feature_finish,0.00,12.00)+0.25*scale(11.00-feature_games_played,0.00,11.00)+0.25*scale(0.14-feature_target_share,0.00,0.14)"
00-0031544,A.Cooper,2020,2021,WR,34.3750,66.0498,28.8889,88.2667,0.0000,0.0000,25.0000,32.7544,wr_signal_score_role_balanced_v1,"0.50*scale(feature_targets_per_game,4.00,10.00)+0.50*scale(feature_target_share,0.12,0.30)","0.55*scale(feature_ppg_per_target,0.80,2.50)+0.45*scale(feature_ppg,6.00,18.00)","0.40*scale(48.00-feature_finish,0.00,36.00)+0.60*scale(expected_ppg_baseline-feature_ppg,0.00,4.00)","0.65*scale(feature_games_played,8.00,17.00)+0.35*scale(feature_total_ppr,80.00,260.00)","0.50*scale(feature_ppg_minus_cohort_expected,0.00,6.00)+0.30*scale(expected_finish_from_cohort-feature_finish,0.00,36.00)+0.20*scale(cohort_player_count,1.00,18.00)","0.20*scale(route_participation_season_avg,0.50,0.95)+0.20*scale(target_share_season_avg,0.10,0.32)+0.15*scale(air_yard_share_season_avg,0.08,0.38)+0.15*scale(routes_consistency_index,0.60,0.95)+0.15*scale(target_earning_index,0.12,0.45)+0.15*scale(opportunity_concentration_score,0.18,0.56)","0.50*scale(12.00-feature_finish,0.00,12.00)+0.25*scale(11.00-feature_games_played,0.00,11.00)+0.25*scale(0.14-feature_target_share,0.00,0.14)"
00-0035659,T.McLaurin,2020,2021,WR,41.1108,61.6021,30.0000,78.5167,0.0000,0.0000,25.0000,32.6141,wr_signal_score_role_balanced_v1,"0.50*scale(feature_targets_per_game,4.00,10.00)+0.50*scale(feature_target_share,0.12,0.30)","0.55*scale(feature_ppg_per_target,0.80,2.50)+0.45*scale(feature_ppg,6.00,18.00)","0.40*scale(48.00-feature_finish,0.00,36.00)+0.60*scale(expected_ppg_baseline-feature_ppg,0.00,4.00)","0.65*scale(feature_games_played,8.00,17.00)+0.35*scale(feature_total_ppr,80.00,260.00)","0.50*scale(feature_ppg_minus_cohort_expected,0.00,6.00)+0.30*scale(expected_finish_from_cohort-feature_finish,0.00,36.00)+0.20*scale(cohort_player_count,1.00,18.00)","0.20*scale(route_participation_season_avg,0.50,0.95)+0.20*scale(target_share_season_avg,0.10,0.32)+0.15*scale(air_yard_share_season_avg,0.08,0.38)+0.15*scale(routes_consistency_index,0.60,0.95)+0.15*scale(target_earning_index,0.12,0.45)+0.15*scale(opportunity_concentration_score,0.18,0.56)","0.50*scale(12.00-feature_finish,0.00,12.00)+0.25*scale(11.00-feature_games_played,0.00,11.00)+0.25*scale(0.14-feature_target_share,0.00,0.14)"
00-0033857,J.Smith-Schuster,2020,2021,WR,33.3334,65.6552,26.6667,87.7417,0.0000,0.0000,25.0000,32.0214,wr_signal_score_role_balanced_v1,"0.50*scale(feature_targets_per_game,4.00,10.00)+0.50*scale(feature_target_share,0.12,0.30)","0.55*scale(feature_ppg_per_target,0.80,2.50)+0.45*scale(feature_ppg,6.00,18.00)","0.40*scale(48.00-feature_finish,0.00,36.00)+0.60*scale(expected_ppg_baseline-feature_ppg,0.00,4.00)","0.65*scale(feature_games_played,8.00,17.00)+0.35*scale(feature_total_ppr,80.00,260.00)","0.50*scale(feature_ppg_minus_cohort_expected,0.00,6.00)+0.30*scale(expected_finish_from_cohort-feature_finish,0.00,36.00)+0.20*scale(cohort_player_count,1.00,18.00)","0.20*scale(route_participation_season_avg,0.50,0.95)+0.20*scale(target_share_season_avg,0.10,0.32)+0.15*scale(air_yard_share_season_avg,0.08,0.38)+0.15*scale(routes_consistency_index,0.60,0.95)+0.15*scale(target_earning_index,0.12,0.45)+0.15*scale(opportunity_concentration_score,0.18,0.56)","0.50*scale(12.00-feature_finish,0.00,12.00)+0.25*scale(11.00-feature_games_played,0.00,11.00)+0.25*scale(0.14-feature_target_share,0.00,0.14)"
00-0032688,R.Chosen,2020,2021,WR,37.5000,57.4518,20.0000,85.7972,0.0000,0.0000,25.0000,30.4714,wr_signal_score_role_balanced_v1,"0.50*scale(feature_targets_per_game,4.00,10.00)+0.50*scale(feature_target_share,0.12,0.30)","0.55*scale(feature_ppg_per_target,0.80,2.50)+0.45*scale(feature_ppg,6.00,18.00)","0.40*scale(48.00-feature_finish,0.00,36.00)+0.60*scale(expected_ppg_baseline-feature_ppg,0.00,4.00)","0.65*scale(feature_games_played,8.00,17.00)+0.35*scale(feature_total_ppr,80.00,260.00)","0.50*scale(feature_ppg_minus_cohort_expected,0.00,6.00)+0.30*scale(expected_finish_from_cohort-feature_finish,0.00,36.00)+0.20*scale(cohort_player_count,1.00,18.00)","0.20*scale(route_participation_season_avg,0.50,0.95)+0.20*scale(target_share_season_avg,0.10,0.32)+0.15*scale(air_yard_share_season_avg,0.08,0.38)+0.15*scale(routes_consistency_index,0.60,0.95)+0.15*scale(target_earning_index,0.12,0.45)+0.15*scale(opportunity_concentration_score,0.18,0.56)","0.50*scale(12.00-feature_finish,0.00,12.00)+0.25*scale(11.00-feature_games_played,0.00,11.00)+0.25*scale(0.14-feature_target_share,0.00,0.14)"
00-0029293,M.Jones,2020,2021,WR,26.5625,69.0952,24.4444,86.5167,0.0000,0.0000,25.0000,30.3976,wr_signal_score_role_balanced_v1,"0.50*scale(feature_targets_per_game,4.00,10.00)+0.50*scale(feature_target_share,0.12,0.30)","0.55*scale(feature_ppg_per_target,0.80,2.50)+0.45*scale(feature_ppg,6.00,18.00)","0.40*scale(48.00-feature_finish,0.00,36.00)+0.60*scale(expected_ppg_baseline-feature_ppg,0.00,4.00)","0.65*scale(feature_games_played,8.00,17.00)+0.35*scale(feature_total_ppr,80.00,260.00)","0.50*scale(feature_ppg_minus_cohort_expected,0.00,6.00)+0.30*scale(expected_finish_from_cohort-feature_finish,0.00,36.00)+0.20*scale(cohort_player_count,1.00,18.00)","0.20*scale(route_participation_season_avg,0.50,0.95)+0.20*scale(target_share_season_avg,0.10,0.32)+0.15*scale(air_yard_share_season_avg,0.08,0.38)+0.15*scale(routes_consistency_index,0.60,0.95)+0.15*scale(target_earning_index,0.12,0.45)+0.15*scale(opportunity_concentration_score,0.18,0.56)","0.50*scale(12.00-feature_finish,0.00,12.00)+0.25*scale(11.00-feature_games_played,0.00,11.00)+0.25*scale(0.14-feature_target_share,0.00,0.14)"
00-0033921,C.Godwin,2020,2021,WR,25.0000,84.8697,36.6667,50.4722,0.0000,0.0000,25.0000,29.6585,wr_signal_score_role_balanced_v1,"0.50*scale(feature_targets_per_game,4.00,10.00)+0.50*scale(feature_target_share,0.12,0.30)","0.55*scale(feature_ppg_per_target,0.80,2.50)+0.45*scale(feature_ppg,6.00,18.00)","0.40*scale(48.00-feature_finish,0.00,36.00)+0.60*scale(expected_ppg_baseline-feature_ppg,0.00,4.00)","0.65*scale(feature_games_played,8.00,17.00)+0.35*scale(feature_total_ppr,80.00,260.00)","0.50*scale(feature_ppg_minus_cohort_expected,0.00,6.00)+0.30*scale(expected_finish_from_cohort-feature_finish,0.00,36.00)+0.20*scale(cohort_player_count,1.00,18.00)","0.20*scale(route_participation_season_avg,0.50,0.95)+0.20*scale(target_share_season_avg,0.10,0.32)+0.15*scale(air_yard_share_season_avg,0.08,0.38)+0.15*scale(routes_consistency_index,0.60,0.95)+0.15*scale(target_earning_index,0.12,0.45)+0.15*scale(opportunity_concentration_score,0.18,0.56)","0.50*scale(12.00-feature_finish,0.00,12.00)+0.25*scale(11.00-feature_games_played,0.00,11.00)+0.25*scale(0.14-feature_target_share,0.00,0.14)"
00-0033127,W.Fuller,2020,2021,WR,23.4850,96.8976,40.0000,42.8416,0.0000,0.0000,41.6667,29.6404,wr_signal_score_role_balanced_v1,"0.50*scale(feature_targets_per_game,4.00,10.00)+0.50*scale(feature_target_share,0.12,0.30)","0.55*scale(feature_ppg_per_target,0.80,2.50)+0.45*scale(feature_ppg,6.00,18.00)","0.40*scale(48.00-feature_finish,0.00,36.00)+0.60*scale(expected_ppg_baseline-feature_ppg,0.00,4.00)","0.65*scale(feature_games_played,8.00,17.00)+0.35*scale(feature_total_ppr,80.00,260.00)","0.50*scale(feature_ppg_minus_cohort_expected,0.00,6.00)+0.30*scale(expected_finish_from_cohort-feature_finish,0.00,36.00)+0.20*scale(cohort_player_count,1.00,18.00)","0.20*scale(route_participation_season_avg,0.50,0.95)+0.20*scale(target_share_season_avg,0.10,0.32)+0.15*scale(air_yard_share_season_avg,0.08,0.38)+0.15*scale(routes_consistency_index,0.60,0.95)+0.15*scale(target_earning_index,0.12,0.45)+0.15*scale(opportunity_concentration_score,0.18,0.56)","0.50*scale(12.00-feature_finish,0.00,12.00)+0.25*scale(11.00-feature_games_played,0.00,11.00)+0.25*scale(0.14-feature_target_share,0.00,0.14)"
00-0033908,C.Kupp,2020,2021,WR,35.5558,59.2664,21.1111,75.9695,0.0000,0.0000,25.0000,29.1772,wr_signal_score_role_balanced_v1,"0.50*scale(feature_targets_per_game,4.00,10.00)+0.50*scale(feature_target_share,0.12,0.30)","0.55*scale(feature_ppg_per_target,0.80,2.50)+0.45*scale(feature_ppg,6.00,18.00)","0.40*scale(48.00-feature_finish,0.00,36.00)+0.60*scale(expected_ppg_baseline-feature_ppg,0.00,4.00)","0.65*scale(feature_games_played,8.00,17.00)+0.35*scale(feature_total_ppr,80.00,260.00)","0.50*scale(feature_ppg_minus_cohort_expected,0.00,6.00)+0.30*scale(expected_finish_from_cohort-feature_finish,0.00,36.00)+0.20*scale(cohort_player_count,1.00,18.00)","0.20*scale(route_participation_season_avg,0.50,0.95)+0.20*scale(target_share_season_avg,0.10,0.32)+0.15*scale(air_yard_share_season_avg,0.08,0.38)+0.15*scale(routes_consistency_index,0.60,0.95)+0.15*scale(target_earning_index,0.12,0.45)+0.15*scale(opportunity_concentration_score,0.18,0.56)","0.50*scale(12.00-feature_finish,0.00,12.00)+0.25*scale(11.00-feature_games_played,0.00,11.00)+0.25*scale(0.14-feature_target_share,0.00,0.14)"
00-0034827,D.Moore,2020,2021,WR,32.2225,62.4809,22.2222,76.1250,0.0000,0.0000,25.0000,29.0573,wr_signal_score_role_balanced_v1,"0.50*scale(feature_targets_per_game,4.00,10.00)+0.50*scale(feature_target_share,0.12,0.30)","0.55*scale(feature_ppg_per_target,0.80,2.50)+0.45*scale(feature_ppg,6.00,18.00)","0.40*scale(48.00-feature_finish,0.00,36.00)+0.60*scale(expected_ppg_baseline-feature_ppg,0.00,4.00)","0.65*scale(feature_games_played,8.00,17.00)+0.35*scale(feature_total_ppr,80.00,260.00)","0.50*scale(feature_ppg_minus_cohort_expected,0.00,6.00)+0.30*scale(expected_finish_from_cohort-feature_finish,0.00,36.00)+0.20*scale(cohort_player_count,1.00,18.00)","0.20*scale(route_participation_season_avg,0.50,0.95)+0.20*scale(target_share_season_avg,0.10,0.32)+0.15*scale(air_yard_share_season_avg,0.08,0.38)+0.15*scale(routes_consistency_index,0.60,0.95)+0.15*scale(target_earning_index,0.12,0.45)+0.15*scale(opportunity_concentration_score,0.18,0.56)","0.50*scale(12.00-feature_finish,0.00,12.00)+0.25*scale(11.00-feature_games_played,0.00,11.00)+0.25*scale(0.14-feature_target_share,0.00,0.14)"
00-0036261,B.Aiyuk,2020,2021,WR,33.3334,71.4522,33.3333,49.2083,0.0000,0.0000,25.0000,28.9483,wr_signal_score_role_balanced_v1,"0.50*scale(feature_targets_per_game,4.00,10.00)+0.50*scale(feature_target_share,0.12,0.30)","0.55*scale(feature_ppg_per_target,0.80,2.50)+0.45*scale(feature_ppg,6.00,18.00)","0.40*scale(48.00-feature_finish,0.00,36.00)+0.60*scale(expected_ppg_baseline-feature_ppg,0.00,4.00)","0.65*scale(feature_games_played,8.00,17.00)+0.35*scale(feature_total_ppr,80.00,260.00)","0.50*scale(feature_ppg_minus_cohort_expected,0.00,6.00)+0.30*scale(expected_finish_from_cohort-feature_finish,0.00,36.00)+0.20*scale(cohort_player_count,1.00,18.00)","0.20*scale(route_participation_season_avg,0.50,0.95)+0.20*scale(target_share_season_avg,0.10,0.32)+0.15*scale(air_yard_share_season_avg,0.08,0.38)+0.15*scale(routes_consistency_index,0.60,0.95)+0.15*scale(target_earning_index,0.12,0.45)+0.15*scale(opportunity_concentration_score,0.18,0.56)","0.50*scale(12.00-feature_finish,0.00,12.00)+0.25*scale(11.00-feature_games_played,0.00,11.00)+0.25*scale(0.14-feature_target_share,0.00,0.14)"
00-0033282,C.Samuel,2020,2021,WR,20.5558,75.3851,23.3333,76.2417,0.0000,0.0000,25.0000,28.3859,wr_signal_score_role_balanced_v1,"0.50*scale(feature_targets_per_game,4.00,10.00)+0.50*scale(feature_target_share,0.12,0.30)","0.55*scale(feature_ppg_per_target,0.80,2.50)+0.45*scale(feature_ppg,6.00,18.00)","0.40*scale(48.00-feature_finish,0.00,36.00)+0.60*scale(expected_ppg_baseline-feature_ppg,0.00,4.00)","0.65*scale(feature_games_played,8.00,17.00)+0.35*scale(feature_total_ppr,80.00,260.00)","0.50*scale(feature_ppg_minus_cohort_expected,0.00,6.00)+0.30*scale(expected_finish_from_cohort-feature_finish,0.00,36.00)+0.20*scale(cohort_player_count,1.00,18.00)","0.20*scale(route_participation_season_avg,0.50,0.95)+0.20*scale(target_share_season_avg,0.10,0.32)+0.15*scale(air_yard_share_season_avg,0.08,0.38)+0.15*scale(routes_consistency_index,0.60,0.95)+0.15*scale(target_earning_index,0.12,0.45)+0.15*scale(opportunity_concentration_score,0.18,0.56)","0.50*scale(12.00-feature_finish,0.00,12.00)+0.25*scale(11.00-feature_games_played,0.00,11.00)+0.25*scale(0.14-feature_target_share,0.00,0.14)"
00-0036358,C.Lamb,2020,2021,WR,24.4792,66.0935,16.6667,84.5528,0.0000,0.0000,25.0000,27.9476,wr_signal_score_role_balanced_v1,"0.50*scale(feature_targets_per_game,4.00,10.00)+0.50*scale(feature_target_share,0.12,0.30)","0.55*scale(feature_ppg_per_target,0.80,2.50)+0.45*scale(feature_ppg,6.00,18.00)","0.40*scale(48.00-feature_finish,0.00,36.00)+0.60*scale(expected_ppg_baseline-feature_ppg,0.00,4.00)","0.65*scale(feature_games_played,8.00,17.00)+0.35*scale(feature_total_ppr,80.00,260.00)","0.50*scale(feature_ppg_minus_cohort_expected,0.00,6.00)+0.30*scale(expected_finish_from_cohort-feature_finish,0.00,36.00)+0.20*scale(cohort_player_count,1.00,18.00)","0.20*scale(route_participation_season_avg,0.50,0.95)+0.20*scale(target_share_season_avg,0.10,0.32)+0.15*scale(air_yard_share_season_avg,0.08,0.38)+0.15*scale(routes_consistency_index,0.60,0.95)+0.15*scale(target_earning_index,0.12,0.45)+0.15*scale(opportunity_concentration_score,0.18,0.56)","0.50*scale(12.00-feature_finish,0.00,12.00)+0.25*scale(11.00-feature_games_played,0.00,11.00)+0.25*scale(0.14-feature_target_share,0.00,0.14)"
00-0029000,C.Beasley,2020,2021,WR,26.1108,66.2333,18.8889,75.3472,0.0000,0.0000,25.0000,27.5189,wr_signal_score_role_balanced_v1,"0.50*scale(feature_targets_per_game,4.00,10.00)+0.50*scale(feature_target_share,0.12,0.30)","0.55*scale(feature_ppg_per_target,0.80,2.50)+0.45*scale(feature_ppg,6.00,18.00)","0.40*scale(48.00-feature_finish,0.00,36.00)+0.60*scale(expected_ppg_baseline-feature_ppg,0.00,4.00)","0.65*scale(feature_games_played,8.00,17.00)+0.35*scale(feature_total_ppr,80.00,260.00)","0.50*scale(feature_ppg_minus_cohort_expected,0.00,6.00)+0.30*scale(expected_finish_from_cohort-feature_finish,0.00,36.00)+0.20*scale(cohort_player_count,1.00,18.00)","0.20*scale(route_participation_season_avg,0.50,0.95)+0.20*scale(target_share_season_avg,0.10,0.32)+0.15*scale(air_yard_share_season_avg,0.08,0.38)+0.15*scale(routes_consistency_index,0.60,0.95)+0.15*scale(target_earning_index,0.12,0.45)+0.15*scale(opportunity_concentration_score,0.18,0.56)","0.50*scale(12.00-feature_finish,0.00,12.00)+0.25*scale(11.00-feature_games_played,0.00,11.00)+0.25*scale(0.14-feature_target_share,0.00,0.14)"
00-0036326,C.Claypool,2020,2021,WR,23.4375,65.7708,14.4444,84.0083,0.0000,0.0000,25.0000,27.2228,wr_signal_score_role_balanced_v1,"0.50*scale(feature_targets_per_game,4.00,10.00)+0.50*scale(feature_target_share,0.12,0.30)","0.55*scale(feature_ppg_per_target,0.80,2.50)+0.45*scale(feature_ppg,6.00,18.00)","0.40*scale(48.00-feature_finish,0.00,36.00)+0.60*scale(expected_ppg_baseline-feature_ppg,0.00,4.00)","0.65*scale(feature_games_played,8.00,17.00)+0.35*scale(feature_total_ppr,80.00,260.00)","0.50*scale(feature_ppg_minus_cohort_expected,0.00,6.00)+0.30*scale(expected_finish_from_cohort-feature_finish,0.00,36.00)+0.20*scale(cohort_player_count,1.00,18.00)","0.20*scale(route_participation_season_avg,0.50,0.95)+0.20*scale(target_share_season_avg,0.10,0.32)+0.15*scale(air_yard_share_season_avg,0.08,0.38)+0.15*scale(routes_consistency_index,0.60,0.95)+0.15*scale(target_earning_index,0.12,0.45)+0.15*scale(opportunity_concentration_score,0.18,0.56)","0.50*scale(12.00-feature_finish,0.00,12.00)+0.25*scale(11.00-feature_games_played,0.00,11.00)+0.25*scale(0.14-feature_target_share,0.00,0.14)"
00-0027944,J.Jones,2020,2021,WR,29.6300,82.0034,37.7778,20.0750,0.0000,0.0000,29.5454,26.2932,wr_signal_score_role_balanced_v1,"0.50*scale(feature_targets_per_game,4.00,10.00)+0.50*scale(feature_target_share,0.12,0.30)","0.55*scale(feature_ppg_per_target,0.80,2.50)+0.45*scale(feature_ppg,6.00,18.00)","0.40*scale(48.00-feature_finish,0.00,36.00)+0.60*scale(expected_ppg_baseline-feature_ppg,0.00,4.00)","0.65*scale(feature_games_played,8.00,17.00)+0.35*scale(feature_total_ppr,80.00,260.00)","0.50*scale(feature_ppg_minus_cohort_expected,0.00,6.00)+0.30*scale(expected_finish_from_cohort-feature_finish,0.00,36.00)+0.20*scale(cohort_player_count,1.00,18.00)","0.20*scale(route_participation_season_avg,0.50,0.95)+0.20*scale(target_share_season_avg,0.10,0.32)+0.15*scale(air_yard_share_season_avg,0.08,0.38)+0.15*scale(routes_consistency_index,0.60,0.95)+0.15*scale(target_earning_index,0.12,0.45)+0.15*scale(opportunity_concentration_score,0.18,0.56)","0.50*scale(12.00-feature_finish,0.00,12.00)+0.25*scale(11.00-feature_games_played,0.00,11.00)+0.25*scale(0.14-feature_target_share,0.00,0.14)"
00-0031941,J.Crowder,2020,2021,WR,28.4725,67.9057,25.5556,46.7816,0.0000,0.0000,25.0000,25.6898,wr_signal_score_role_balanced_v1,"0.50*scale(feature_targets_per_game,4.00,10.00)+0.50*scale(feature_target_share,0.12,0.30)","0.55*scale(feature_ppg_per_target,0.80,2.50)+0.45*scale(feature_ppg,6.00,18.00)","0.40*scale(48.00-feature_finish,0.00,36.00)+0.60*scale(expected_ppg_baseline-feature_ppg,0.00,4.00)","0.65*scale(feature_games_played,8.00,17.00)+0.35*scale(feature_total_ppr,80.00,260.00)","0.50*scale(feature_ppg_minus_cohort_expected,0.00,6.00)+0.30*scale(expected_finish_from_cohort-feature_finish,0.00,36.00)+0.20*scale(cohort_player_count,1.00,18.00)","0.20*scale(route_participation_season_avg,0.50,0.95)+0.20*scale(target_share_season_avg,0.10,0.32)+0.15*scale(air_yard_share_season_avg,0.08,0.38)+0.15*scale(routes_consistency_index,0.60,0.95)+0.15*scale(target_earning_index,0.12,0.45)+0.15*scale(opportunity_concentration_score,0.18,0.56)","0.50*scale(12.00-feature_finish,0.00,12.00)+0.25*scale(11.00-feature_games_played,0.00,11.00)+0.25*scale(0.14-feature_target_share,0.00,0.14)"
00-0033871,C.Davis,2020,2021,WR,21.4283,70.1938,17.7778,64.9945,0.0000,0.0000,25.0000,25.4656,wr_signal_score_role_balanced_v1,"0.50*scale(feature_targets_per_game,4.00,10.00)+0.50*scale(feature_target_share,0.12,0.30)","0.55*scale(feature_ppg_per_target,0.80,2.50)+0.45*scale(feature_ppg,6.00,18.00)","0.40*scale(48.00-feature_finish,0.00,36.00)+0.60*scale(expected_ppg_baseline-feature_ppg,0.00,4.00)","0.65*scale(feature_games_played,8.00,17.00)+0.35*scale(feature_total_ppr,80.00,260.00)","0.50*scale(feature_ppg_minus_cohort_expected,0.00,6.00)+0.30*scale(expected_finish_from_cohort-feature_finish,0.00,36.00)+0.20*scale(cohort_player_count,1.00,18.00)","0.20*scale(route_participation_season_avg,0.50,0.95)+0.20*scale(target_share_season_avg,0.10,0.32)+0.15*scale(air_yard_share_season_avg,0.08,0.38)+0.15*scale(routes_consistency_index,0.60,0.95)+0.15*scale(target_earning_index,0.12,0.45)+0.15*scale(opportunity_concentration_score,0.18,0.56)","0.50*scale(12.00-feature_finish,0.00,12.00)+0.25*scale(11.00-feature_games_played,0.00,11.00)+0.25*scale(0.14-feature_target_share,0.00,0.14)"
00-0036410,T.Higgins,2020,2021,WR,26.6667,58.5627,12.2222,72.8389,0.0000,0.0000,25.0000,25.1090,wr_signal_score_role_balanced_v1,"0.50*scale(feature_targets_per_game,4.00,10.00)+0.50*scale(feature_target_share,0.12,0.30)","0.55*scale(feature_ppg_per_target,0.80,2.50)+0.45*scale(feature_ppg,6.00,18.00)","0.40*scale(48.00-feature_finish,0.00,36.00)+0.60*scale(expected_ppg_baseline-feature_ppg,0.00,4.00)","0.65*scale(feature_games_played,8.00,17.00)+0.35*scale(feature_total_ppr,80.00,260.00)","0.50*scale(feature_ppg_minus_cohort_expected,0.00,6.00)+0.30*scale(expected_finish_from_cohort-feature_finish,0.00,36.00)+0.20*scale(cohort_player_count,1.00,18.00)","0.20*scale(route_participation_season_avg,0.50,0.95)+0.20*scale(target_share_season_avg,0.10,0.32)+0.15*scale(air_yard_share_season_avg,0.08,0.38)+0.15*scale(routes_consistency_index,0.60,0.95)+0.15*scale(target_earning_index,0.12,0.45)+0.15*scale(opportunity_concentration_score,0.18,0.56)","0.50*scale(12.00-feature_finish,0.00,12.00)+0.25*scale(11.00-feature_games_played,0.00,11.00)+0.25*scale(0.14-feature_target_share,0.00,0.14)"
00-0033009,T.Boyd,2020,2021,WR,27.7775,56.4369,11.1111,72.4578,0.0000,0.0000,25.0000,24.8294,wr_signal_score_role_balanced_v1,"0.50*scale(feature_targets_per_game,4.00,10.00)+0.50*scale(feature_target_share,0.12,0.30)","0.55*scale(feature_ppg_per_target,0.80,2.50)+0.45*scale(feature_ppg,6.00,18.00)","0.40*scale(48.00-feature_finish,0.00,36.00)+0.60*scale(expected_ppg_baseline-feature_ppg,0.00,4.00)","0.65*scale(feature_games_played,8.00,17.00)+0.35*scale(feature_total_ppr,80.00,260.00)","0.50*scale(feature_ppg_minus_cohort_expected,0.00,6.00)+0.30*scale(expected_finish_from_cohort-feature_finish,0.00,36.00)+0.20*scale(cohort_player_count,1.00,18.00)","0.20*scale(route_participation_season_avg,0.50,0.95)+0.20*scale(target_share_season_avg,0.10,0.32)+0.15*scale(air_yard_share_season_avg,0.08,0.38)+0.15*scale(routes_consistency_index,0.60,0.95)+0.15*scale(target_earning_index,0.12,0.45)+0.15*scale(opportunity_concentration_score,0.18,0.56)","0.50*scale(12.00-feature_finish,0.00,12.00)+0.25*scale(11.00-feature_games_played,0.00,11.00)+0.25*scale(0.14-feature_target_share,0.00,0.14)"
00-0031382,J.Landry,2020,2021,WR,22.7775,58.8166,10.0000,71.5478,0.0000,0.0000,25.0000,23.6903,wr_signal_score_role_balanced_v1,"0.50*scale(feature_targets_per_game,4.00,10.00)+0.50*scale(feature_target_share,0.12,0.30)","0.55*scale(feature_ppg_per_target,0.80,2.50)+0.45*scale(feature_ppg,6.00,18.00)","0.40*scale(48.00-feature_finish,0.00,36.00)+0.60*scale(expected_ppg_baseline-feature_ppg,0.00,4.00)","0.65*scale(feature_games_played,8.00,17.00)+0.35*scale(feature_total_ppr,80.00,260.00)","0.50*scale(feature_ppg_minus_cohort_expected,0.00,6.00)+0.30*scale(expected_finish_from_cohort-feature_finish,0.00,36.00)+0.20*scale(cohort_player_count,1.00,18.00)","0.20*scale(route_participation_season_avg,0.50,0.95)+0.20*scale(target_share_season_avg,0.10,0.32)+0.15*scale(air_yard_share_season_avg,0.08,0.38)+0.15*scale(routes_consistency_index,0.60,0.95)+0.15*scale(target_earning_index,0.12,0.45)+0.15*scale(opportunity_concentration_score,0.18,0.56)","0.50*scale(12.00-feature_finish,0.00,12.00)+0.25*scale(11.00-feature_games_played,0.00,11.00)+0.25*scale(0.14-feature_target_share,0.00,0.14)"
00-0032385,S.Shepard,2020,2021,WR,29.1667,60.8140,15.5556,44.9305,0.0000,0.0000,25.0000,22.9520,wr_signal_score_role_balanced_v1,"0.50*scale(feature_targets_per_game,4.00,10.00)+0.50*scale(feature_target_share,0.12,0.30)","0.55*scale(feature_ppg_per_target,0.80,2.50)+0.45*scale(feature_ppg,6.00,18.00)","0.40*scale(48.00-feature_finish,0.00,36.00)+0.60*scale(expected_ppg_baseline-feature_ppg,0.00,4.00)","0.65*scale(feature_games_played,8.00,17.00)+0.35*scale(feature_total_ppr,80.00,260.00)","0.50*scale(feature_ppg_minus_cohort_expected,0.00,6.00)+0.30*scale(expected_finish_from_cohort-feature_finish,0.00,36.00)+0.20*scale(cohort_player_count,1.00,18.00)","0.20*scale(route_participation_season_avg,0.50,0.95)+0.20*scale(target_share_season_avg,0.10,0.32)+0.15*scale(air_yard_share_season_avg,0.08,0.38)+0.15*scale(routes_consistency_index,0.60,0.95)+0.15*scale(target_earning_index,0.12,0.45)+0.15*scale(opportunity_concentration_score,0.18,0.56)","0.50*scale(12.00-feature_finish,0.00,12.00)+0.25*scale(11.00-feature_games_played,0.00,11.00)+0.25*scale(0.14-feature_target_share,0.00,0.14)"
00-0031549,N.Agholor,2020,2021,WR,9.3750,68.3458,2.2222,78.3111,0.0000,0.0000,25.0000,21.5379,wr_signal_score_role_balanced_v1,"0.50*scale(feature_targets_per_game,4.00,10.00)+0.50*scale(feature_target_share,0.12,0.30)","0.55*scale(feature_ppg_per_target,0.80,2.50)+0.45*scale(feature_ppg,6.00,18.00)","0.40*scale(48.00-feature_finish,0.00,36.00)+0.60*scale(expected_ppg_baseline-feature_ppg,0.00,4.00)","0.65*scale(feature_games_played,8.00,17.00)+0.35*scale(feature_total_ppr,80.00,260.00)","0.50*scale(feature_ppg_minus_cohort_expected,0.00,6.00)+0.30*scale(expected_finish_from_cohort-feature_finish,0.00,36.00)+0.20*scale(cohort_player_count,1.00,18.00)","0.20*scale(route_participation_season_avg,0.50,0.95)+0.20*scale(target_share_season_avg,0.10,0.32)+0.15*scale(air_yard_share_season_avg,0.08,0.38)+0.15*scale(routes_consistency_index,0.60,0.95)+0.15*scale(target_earning_index,0.12,0.45)+0.15*scale(opportunity_concentration_score,0.18,0.56)","0.50*scale(12.00-feature_finish,0.00,12.00)+0.25*scale(11.00-feature_games_played,0.00,11.00)+0.25*scale(0.14-feature_target_share,0.00,0.14)"
00-0034411,R.Gage,2020,2021,WR,23.4375,47.7953,0.0000,77.4283,0.0000,0.0000,25.0000,21.3600,wr_signal_score_role_balanced_v1,"0.50*scale(feature_targets_per_game,4.00,10.00)+0.50*scale(feature_target_share,0.12,0.30)","0.55*scale(feature_ppg_per_target,0.80,2.50)+0.45*scale(feature_ppg,6.00,18.00)","0.40*scale(48.00-feature_finish,0.00,36.00)+0.60*scale(expected_ppg_baseline-feature_ppg,0.00,4.00)","0.65*scale(feature_games_played,8.00,17.00)+0.35*scale(feature_total_ppr,80.00,260.00)","0.50*scale(feature_ppg_minus_cohort_expected,0.00,6.00)+0.30*scale(expected_finish_from_cohort-feature_finish,0.00,36.00)+0.20*scale(cohort_player_count,1.00,18.00)","0.20*scale(route_participation_season_avg,0.50,0.95)+0.20*scale(target_share_season_avg,0.10,0.32)+0.15*scale(air_yard_share_season_avg,0.08,0.38)+0.15*scale(routes_consistency_index,0.60,0.95)+0.15*scale(target_earning_index,0.12,0.45)+0.15*scale(opportunity_concentration_score,0.18,0.56)","0.50*scale(12.00-feature_finish,0.00,12.00)+0.25*scale(11.00-feature_games_played,0.00,11.00)+0.25*scale(0.14-feature_target_share,0.00,0.14)"
00-0031547,D.Parker,2020,2021,WR,27.9759,48.3985,6.6667,60.1139,0.0000,0.0000,25.0000,21.3555,wr_signal_score_role_balanced_v1,"0.50*scale(feature_targets_per_game,4.00,10.00)+0.50*scale(feature_target_share,0.12,0.30)","0.55*scale(feature_ppg_per_target,0.80,2.50)+0.45*scale(feature_ppg,6.00,18.00)","0.40*scale(48.00-feature_finish,0.00,36.00)+0.60*scale(expected_ppg_baseline-feature_ppg,0.00,4.00)","0.65*scale(feature_games_played,8.00,17.00)+0.35*scale(feature_total_ppr,80.00,260.00)","0.50*scale(feature_ppg_minus_cohort_expected,0.00,6.00)+0.30*scale(expected_finish_from_cohort-feature_finish,0.00,36.00)+0.20*scale(cohort_player_count,1.00,18.00)","0.20*scale(route_participation_season_avg,0.50,0.95)+0.20*scale(target_share_season_avg,0.10,0.32)+0.15*scale(air_yard_share_season_avg,0.08,0.38)+0.15*scale(routes_consistency_index,0.60,0.95)+0.15*scale(target_earning_index,0.12,0.45)+0.15*scale(opportunity_concentration_score,0.18,0.56)","0.50*scale(12.00-feature_finish,0.00,12.00)+0.25*scale(11.00-feature_games_played,0.00,11.00)+0.25*scale(0.14-feature_target_share,0.00,0.14)"
00-0035662,M.Brown,2020,2021,WR,18.7500,53.7141,0.0000,77.8056,0.0000,0.0000,25.0000,21.1718,wr_signal_score_role_balanced_v1,"0.50*scale(feature_targets_per_game,4.00,10.00)+0.50*scale(feature_target_share,0.12,0.30)","0.55*scale(feature_ppg_per_target,0.80,2.50)+0.45*scale(feature_ppg,6.00,18.00)","0.40*scale(48.00-feature_finish,0.00,36.00)+0.60*scale(expected_ppg_baseline-feature_ppg,0.00,4.00)","0.65*scale(feature_games_played,8.00,17.00)+0.35*scale(feature_total_ppr,80.00,260.00)","0.50*scale(feature_ppg_minus_cohort_expected,0.00,6.00)+0.30*scale(expected_finish_from_cohort-feature_finish,0.00,36.00)+0.20*scale(cohort_player_count,1.00,18.00)","0.20*scale(route_participation_season_avg,0.50,0.95)+0.20*scale(target_share_season_avg,0.10,0.32)+0.15*scale(air_yard_share_season_avg,0.08,0.38)+0.15*scale(routes_consistency_index,0.60,0.95)+0.15*scale(target_earning_index,0.12,0.45)+0.15*scale(opportunity_concentration_score,0.18,0.56)","0.50*scale(12.00-feature_finish,0.00,12.00)+0.25*scale(11.00-feature_games_played,0.00,11.00)+0.25*scale(0.14-feature_target_share,0.00,0.14)"
00-0027793,A.Brown,2020,2021,WR,31.2500,67.6136,27.7778,7.2139,0.0000,0.0000,31.8182,21.1152,wr_signal_score_role_balanced_v1,"0.50*scale(feature_targets_per_game,4.00,10.00)+0.50*scale(feature_target_share,0.12,0.30)","0.55*scale(feature_ppg_per_target,0.80,2.50)+0.45*scale(feature_ppg,6.00,18.00)","0.40*scale(48.00-feature_finish,0.00,36.00)+0.60*scale(expected_ppg_baseline-feature_ppg,0.00,4.00)","0.65*scale(feature_games_played,8.00,17.00)+0.35*scale(feature_total_ppr,80.00,260.00)","0.50*scale(feature_ppg_minus_cohort_expected,0.00,6.00)+0.30*scale(expected_finish_from_cohort-feature_finish,0.00,36.00)+0.20*scale(cohort_player_count,1.00,18.00)","0.20*scale(route_participation_season_avg,0.50,0.95)+0.20*scale(target_share_season_avg,0.10,0.32)+0.15*scale(air_yard_share_season_avg,0.08,0.38)+0.15*scale(routes_consistency_index,0.60,0.95)+0.15*scale(target_earning_index,0.12,0.45)+0.15*scale(opportunity_concentration_score,0.18,0.56)","0.50*scale(12.00-feature_finish,0.00,12.00)+0.25*scale(11.00-feature_games_played,0.00,11.00)+0.25*scale(0.14-feature_target_share,0.00,0.14)"
00-0034764,M.Gallup,2020,2021,WR,21.3542,45.6324,0.0000,75.9194,0.0000,0.0000,25.0000,20.3394,wr_signal_score_role_balanced_v1,"0.50*scale(feature_targets_per_game,4.00,10.00)+0.50*scale(feature_target_share,0.12,0.30)","0.55*scale(feature_ppg_per_target,0.80,2.50)+0.45*scale(feature_ppg,6.00,18.00)","0.40*scale(48.00-feature_finish,0.00,36.00)+0.60*scale(expected_ppg_baseline-feature_ppg,0.00,4.00)","0.65*scale(feature_games_played,8.00,17.00)+0.35*scale(feature_total_ppr,80.00,260.00)","0.50*scale(feature_ppg_minus_cohort_expected,0.00,6.00)+0.30*scale(expected_finish_from_cohort-feature_finish,0.00,36.00)+0.20*scale(cohort_player_count,1.00,18.00)","0.20*scale(route_participation_season_avg,0.50,0.95)+0.20*scale(target_share_season_avg,0.10,0.32)+0.15*scale(air_yard_share_season_avg,0.08,0.38)+0.15*scale(routes_consistency_index,0.60,0.95)+0.15*scale(target_earning_index,0.12,0.45)+0.15*scale(opportunity_concentration_score,0.18,0.56)","0.50*scale(12.00-feature_finish,0.00,12.00)+0.25*scale(11.00-feature_games_played,0.00,11.00)+0.25*scale(0.14-feature_target_share,0.00,0.14)"
00-0027685,E.Sanders,2020,2021,WR,15.4758,60.7824,3.3333,59.8222,0.0000,0.0000,25.0000,19.6418,wr_signal_score_role_balanced_v1,"0.50*scale(feature_targets_per_game,4.00,10.00)+0.50*scale(feature_target_share,0.12,0.30)","0.55*scale(feature_ppg_per_target,0.80,2.50)+0.45*scale(feature_ppg,6.00,18.00)","0.40*scale(48.00-feature_finish,0.00,36.00)+0.60*scale(expected_ppg_baseline-feature_ppg,0.00,4.00)","0.65*scale(feature_games_played,8.00,17.00)+0.35*scale(feature_total_ppr,80.00,260.00)","0.50*scale(feature_ppg_minus_cohort_expected,0.00,6.00)+0.30*scale(expected_finish_from_cohort-feature_finish,0.00,36.00)+0.20*scale(cohort_player_count,1.00,18.00)","0.20*scale(route_participation_season_avg,0.50,0.95)+0.20*scale(target_share_season_avg,0.10,0.32)+0.15*scale(air_yard_share_season_avg,0.08,0.38)+0.15*scale(routes_consistency_index,0.60,0.95)+0.15*scale(target_earning_index,0.12,0.45)+0.15*scale(opportunity_concentration_score,0.18,0.56)","0.50*scale(12.00-feature_finish,0.00,12.00)+0.25*scale(11.00-feature_games_played,0.00,11.00)+0.25*scale(0.14-feature_target_share,0.00,0.14)"
00-0034777,D.Chark,2020,2021,WR,26.2816,49.3603,4.4444,50.4223,0.0000,0.0000,25.0000,19.4776,wr_signal_score_role_balanced_v1,"0.50*scale(feature_targets_per_game,4.00,10.00)+0.50*scale(feature_target_share,0.12,0.30)","0.55*scale(feature_ppg_per_target,0.80,2.50)+0.45*scale(feature_ppg,6.00,18.00)","0.40*scale(48.00-feature_finish,0.00,36.00)+0.60*scale(expected_ppg_baseline-feature_ppg,0.00,4.00)","0.65*scale(feature_games_played,8.00,17.00)+0.35*scale(feature_total_ppr,80.00,260.00)","0.50*scale(feature_ppg_minus_cohort_expected,0.00,6.00)+0.30*scale(expected_finish_from_cohort-feature_finish,0.00,36.00)+0.20*scale(cohort_player_count,1.00,18.00)","0.20*scale(route_participation_season_avg,0.50,0.95)+0.20*scale(target_share_season_avg,0.10,0.32)+0.15*scale(air_yard_share_season_avg,0.08,0.38)+0.15*scale(routes_consistency_index,0.60,0.95)+0.15*scale(target_earning_index,0.12,0.45)+0.15*scale(opportunity_concentration_score,0.18,0.56)","0.50*scale(12.00-feature_finish,0.00,12.00)+0.25*scale(11.00-feature_games_played,0.00,11.00)+0.25*scale(0.14-feature_target_share,0.00,0.14)"
00-0036407,J.Jeudy,2020,2021,WR,25.5208,33.6775,0.0000,72.8667,0.0000,0.0000,25.0000,19.1493,wr_signal_score_role_balanced_v1,"0.50*scale(feature_targets_per_game,4.00,10.00)+0.50*scale(feature_target_share,0.12,0.30)","0.55*scale(feature_ppg_per_target,0.80,2.50)+0.45*scale(feature_ppg,6.00,18.00)","0.40*scale(48.00-feature_finish,0.00,36.00)+0.60*scale(expected_ppg_baseline-feature_ppg,0.00,4.00)","0.65*scale(feature_games_played,8.00,17.00)+0.35*scale(feature_total_ppr,80.00,260.00)","0.50*scale(feature_ppg_minus_cohort_expected,0.00,6.00)+0.30*scale(expected_finish_from_cohort-feature_finish,0.00,36.00)+0.20*scale(cohort_player_count,1.00,18.00)","0.20*scale(route_participation_season_avg,0.50,0.95)+0.20*scale(target_share_season_avg,0.10,0.32)+0.15*scale(air_yard_share_season_avg,0.08,0.38)+0.15*scale(routes_consistency_index,0.60,0.95)+0.15*scale(target_earning_index,0.12,0.45)+0.15*scale(opportunity_concentration_score,0.18,0.56)","0.50*scale(12.00-feature_finish,0.00,12.00)+0.25*scale(11.00-feature_games_played,0.00,11.00)+0.25*scale(0.14-feature_target_share,0.00,0.14)"
00-0029608,T.Hilton,2020,2021,WR,18.3333,49.7899,0.0000,66.9278,0.0000,0.0000,25.0000,19.0691,wr_signal_score_role_balanced_v1,"0.50*scale(feature_targets_per_game,4.00,10.00)+0.50*scale(feature_target_share,0.12,0.30)","0.55*scale(feature_ppg_per_target,0.80,2.50)+0.45*scale(feature_ppg,6.00,18.00)","0.40*scale(48.00-feature_finish,0.00,36.00)+0.60*scale(expected_ppg_baseline-feature_ppg,0.00,4.00)","0.65*scale(feature_games_played,8.00,17.00)+0.35*scale(feature_total_ppr,80.00,260.00)","0.50*scale(feature_ppg_minus_cohort_expected,0.00,6.00)+0.30*scale(expected_finish_from_cohort-feature_finish,0.00,36.00)+0.20*scale(cohort_player_count,1.00,18.00)","0.20*scale(route_participation_season_avg,0.50,0.95)+0.20*scale(target_share_season_avg,0.10,0.32)+0.15*scale(air_yard_share_season_avg,0.08,0.38)+0.15*scale(routes_consistency_index,0.60,0.95)+0.15*scale(target_earning_index,0.12,0.45)+0.15*scale(opportunity_concentration_score,0.18,0.56)","0.50*scale(12.00-feature_finish,0.00,12.00)+0.25*scale(11.00-feature_games_played,0.00,11.00)+0.25*scale(0.14-feature_target_share,0.00,0.14)"
00-0033375,T.Patrick,2020,2021,WR,10.5558,57.9337,0.0000,66.3445,0.0000,0.0000,25.0000,18.3482,wr_signal_score_role_balanced_v1,"0.50*scale(feature_targets_per_game,4.00,10.00)+0.50*scale(feature_target_share,0.12,0.30)","0.55*scale(feature_ppg_per_target,0.80,2.50)+0.45*scale(feature_ppg,6.00,18.00)","0.40*scale(48.00-feature_finish,0.00,36.00)+0.60*scale(expected_ppg_baseline-feature_ppg,0.00,4.00)","0.65*scale(feature_games_played,8.00,17.00)+0.35*scale(feature_total_ppr,80.00,260.00)","0.50*scale(feature_ppg_minus_cohort_expected,0.00,6.00)+0.30*scale(expected_finish_from_cohort-feature_finish,0.00,36.00)+0.20*scale(cohort_player_count,1.00,18.00)","0.20*scale(route_participation_season_avg,0.50,0.95)+0.20*scale(target_share_season_avg,0.10,0.32)+0.15*scale(air_yard_share_season_avg,0.08,0.38)+0.15*scale(routes_consistency_index,0.60,0.95)+0.15*scale(target_earning_index,0.12,0.45)+0.15*scale(opportunity_concentration_score,0.18,0.56)","0.50*scale(12.00-feature_finish,0.00,12.00)+0.25*scale(11.00-feature_games_played,0.00,11.00)+0.25*scale(0.14-feature_target_share,0.00,0.14)"
00-0034960,J.Meyers,2020,2021,WR,22.9167,53.0804,5.5556,41.0455,0.0000,0.0000,25.0000,18.1869,wr_signal_score_role_balanced_v1,"0.50*scale(feature_targets_per_game,4.00,10.00)+0.50*scale(feature_target_share,0.12,0.30)","0.55*scale(feature_ppg_per_target,0.80,2.50)+0.45*scale(feature_ppg,6.00,18.00)","0.40*scale(48.00-feature_finish,0.00,36.00)+0.60*scale(expected_ppg_baseline-feature_ppg,0.00,4.00)","0.65*scale(feature_games_played,8.00,17.00)+0.35*scale(feature_total_ppr,80.00,260.00)","0.50*scale(feature_ppg_minus_cohort_expected,0.00,6.00)+0.30*scale(expected_finish_from_cohort-feature_finish,0.00,36.00)+0.20*scale(cohort_player_count,1.00,18.00)","0.20*scale(route_participation_season_avg,0.50,0.95)+0.20*scale(target_share_season_avg,0.10,0.32)+0.15*scale(air_yard_share_season_avg,0.08,0.38)+0.15*scale(routes_consistency_index,0.60,0.95)+0.15*scale(target_earning_index,0.12,0.45)+0.15*scale(opportunity_concentration_score,0.18,0.56)","0.50*scale(12.00-feature_finish,0.00,12.00)+0.25*scale(11.00-feature_games_played,0.00,11.00)+0.25*scale(0.14-feature_target_share,0.00,0.14)"
00-0036268,L.Shenault,2020,2021,WR,13.6908,58.0347,0.0000,58.3250,0.0000,0.0000,25.0000,18.0732,wr_signal_score_role_balanced_v1,"0.50*scale(feature_targets_per_game,4.00,10.00)+0.50*scale(feature_target_share,0.12,0.30)","0.55*scale(feature_ppg_per_target,0.80,2.50)+0.45*scale(feature_ppg,6.00,18.00)","0.40*scale(48.00-feature_finish,0.00,36.00)+0.60*scale(expected_ppg_baseline-feature_ppg,0.00,4.00)","0.65*scale(feature_games_played,8.00,17.00)+0.35*scale(feature_total_ppr,80.00,260.00)","0.50*scale(feature_ppg_minus_cohort_expected,0.00,6.00)+0.30*scale(expected_finish_from_cohort-feature_finish,0.00,36.00)+0.20*scale(cohort_player_count,1.00,18.00)","0.20*scale(route_participation_season_avg,0.50,0.95)+0.20*scale(target_share_season_avg,0.10,0.32)+0.15*scale(air_yard_share_season_avg,0.08,0.38)+0.15*scale(routes_consistency_index,0.60,0.95)+0.15*scale(target_earning_index,0.12,0.45)+0.15*scale(opportunity_concentration_score,0.18,0.56)","0.50*scale(12.00-feature_finish,0.00,12.00)+0.25*scale(11.00-feature_games_played,0.00,11.00)+0.25*scale(0.14-feature_target_share,0.00,0.14)"
00-0033536,M.Williams,2020,2021,WR,17.2616,51.2894,0.0000,57.6639,0.0000,0.0000,25.0000,17.8325,wr_signal_score_role_balanced_v1,"0.50*scale(feature_targets_per_game,4.00,10.00)+0.50*scale(feature_target_share,0.12,0.30)","0.55*scale(feature_ppg_per_target,0.80,2.50)+0.45*scale(feature_ppg,6.00,18.00)","0.40*scale(48.00-feature_finish,0.00,36.00)+0.60*scale(expected_ppg_baseline-feature_ppg,0.00,4.00)","0.65*scale(feature_games_played,8.00,17.00)+0.35*scale(feature_total_ppr,80.00,260.00)","0.50*scale(feature_ppg_minus_cohort_expected,0.00,6.00)+0.30*scale(expected_finish_from_cohort-feature_finish,0.00,36.00)+0.20*scale(cohort_player_count,1.00,18.00)","0.20*scale(route_participation_season_avg,0.50,0.95)+0.20*scale(target_share_season_avg,0.10,0.32)+0.15*scale(air_yard_share_season_avg,0.08,0.38)+0.15*scale(routes_consistency_index,0.60,0.95)+0.15*scale(target_earning_index,0.12,0.45)+0.15*scale(opportunity_concentration_score,0.18,0.56)","0.50*scale(12.00-feature_finish,0.00,12.00)+0.25*scale(11.00-feature_games_played,0.00,11.00)+0.25*scale(0.14-feature_target_share,0.00,0.14)"
00-0036309,D.Mooney,2020,2021,WR,17.7083,37.4790,0.0000,71.7972,0.0000,0.0000,25.0000,17.7055,wr_signal_score_role_balanced_v1,"0.50*scale(feature_targets_per_game,4.00,10.00)+0.50*scale(feature_target_share,0.12,0.30)","0.55*scale(feature_ppg_per_target,0.80,2.50)+0.45*scale(feature_ppg,6.00,18.00)","0.40*scale(48.00-feature_finish,0.00,36.00)+0.60*scale(expected_ppg_baseline-feature_ppg,0.00,4.00)","0.65*scale(feature_games_played,8.00,17.00)+0.35*scale(feature_total_ppr,80.00,260.00)","0.50*scale(feature_ppg_minus_cohort_expected,0.00,6.00)+0.30*scale(expected_finish_from_cohort-feature_finish,0.00,36.00)+0.20*scale(cohort_player_count,1.00,18.00)","0.20*scale(route_participation_season_avg,0.50,0.95)+0.20*scale(target_share_season_avg,0.10,0.32)+0.15*scale(air_yard_share_season_avg,0.08,0.38)+0.15*scale(routes_consistency_index,0.60,0.95)+0.15*scale(target_earning_index,0.12,0.45)+0.15*scale(opportunity_concentration_score,0.18,0.56)","0.50*scale(12.00-feature_finish,0.00,12.00)+0.25*scale(11.00-feature_games_played,0.00,11.00)+0.25*scale(0.14-feature_target_share,0.00,0.14)"
00-0033681,K.Cole,2020,2021,WR,12.5000,45.1719,0.0000,72.4389,0.0000,0.0000,25.0000,17.6928,wr_signal_score_role_balanced_v1,"0.50*scale(feature_targets_per_game,4.00,10.00)+0.50*scale(feature_target_share,0.12,0.30)","0.55*scale(feature_ppg_per_target,0.80,2.50)+0.45*scale(feature_ppg,6.00,18.00)","0.40*scale(48.00-feature_finish,0.00,36.00)+0.60*scale(expected_ppg_baseline-feature_ppg,0.00,4.00)","0.65*scale(feature_games_played,8.00,17.00)+0.35*scale(feature_total_ppr,80.00,260.00)","0.50*scale(feature_ppg_minus_cohort_expected,0.00,6.00)+0.30*scale(expected_finish_from_cohort-feature_finish,0.00,36.00)+0.20*scale(cohort_player_count,1.00,18.00)","0.20*scale(route_participation_season_avg,0.50,0.95)+0.20*scale(target_share_season_avg,0.10,0.32)+0.15*scale(air_yard_share_season_avg,0.08,0.38)+0.15*scale(routes_consistency_index,0.60,0.95)+0.15*scale(target_earning_index,0.12,0.45)+0.15*scale(opportunity_concentration_score,0.18,0.56)","0.50*scale(12.00-feature_finish,0.00,12.00)+0.25*scale(11.00-feature_games_played,0.00,11.00)+0.25*scale(0.14-feature_target_share,0.00,0.14)"
00-0034775,C.Kirk,2020,2021,WR,13.6908,50.7866,0.0000,56.2445,0.0000,0.0000,25.0000,16.7156,wr_signal_score_role_balanced_v1,"0.50*scale(feature_targets_per_game,4.00,10.00)+0.50*scale(feature_target_share,0.12,0.30)","0.55*scale(feature_ppg_per_target,0.80,2.50)+0.45*scale(feature_ppg,6.00,18.00)","0.40*scale(48.00-feature_finish,0.00,36.00)+0.60*scale(expected_ppg_baseline-feature_ppg,0.00,4.00)","0.65*scale(feature_games_played,8.00,17.00)+0.35*scale(feature_total_ppr,80.00,260.00)","0.50*scale(feature_ppg_minus_cohort_expected,0.00,6.00)+0.30*scale(expected_finish_from_cohort-feature_finish,0.00,36.00)+0.20*scale(cohort_player_count,1.00,18.00)","0.20*scale(route_participation_season_avg,0.50,0.95)+0.20*scale(target_share_season_avg,0.10,0.32)+0.15*scale(air_yard_share_season_avg,0.08,0.38)+0.15*scale(routes_consistency_index,0.60,0.95)+0.15*scale(target_earning_index,0.12,0.45)+0.15*scale(opportunity_concentration_score,0.18,0.56)","0.50*scale(12.00-feature_finish,0.00,12.00)+0.25*scale(11.00-feature_games_played,0.00,11.00)+0.25*scale(0.14-feature_target_share,0.00,0.14)"
00-0035535,D.Slayton,2020,2021,WR,16.6667,32.1829,0.0000,69.6389,0.0000,0.0000,25.0000,16.3805,wr_signal_score_role_balanced_v1,"0.50*scale(feature_targets_per_game,4.00,10.00)+0.50*scale(feature_target_share,0.12,0.30)","0.55*scale(feature_ppg_per_target,0.80,2.50)+0.45*scale(feature_ppg,6.00,18.00)","0.40*scale(48.00-feature_finish,0.00,36.00)+0.60*scale(expected_ppg_baseline-feature_ppg,0.00,4.00)","0.65*scale(feature_games_played,8.00,17.00)+0.35*scale(feature_total_ppr,80.00,260.00)","0.50*scale(feature_ppg_minus_cohort_expected,0.00,6.00)+0.30*scale(expected_finish_from_cohort-feature_finish,0.00,36.00)+0.20*scale(cohort_player_count,1.00,18.00)","0.20*scale(route_participation_season_avg,0.50,0.95)+0.20*scale(target_share_season_avg,0.10,0.32)+0.15*scale(air_yard_share_season_avg,0.08,0.38)+0.15*scale(routes_consistency_index,0.60,0.95)+0.15*scale(target_earning_index,0.12,0.45)+0.15*scale(opportunity_concentration_score,0.18,0.56)","0.50*scale(12.00-feature_finish,0.00,12.00)+0.25*scale(11.00-feature_games_played,0.00,11.00)+0.25*scale(0.14-feature_target_share,0.00,0.14)"
00-0033589,D.Moore,2020,2021,WR,0.0000,60.3438,0.0000,65.3222,0.0000,0.0000,25.0000,16.0435,wr_signal_score_role_balanced_v1,"0.50*scale(feature_targets_per_game,4.00,10.00)+0.50*scale(feature_target_share,0.12,0.30)","0.55*scale(feature_ppg_per_target,0.80,2.50)+0.45*scale(feature_ppg,6.00,18.00)","0.40*scale(48.00-feature_finish,0.00,36.00)+0.60*scale(expected_ppg_baseline-feature_ppg,0.00,4.00)","0.65*scale(feature_games_played,8.00,17.00)+0.35*scale(feature_total_ppr,80.00,260.00)","0.50*scale(feature_ppg_minus_cohort_expected,0.00,6.00)+0.30*scale(expected_finish_from_cohort-feature_finish,0.00,36.00)+0.20*scale(cohort_player_count,1.00,18.00)","0.20*scale(route_participation_season_avg,0.50,0.95)+0.20*scale(target_share_season_avg,0.10,0.32)+0.15*scale(air_yard_share_season_avg,0.08,0.38)+0.15*scale(routes_consistency_index,0.60,0.95)+0.15*scale(target_earning_index,0.12,0.45)+0.15*scale(opportunity_concentration_score,0.18,0.56)","0.50*scale(12.00-feature_finish,0.00,12.00)+0.25*scale(11.00-feature_games_played,0.00,11.00)+0.25*scale(0.14-feature_target_share,0.00,0.14)"
00-0036196,G.Davis,2020,2021,WR,0.0000,55.1411,0.0000,68.8417,0.0000,0.0000,25.0000,15.7206,wr_signal_score_role_balanced_v1,"0.50*scale(feature_targets_per_game,4.00,10.00)+0.50*scale(feature_target_share,0.12,0.30)","0.55*scale(feature_ppg_per_target,0.80,2.50)+0.45*scale(feature_ppg,6.00,18.00)","0.40*scale(48.00-feature_finish,0.00,36.00)+0.60*scale(expected_ppg_baseline-feature_ppg,0.00,4.00)","0.65*scale(feature_games_played,8.00,17.00)+0.35*scale(feature_total_ppr,80.00,260.00)","0.50*scale(feature_ppg_minus_cohort_expected,0.00,6.00)+0.30*scale(expected_finish_from_cohort-feature_finish,0.00,36.00)+0.20*scale(cohort_player_count,1.00,18.00)","0.20*scale(route_participation_season_avg,0.50,0.95)+0.20*scale(target_share_season_avg,0.10,0.32)+0.15*scale(air_yard_share_season_avg,0.08,0.38)+0.15*scale(routes_consistency_index,0.60,0.95)+0.15*scale(target_earning_index,0.12,0.45)+0.15*scale(opportunity_concentration_score,0.18,0.56)","0.50*scale(12.00-feature_finish,0.00,12.00)+0.25*scale(11.00-feature_games_played,0.00,11.00)+0.25*scale(0.14-feature_target_share,0.00,0.14)"
00-0034272,M.Valdes-Scantling,2020,2021,WR,4.1666,58.9031,0.0000,54.4750,0.0000,0.0000,25.0000,15.4172,wr_signal_score_role_balanced_v1,"0.50*scale(feature_targets_per_game,4.00,10.00)+0.50*scale(feature_target_share,0.12,0.30)","0.55*scale(feature_ppg_per_target,0.80,2.50)+0.45*scale(feature_ppg,6.00,18.00)","0.40*scale(48.00-feature_finish,0.00,36.00)+0.60*scale(expected_ppg_baseline-feature_ppg,0.00,4.00)","0.65*scale(feature_games_played,8.00,17.00)+0.35*scale(feature_total_ppr,80.00,260.00)","0.50*scale(feature_ppg_minus_cohort_expected,0.00,6.00)+0.30*scale(expected_finish_from_cohort-feature_finish,0.00,36.00)+0.20*scale(cohort_player_count,1.00,18.00)","0.20*scale(route_participation_season_avg,0.50,0.95)+0.20*scale(target_share_season_avg,0.10,0.32)+0.15*scale(air_yard_share_season_avg,0.08,0.38)+0.15*scale(routes_consistency_index,0.60,0.95)+0.15*scale(target_earning_index,0.12,0.45)+0.15*scale(opportunity_concentration_score,0.18,0.56)","0.50*scale(12.00-feature_finish,0.00,12.00)+0.25*scale(11.00-feature_games_played,0.00,11.00)+0.25*scale(0.14-feature_target_share,0.00,0.14)"
00-0033251,Z.Pascal,2020,2021,WR,3.6458,46.0857,0.0000,68.8417,0.0000,0.0000,25.0000,15.2373,wr_signal_score_role_balanced_v1,"0.50*scale(feature_targets_per_game,4.00,10.00)+0.50*scale(feature_target_share,0.12,0.30)","0.55*scale(feature_ppg_per_target,0.80,2.50)+0.45*scale(feature_ppg,6.00,18.00)","0.40*scale(48.00-feature_finish,0.00,36.00)+0.60*scale(expected_ppg_baseline-feature_ppg,0.00,4.00)","0.65*scale(feature_games_played,8.00,17.00)+0.35*scale(feature_total_ppr,80.00,260.00)","0.50*scale(feature_ppg_minus_cohort_expected,0.00,6.00)+0.30*scale(expected_finish_from_cohort-feature_finish,0.00,36.00)+0.20*scale(cohort_player_count,1.00,18.00)","0.20*scale(route_participation_season_avg,0.50,0.95)+0.20*scale(target_share_season_avg,0.10,0.32)+0.15*scale(air_yard_share_season_avg,0.08,0.38)+0.15*scale(routes_consistency_index,0.60,0.95)+0.15*scale(target_earning_index,0.12,0.45)+0.15*scale(opportunity_concentration_score,0.18,0.56)","0.50*scale(12.00-feature_finish,0.00,12.00)+0.25*scale(11.00-feature_games_played,0.00,11.00)+0.25*scale(0.14-feature_target_share,0.00,0.14)"
00-0033733,G.Ward,2020,2021,WR,7.8125,37.3214,0.0000,68.1028,0.0000,0.0000,25.0000,14.8266,wr_signal_score_role_balanced_v1,"0.50*scale(feature_targets_per_game,4.00,10.00)+0.50*scale(feature_target_share,0.12,0.30)","0.55*scale(feature_ppg_per_target,0.80,2.50)+0.45*scale(feature_ppg,6.00,18.00)","0.40*scale(48.00-feature_finish,0.00,36.00)+0.60*scale(expected_ppg_baseline-feature_ppg,0.00,4.00)","0.65*scale(feature_games_played,8.00,17.00)+0.35*scale(feature_total_ppr,80.00,260.00)","0.50*scale(feature_ppg_minus_cohort_expected,0.00,6.00)+0.30*scale(expected_finish_from_cohort-feature_finish,0.00,36.00)+0.20*scale(cohort_player_count,1.00,18.00)","0.20*scale(route_participation_season_avg,0.50,0.95)+0.20*scale(target_share_season_avg,0.10,0.32)+0.15*scale(air_yard_share_season_avg,0.08,0.38)+0.15*scale(routes_consistency_index,0.60,0.95)+0.15*scale(target_earning_index,0.12,0.45)+0.15*scale(opportunity_concentration_score,0.18,0.56)","0.50*scale(12.00-feature_finish,0.00,12.00)+0.25*scale(11.00-feature_games_played,0.00,11.00)+0.25*scale(0.14-feature_target_share,0.00,0.14)"
00-0035140,M.Hardman,2020,2021,WR,0.0000,49.9990,0.0000,67.5194,0.0000,0.0000,25.0000,14.7774,wr_signal_score_role_balanced_v1,"0.50*scale(feature_targets_per_game,4.00,10.00)+0.50*scale(feature_target_share,0.12,0.30)","0.55*scale(feature_ppg_per_target,0.80,2.50)+0.45*scale(feature_ppg,6.00,18.00)","0.40*scale(48.00-feature_finish,0.00,36.00)+0.60*scale(expected_ppg_baseline-feature_ppg,0.00,4.00)","0.65*scale(feature_games_played,8.00,17.00)+0.35*scale(feature_total_ppr,80.00,260.00)","0.50*scale(feature_ppg_minus_cohort_expected,0.00,6.00)+0.30*scale(expected_finish_from_cohort-feature_finish,0.00,36.00)+0.20*scale(cohort_player_count,1.00,18.00)","0.20*scale(route_participation_season_avg,0.50,0.95)+0.20*scale(target_share_season_avg,0.10,0.32)+0.15*scale(air_yard_share_season_avg,0.08,0.38)+0.15*scale(routes_consistency_index,0.60,0.95)+0.15*scale(target_earning_index,0.12,0.45)+0.15*scale(opportunity_concentration_score,0.18,0.56)","0.50*scale(12.00-feature_finish,0.00,12.00)+0.25*scale(11.00-feature_games_played,0.00,11.00)+0.25*scale(0.14-feature_target_share,0.00,0.14)"
00-0033932,K.Golladay,2020,2021,WR,20.0000,67.4934,13.3333,0.0000,0.0000,0.0000,38.6364,14.7392,wr_signal_score_role_balanced_v1,"0.50*scale(feature_targets_per_game,4.00,10.00)+0.50*scale(feature_target_share,0.12,0.30)","0.55*scale(feature_ppg_per_target,0.80,2.50)+0.45*scale(feature_ppg,6.00,18.00)","0.40*scale(48.00-feature_finish,0.00,36.00)+0.60*scale(expected_ppg_baseline-feature_ppg,0.00,4.00)","0.65*scale(feature_games_played,8.00,17.00)+0.35*scale(feature_total_ppr,80.00,260.00)","0.50*scale(feature_ppg_minus_cohort_expected,0.00,6.00)+0.30*scale(expected_finish_from_cohort-feature_finish,0.00,36.00)+0.20*scale(cohort_player_count,1.00,18.00)","0.20*scale(route_participation_season_avg,0.50,0.95)+0.20*scale(target_share_season_avg,0.10,0.32)+0.15*scale(air_yard_share_season_avg,0.08,0.38)+0.15*scale(routes_consistency_index,0.60,0.95)+0.15*scale(target_earning_index,0.12,0.45)+0.15*scale(opportunity_concentration_score,0.18,0.56)","0.50*scale(12.00-feature_finish,0.00,12.00)+0.25*scale(11.00-feature_games_played,0.00,11.00)+0.25*scale(0.14-feature_target_share,0.00,0.14)"
00-0034983,H.Renfrow,2020,2021,WR,6.7709,37.7555,0.0000,67.8111,0.0000,0.0000,25.0000,14.6038,wr_signal_score_role_balanced_v1,"0.50*scale(feature_targets_per_game,4.00,10.00)+0.50*scale(feature_target_share,0.12,0.30)","0.55*scale(feature_ppg_per_target,0.80,2.50)+0.45*scale(feature_ppg,6.00,18.00)","0.40*scale(48.00-feature_finish,0.00,36.00)+0.60*scale(expected_ppg_baseline-feature_ppg,0.00,4.00)","0.65*scale(feature_games_played,8.00,17.00)+0.35*scale(feature_total_ppr,80.00,260.00)","0.50*scale(feature_ppg_minus_cohort_expected,0.00,6.00)+0.30*scale(expected_finish_from_cohort-feature_finish,0.00,36.00)+0.20*scale(cohort_player_count,1.00,18.00)","0.20*scale(route_participation_season_avg,0.50,0.95)+0.20*scale(target_share_season_avg,0.10,0.32)+0.15*scale(air_yard_share_season_avg,0.08,0.38)+0.15*scale(routes_consistency_index,0.60,0.95)+0.15*scale(target_earning_index,0.12,0.45)+0.15*scale(opportunity_concentration_score,0.18,0.56)","0.50*scale(12.00-feature_finish,0.00,12.00)+0.25*scale(11.00-feature_games_played,0.00,11.00)+0.25*scale(0.14-feature_target_share,0.00,0.14)"
00-0033307,K.Bourne,2020,2021,WR,7.7775,40.7482,0.0000,60.2195,0.0000,0.0000,25.0000,14.3074,wr_signal_score_role_balanced_v1,"0.50*scale(feature_targets_per_game,4.00,10.00)+0.50*scale(feature_target_share,0.12,0.30)","0.55*scale(feature_ppg_per_target,0.80,2.50)+0.45*scale(feature_ppg,6.00,18.00)","0.40*scale(48.00-feature_finish,0.00,36.00)+0.60*scale(expected_ppg_baseline-feature_ppg,0.00,4.00)","0.65*scale(feature_games_played,8.00,17.00)+0.35*scale(feature_total_ppr,80.00,260.00)","0.50*scale(feature_ppg_minus_cohort_expected,0.00,6.00)+0.30*scale(expected_finish_from_cohort-feature_finish,0.00,36.00)+0.20*scale(cohort_player_count,1.00,18.00)","0.20*scale(route_participation_season_avg,0.50,0.95)+0.20*scale(target_share_season_avg,0.10,0.32)+0.15*scale(air_yard_share_season_avg,0.08,0.38)+0.15*scale(routes_consistency_index,0.60,0.95)+0.15*scale(target_earning_index,0.12,0.45)+0.15*scale(opportunity_concentration_score,0.18,0.56)","0.50*scale(12.00-feature_finish,0.00,12.00)+0.25*scale(11.00-feature_games_played,0.00,11.00)+0.25*scale(0.14-feature_target_share,0.00,0.14)"
00-0033466,I.McKenzie,2020,2021,WR,0.0000,57.3951,0.0000,54.3628,0.0000,0.0000,25.0000,14.1764,wr_signal_score_role_balanced_v1,"0.50*scale(feature_targets_per_game,4.00,10.00)+0.50*scale(feature_target_share,0.12,0.30)","0.55*scale(feature_ppg_per_target,0.80,2.50)+0.45*scale(feature_ppg,6.00,18.00)","0.40*scale(48.00-feature_finish,0.00,36.00)+0.60*scale(expected_ppg_baseline-feature_ppg,0.00,4.00)","0.65*scale(feature_games_played,8.00,17.00)+0.35*scale(feature_total_ppr,80.00,260.00)","0.50*scale(feature_ppg_minus_cohort_expected,0.00,6.00)+0.30*scale(expected_finish_from_cohort-feature_finish,0.00,36.00)+0.20*scale(cohort_player_count,1.00,18.00)","0.20*scale(route_participation_season_avg,0.50,0.95)+0.20*scale(target_share_season_avg,0.10,0.32)+0.15*scale(air_yard_share_season_avg,0.08,0.38)+0.15*scale(routes_consistency_index,0.60,0.95)+0.15*scale(target_earning_index,0.12,0.45)+0.15*scale(opportunity_concentration_score,0.18,0.56)","0.50*scale(12.00-feature_finish,0.00,12.00)+0.25*scale(11.00-feature_games_played,0.00,11.00)+0.25*scale(0.14-feature_target_share,0.00,0.14)"
00-0033943,J.Reynolds,2020,2021,WR,8.8542,31.6656,0.0000,66.7806,0.0000,0.0000,25.0000,14.0563,wr_signal_score_role_balanced_v1,"0.50*scale(feature_targets_per_game,4.00,10.00)+0.50*scale(feature_target_share,0.12,0.30)","0.55*scale(feature_ppg_per_target,0.80,2.50)+0.45*scale(feature_ppg,6.00,18.00)","0.40*scale(48.00-feature_finish,0.00,36.00)+0.60*scale(expected_ppg_baseline-feature_ppg,0.00,4.00)","0.65*scale(feature_games_played,8.00,17.00)+0.35*scale(feature_total_ppr,80.00,260.00)","0.50*scale(feature_ppg_minus_cohort_expected,0.00,6.00)+0.30*scale(expected_finish_from_cohort-feature_finish,0.00,36.00)+0.20*scale(cohort_player_count,1.00,18.00)","0.20*scale(route_participation_season_avg,0.50,0.95)+0.20*scale(target_share_season_avg,0.10,0.32)+0.15*scale(air_yard_share_season_avg,0.08,0.38)+0.15*scale(routes_consistency_index,0.60,0.95)+0.15*scale(target_earning_index,0.12,0.45)+0.15*scale(opportunity_concentration_score,0.18,0.56)","0.50*scale(12.00-feature_finish,0.00,12.00)+0.25*scale(11.00-feature_games_played,0.00,11.00)+0.25*scale(0.14-feature_target_share,0.00,0.14)"
00-0032765,M.Thomas,2020,2021,WR,32.1425,45.9172,7.7778,0.7583,0.0000,0.0000,34.0909,13.8994,wr_signal_score_role_balanced_v1,"0.50*scale(feature_targets_per_game,4.00,10.00)+0.50*scale(feature_target_share,0.12,0.30)","0.55*scale(feature_ppg_per_target,0.80,2.50)+0.45*scale(feature_ppg,6.00,18.00)","0.40*scale(48.00-feature_finish,0.00,36.00)+0.60*scale(expected_ppg_baseline-feature_ppg,0.00,4.00)","0.65*scale(feature_games_played,8.00,17.00)+0.35*scale(feature_total_ppr,80.00,260.00)","0.50*scale(feature_ppg_minus_cohort_expected,0.00,6.00)+0.30*scale(expected_finish_from_cohort-feature_finish,0.00,36.00)+0.20*scale(cohort_player_count,1.00,18.00)","0.20*scale(route_participation_season_avg,0.50,0.95)+0.20*scale(target_share_season_avg,0.10,0.32)+0.15*scale(air_yard_share_season_avg,0.08,0.38)+0.15*scale(routes_consistency_index,0.60,0.95)+0.15*scale(target_earning_index,0.12,0.45)+0.15*scale(opportunity_concentration_score,0.18,0.56)","0.50*scale(12.00-feature_finish,0.00,12.00)+0.25*scale(11.00-feature_games_played,0.00,11.00)+0.25*scale(0.14-feature_target_share,0.00,0.14)"
00-0027942,A.Green,2020,2021,WR,20.8333,12.3277,0.0000,63.8639,0.0000,0.0000,25.0000,13.6515,wr_signal_score_role_balanced_v1,"0.50*scale(feature_targets_per_game,4.00,10.00)+0.50*scale(feature_target_share,0.12,0.30)","0.55*scale(feature_ppg_per_target,0.80,2.50)+0.45*scale(feature_ppg,6.00,18.00)","0.40*scale(48.00-feature_finish,0.00,36.00)+0.60*scale(expected_ppg_baseline-feature_ppg,0.00,4.00)","0.65*scale(feature_games_played,8.00,17.00)+0.35*scale(feature_total_ppr,80.00,260.00)","0.50*scale(feature_ppg_minus_cohort_expected,0.00,6.00)+0.30*scale(expected_finish_from_cohort-feature_finish,0.00,36.00)+0.20*scale(cohort_player_count,1.00,18.00)","0.20*scale(route_participation_season_avg,0.50,0.95)+0.20*scale(target_share_season_avg,0.10,0.32)+0.15*scale(air_yard_share_season_avg,0.08,0.38)+0.15*scale(routes_consistency_index,0.60,0.95)+0.15*scale(target_earning_index,0.12,0.45)+0.15*scale(opportunity_concentration_score,0.18,0.56)","0.50*scale(12.00-feature_finish,0.00,12.00)+0.25*scale(11.00-feature_games_played,0.00,11.00)+0.25*scale(0.14-feature_target_share,0.00,0.14)"
00-0032977,R.Higgins,2020,2021,WR,2.7775,64.6200,0.0000,36.8416,0.0000,0.0000,25.0000,13.6490,wr_signal_score_role_balanced_v1,"0.50*scale(feature_targets_per_game,4.00,10.00)+0.50*scale(feature_target_share,0.12,0.30)","0.55*scale(feature_ppg_per_target,0.80,2.50)+0.45*scale(feature_ppg,6.00,18.00)","0.40*scale(48.00-feature_finish,0.00,36.00)+0.60*scale(expected_ppg_baseline-feature_ppg,0.00,4.00)","0.65*scale(feature_games_played,8.00,17.00)+0.35*scale(feature_total_ppr,80.00,260.00)","0.50*scale(feature_ppg_minus_cohort_expected,0.00,6.00)+0.30*scale(expected_finish_from_cohort-feature_finish,0.00,36.00)+0.20*scale(cohort_player_count,1.00,18.00)","0.20*scale(route_participation_season_avg,0.50,0.95)+0.20*scale(target_share_season_avg,0.10,0.32)+0.15*scale(air_yard_share_season_avg,0.08,0.38)+0.15*scale(routes_consistency_index,0.60,0.95)+0.15*scale(target_earning_index,0.12,0.45)+0.15*scale(opportunity_concentration_score,0.18,0.56)","0.50*scale(12.00-feature_finish,0.00,12.00)+0.25*scale(11.00-feature_games_played,0.00,11.00)+0.25*scale(0.14-feature_target_share,0.00,0.14)"
00-0031235,O.Beckham,2020,2021,WR,17.8575,63.4509,8.8889,1.3261,0.0000,0.0000,34.0909,13.3526,wr_signal_score_role_balanced_v1,"0.50*scale(feature_targets_per_game,4.00,10.00)+0.50*scale(feature_target_share,0.12,0.30)","0.55*scale(feature_ppg_per_target,0.80,2.50)+0.45*scale(feature_ppg,6.00,18.00)","0.40*scale(48.00-feature_finish,0.00,36.00)+0.60*scale(expected_ppg_baseline-feature_ppg,0.00,4.00)","0.65*scale(feature_games_played,8.00,17.00)+0.35*scale(feature_total_ppr,80.00,260.00)","0.50*scale(feature_ppg_minus_cohort_expected,0.00,6.00)+0.30*scale(expected_finish_from_cohort-feature_finish,0.00,36.00)+0.20*scale(cohort_player_count,1.00,18.00)","0.20*scale(route_participation_season_avg,0.50,0.95)+0.20*scale(target_share_season_avg,0.10,0.32)+0.15*scale(air_yard_share_season_avg,0.08,0.38)+0.15*scale(routes_consistency_index,0.60,0.95)+0.15*scale(target_earning_index,0.12,0.45)+0.15*scale(opportunity_concentration_score,0.18,0.56)","0.50*scale(12.00-feature_finish,0.00,12.00)+0.25*scale(11.00-feature_games_played,0.00,11.00)+0.25*scale(0.14-feature_target_share,0.00,0.14)"
00-0036110,J.Bradley,2020,2021,WR,50.0000,25.2206,0.0000,0.0000,0.0000,0.0000,47.7273,12.9195,wr_signal_score_role_balanced_v1,"0.50*scale(feature_targets_per_game,4.00,10.00)+0.50*scale(feature_target_share,0.12,0.30)","0.55*scale(feature_ppg_per_target,0.80,2.50)+0.45*scale(feature_ppg,6.00,18.00)","0.40*scale(48.00-feature_finish,0.00,36.00)+0.60*scale(expected_ppg_baseline-feature_ppg,0.00,4.00)","0.65*scale(feature_games_played,8.00,17.00)+0.35*scale(feature_total_ppr,80.00,260.00)","0.50*scale(feature_ppg_minus_cohort_expected,0.00,6.00)+0.30*scale(expected_finish_from_cohort-feature_finish,0.00,36.00)+0.20*scale(cohort_player_count,1.00,18.00)","0.20*scale(route_participation_season_avg,0.50,0.95)+0.20*scale(target_share_season_avg,0.10,0.32)+0.15*scale(air_yard_share_season_avg,0.08,0.38)+0.15*scale(routes_consistency_index,0.60,0.95)+0.15*scale(target_earning_index,0.12,0.45)+0.15*scale(opportunity_concentration_score,0.18,0.56)","0.50*scale(12.00-feature_finish,0.00,12.00)+0.25*scale(11.00-feature_games_played,0.00,11.00)+0.25*scale(0.14-feature_target_share,0.00,0.14)"
00-0035592,T.Fulgham,2020,2021,WR,13.1942,43.8023,0.0000,35.8694,0.0000,0.0000,25.0000,12.9000,wr_signal_score_role_balanced_v1,"0.50*scale(feature_targets_per_game,4.00,10.00)+0.50*scale(feature_target_share,0.12,0.30)","0.55*scale(feature_ppg_per_target,0.80,2.50)+0.45*scale(feature_ppg,6.00,18.00)","0.40*scale(48.00-feature_finish,0.00,36.00)+0.60*scale(expected_ppg_baseline-feature_ppg,0.00,4.00)","0.65*scale(feature_games_played,8.00,17.00)+0.35*scale(feature_total_ppr,80.00,260.00)","0.50*scale(feature_ppg_minus_cohort_expected,0.00,6.00)+0.30*scale(expected_finish_from_cohort-feature_finish,0.00,36.00)+0.20*scale(cohort_player_count,1.00,18.00)","0.20*scale(route_participation_season_avg,0.50,0.95)+0.20*scale(target_share_season_avg,0.10,0.32)+0.15*scale(air_yard_share_season_avg,0.08,0.38)+0.15*scale(routes_consistency_index,0.60,0.95)+0.15*scale(target_earning_index,0.12,0.45)+0.15*scale(opportunity_concentration_score,0.18,0.56)","0.50*scale(12.00-feature_finish,0.00,12.00)+0.25*scale(11.00-feature_games_played,0.00,11.00)+0.25*scale(0.14-feature_target_share,0.00,0.14)"
00-0031868,D.Byrd,2020,2021,WR,12.5000,30.6716,0.0000,50.1195,0.0000,0.0000,25.0000,12.6163,wr_signal_score_role_balanced_v1,"0.50*scale(feature_targets_per_game,4.00,10.00)+0.50*scale(feature_target_share,0.12,0.30)","0.55*scale(feature_ppg_per_target,0.80,2.50)+0.45*scale(feature_ppg,6.00,18.00)","0.40*scale(48.00-feature_finish,0.00,36.00)+0.60*scale(expected_ppg_baseline-feature_ppg,0.00,4.00)","0.65*scale(feature_games_played,8.00,17.00)+0.35*scale(feature_total_ppr,80.00,260.00)","0.50*scale(feature_ppg_minus_cohort_expected,0.00,6.00)+0.30*scale(expected_finish_from_cohort-feature_finish,0.00,36.00)+0.20*scale(cohort_player_count,1.00,18.00)","0.20*scale(route_participation_season_avg,0.50,0.95)+0.20*scale(target_share_season_avg,0.10,0.32)+0.15*scale(air_yard_share_season_avg,0.08,0.38)+0.15*scale(routes_consistency_index,0.60,0.95)+0.15*scale(target_earning_index,0.12,0.45)+0.15*scale(opportunity_concentration_score,0.18,0.56)","0.50*scale(12.00-feature_finish,0.00,12.00)+0.25*scale(11.00-feature_games_played,0.00,11.00)+0.25*scale(0.14-feature_target_share,0.00,0.14)"
00-0034353,A.Miller,2020,2021,WR,6.2500,23.3673,0.0000,63.3583,0.0000,0.0000,25.0000,11.7417,wr_signal_score_role_balanced_v1,"0.50*scale(feature_targets_per_game,4.00,10.00)+0.50*scale(feature_target_share,0.12,0.30)","0.55*scale(feature_ppg_per_target,0.80,2.50)+0.45*scale(feature_ppg,6.00,18.00)","0.40*scale(48.00-feature_finish,0.00,36.00)+0.60*scale(expected_ppg_baseline-feature_ppg,0.00,4.00)","0.65*scale(feature_games_played,8.00,17.00)+0.35*scale(feature_total_ppr,80.00,260.00)","0.50*scale(feature_ppg_minus_cohort_expected,0.00,6.00)+0.30*scale(expected_finish_from_cohort-feature_finish,0.00,36.00)+0.20*scale(cohort_player_count,1.00,18.00)","0.20*scale(route_participation_season_avg,0.50,0.95)+0.20*scale(target_share_season_avg,0.10,0.32)+0.15*scale(air_yard_share_season_avg,0.08,0.38)+0.15*scale(routes_consistency_index,0.60,0.95)+0.15*scale(target_earning_index,0.12,0.45)+0.15*scale(opportunity_concentration_score,0.18,0.56)","0.50*scale(12.00-feature_finish,0.00,12.00)+0.25*scale(11.00-feature_games_played,0.00,11.00)+0.25*scale(0.14-feature_target_share,0.00,0.14)"
00-0032775,D.Robinson,2020,2021,WR,0.0000,37.5210,0.0000,55.9222,0.0000,0.0000,25.0000,11.3980,wr_signal_score_role_balanced_v1,"0.50*scale(feature_targets_per_game,4.00,10.00)+0.50*scale(feature_target_share,0.12,0.30)","0.55*scale(feature_ppg_per_target,0.80,2.50)+0.45*scale(feature_ppg,6.00,18.00)","0.40*scale(48.00-feature_finish,0.00,36.00)+0.60*scale(expected_ppg_baseline-feature_ppg,0.00,4.00)","0.65*scale(feature_games_played,8.00,17.00)+0.35*scale(feature_total_ppr,80.00,260.00)","0.50*scale(feature_ppg_minus_cohort_expected,0.00,6.00)+0.30*scale(expected_finish_from_cohort-feature_finish,0.00,36.00)+0.20*scale(cohort_player_count,1.00,18.00)","0.20*scale(route_participation_season_avg,0.50,0.95)+0.20*scale(target_share_season_avg,0.10,0.32)+0.15*scale(air_yard_share_season_avg,0.08,0.38)+0.15*scale(routes_consistency_index,0.60,0.95)+0.15*scale(target_earning_index,0.12,0.45)+0.15*scale(opportunity_concentration_score,0.18,0.56)","0.50*scale(12.00-feature_finish,0.00,12.00)+0.25*scale(11.00-feature_games_played,0.00,11.00)+0.25*scale(0.14-feature_target_share,0.00,0.14)"
00-0034676,J.Washington,2020,2021,WR,0.0000,32.1786,0.0000,61.5111,0.0000,0.0000,25.0000,11.3232,wr_signal_score_role_balanced_v1,"0.50*scale(feature_targets_per_game,4.00,10.00)+0.50*scale(feature_target_share,0.12,0.30)","0.55*scale(feature_ppg_per_target,0.80,2.50)+0.45*scale(feature_ppg,6.00,18.00)","0.40*scale(48.00-feature_finish,0.00,36.00)+0.60*scale(expected_ppg_baseline-feature_ppg,0.00,4.00)","0.65*scale(feature_games_played,8.00,17.00)+0.35*scale(feature_total_ppr,80.00,260.00)","0.50*scale(feature_ppg_minus_cohort_expected,0.00,6.00)+0.30*scale(expected_finish_from_cohort-feature_finish,0.00,36.00)+0.20*scale(cohort_player_count,1.00,18.00)","0.20*scale(route_participation_season_avg,0.50,0.95)+0.20*scale(target_share_season_avg,0.10,0.32)+0.15*scale(air_yard_share_season_avg,0.08,0.38)+0.15*scale(routes_consistency_index,0.60,0.95)+0.15*scale(target_earning_index,0.12,0.45)+0.15*scale(opportunity_concentration_score,0.18,0.56)","0.50*scale(12.00-feature_finish,0.00,12.00)+0.25*scale(11.00-feature_games_played,0.00,11.00)+0.25*scale(0.14-feature_target_share,0.00,0.14)"
00-0035414,J.Guyton,2020,2021,WR,0.0000,31.4929,0.0000,61.1028,0.0000,0.0000,25.0000,11.1673,wr_signal_score_role_balanced_v1,"0.50*scale(feature_targets_per_game,4.00,10.00)+0.50*scale(feature_target_share,0.12,0.30)","0.55*scale(feature_ppg_per_target,0.80,2.50)+0.45*scale(feature_ppg,6.00,18.00)","0.40*scale(48.00-feature_finish,0.00,36.00)+0.60*scale(expected_ppg_baseline-feature_ppg,0.00,4.00)","0.65*scale(feature_games_played,8.00,17.00)+0.35*scale(feature_total_ppr,80.00,260.00)","0.50*scale(feature_ppg_minus_cohort_expected,0.00,6.00)+0.30*scale(expected_finish_from_cohort-feature_finish,0.00,36.00)+0.20*scale(cohort_player_count,1.00,18.00)","0.20*scale(route_participation_season_avg,0.50,0.95)+0.20*scale(target_share_season_avg,0.10,0.32)+0.15*scale(air_yard_share_season_avg,0.08,0.38)+0.15*scale(routes_consistency_index,0.60,0.95)+0.15*scale(target_earning_index,0.12,0.45)+0.15*scale(opportunity_concentration_score,0.18,0.56)","0.50*scale(12.00-feature_finish,0.00,12.00)+0.25*scale(11.00-feature_games_played,0.00,11.00)+0.25*scale(0.14-feature_target_share,0.00,0.14)"
00-0026035,D.Amendola,2020,2021,WR,7.7383,30.0065,0.0000,48.4667,0.0000,0.0000,25.0000,11.1588,wr_signal_score_role_balanced_v1,"0.50*scale(feature_targets_per_game,4.00,10.00)+0.50*scale(feature_target_share,0.12,0.30)","0.55*scale(feature_ppg_per_target,0.80,2.50)+0.45*scale(feature_ppg,6.00,18.00)","0.40*scale(48.00-feature_finish,0.00,36.00)+0.60*scale(expected_ppg_baseline-feature_ppg,0.00,4.00)","0.65*scale(feature_games_played,8.00,17.00)+0.35*scale(feature_total_ppr,80.00,260.00)","0.50*scale(feature_ppg_minus_cohort_expected,0.00,6.00)+0.30*scale(expected_finish_from_cohort-feature_finish,0.00,36.00)+0.20*scale(cohort_player_count,1.00,18.00)","0.20*scale(route_participation_season_avg,0.50,0.95)+0.20*scale(target_share_season_avg,0.10,0.32)+0.15*scale(air_yard_share_season_avg,0.08,0.38)+0.15*scale(routes_consistency_index,0.60,0.95)+0.15*scale(target_earning_index,0.12,0.45)+0.15*scale(opportunity_concentration_score,0.18,0.56)","0.50*scale(12.00-feature_finish,0.00,12.00)+0.25*scale(11.00-feature_games_played,0.00,11.00)+0.25*scale(0.14-feature_target_share,0.00,0.14)"
00-0034765,T.Smith,2020,2021,WR,0.0000,48.0691,0.0000,40.6028,0.0000,0.0000,25.0000,10.9887,wr_signal_score_role_balanced_v1,"0.50*scale(feature_targets_per_game,4.00,10.00)+0.50*scale(feature_target_share,0.12,0.30)","0.55*scale(feature_ppg_per_target,0.80,2.50)+0.45*scale(feature_ppg,6.00,18.00)","0.40*scale(48.00-feature_finish,0.00,36.00)+0.60*scale(expected_ppg_baseline-feature_ppg,0.00,4.00)","0.65*scale(feature_games_played,8.00,17.00)+0.35*scale(feature_total_ppr,80.00,260.00)","0.50*scale(feature_ppg_minus_cohort_expected,0.00,6.00)+0.30*scale(expected_finish_from_cohort-feature_finish,0.00,36.00)+0.20*scale(cohort_player_count,1.00,18.00)","0.20*scale(route_participation_season_avg,0.50,0.95)+0.20*scale(target_share_season_avg,0.10,0.32)+0.15*scale(air_yard_share_season_avg,0.08,0.38)+0.15*scale(routes_consistency_index,0.60,0.95)+0.15*scale(target_earning_index,0.12,0.45)+0.15*scale(opportunity_concentration_score,0.18,0.56)","0.50*scale(12.00-feature_finish,0.00,12.00)+0.25*scale(11.00-feature_games_played,0.00,11.00)+0.25*scale(0.14-feature_target_share,0.00,0.14)"
00-0031051,J.Brown,2020,2021,WR,14.8150,52.1772,0.0000,10.4889,0.0000,0.0000,29.5454,10.9730,wr_signal_score_role_balanced_v1,"0.50*scale(feature_targets_per_game,4.00,10.00)+0.50*scale(feature_target_share,0.12,0.30)","0.55*scale(feature_ppg_per_target,0.80,2.50)+0.45*scale(feature_ppg,6.00,18.00)","0.40*scale(48.00-feature_finish,0.00,36.00)+0.60*scale(expected_ppg_baseline-feature_ppg,0.00,4.00)","0.65*scale(feature_games_played,8.00,17.00)+0.35*scale(feature_total_ppr,80.00,260.00)","0.50*scale(feature_ppg_minus_cohort_expected,0.00,6.00)+0.30*scale(expected_finish_from_cohort-feature_finish,0.00,36.00)+0.20*scale(cohort_player_count,1.00,18.00)","0.20*scale(route_participation_season_avg,0.50,0.95)+0.20*scale(target_share_season_avg,0.10,0.32)+0.15*scale(air_yard_share_season_avg,0.08,0.38)+0.15*scale(routes_consistency_index,0.60,0.95)+0.15*scale(target_earning_index,0.12,0.45)+0.15*scale(opportunity_concentration_score,0.18,0.56)","0.50*scale(12.00-feature_finish,0.00,12.00)+0.25*scale(11.00-feature_games_played,0.00,11.00)+0.25*scale(0.14-feature_target_share,0.00,0.14)"
00-0035298,S.Miller,2020,2021,WR,0.0000,41.6425,0.0000,47.7084,0.0000,0.0000,25.0000,10.9485,wr_signal_score_role_balanced_v1,"0.50*scale(feature_targets_per_game,4.00,10.00)+0.50*scale(feature_target_share,0.12,0.30)","0.55*scale(feature_ppg_per_target,0.80,2.50)+0.45*scale(feature_ppg,6.00,18.00)","0.40*scale(48.00-feature_finish,0.00,36.00)+0.60*scale(expected_ppg_baseline-feature_ppg,0.00,4.00)","0.65*scale(feature_games_played,8.00,17.00)+0.35*scale(feature_total_ppr,80.00,260.00)","0.50*scale(feature_ppg_minus_cohort_expected,0.00,6.00)+0.30*scale(expected_finish_from_cohort-feature_finish,0.00,36.00)+0.20*scale(cohort_player_count,1.00,18.00)","0.20*scale(route_participation_season_avg,0.50,0.95)+0.20*scale(target_share_season_avg,0.10,0.32)+0.15*scale(air_yard_share_season_avg,0.08,0.38)+0.15*scale(routes_consistency_index,0.60,0.95)+0.15*scale(target_earning_index,0.12,0.45)+0.15*scale(opportunity_concentration_score,0.18,0.56)","0.50*scale(12.00-feature_finish,0.00,12.00)+0.25*scale(11.00-feature_games_played,0.00,11.00)+0.25*scale(0.14-feature_target_share,0.00,0.14)"
00-0035719,D.Samuel,2020,2021,WR,19.0475,54.1883,1.1111,0.1361,0.0000,0.0000,34.0909,10.8497,wr_signal_score_role_balanced_v1,"0.50*scale(feature_targets_per_game,4.00,10.00)+0.50*scale(feature_target_share,0.12,0.30)","0.55*scale(feature_ppg_per_target,0.80,2.50)+0.45*scale(feature_ppg,6.00,18.00)","0.40*scale(48.00-feature_finish,0.00,36.00)+0.60*scale(expected_ppg_baseline-feature_ppg,0.00,4.00)","0.65*scale(feature_games_played,8.00,17.00)+0.35*scale(feature_total_ppr,80.00,260.00)","0.50*scale(feature_ppg_minus_cohort_expected,0.00,6.00)+0.30*scale(expected_finish_from_cohort-feature_finish,0.00,36.00)+0.20*scale(cohort_player_count,1.00,18.00)","0.20*scale(route_participation_season_avg,0.50,0.95)+0.20*scale(target_share_season_avg,0.10,0.32)+0.15*scale(air_yard_share_season_avg,0.08,0.38)+0.15*scale(routes_consistency_index,0.60,0.95)+0.15*scale(target_earning_index,0.12,0.45)+0.15*scale(opportunity_concentration_score,0.18,0.56)","0.50*scale(12.00-feature_finish,0.00,12.00)+0.25*scale(11.00-feature_games_played,0.00,11.00)+0.25*scale(0.14-feature_target_share,0.00,0.14)"
00-0028002,R.Cobb,2020,2021,WR,6.6666,56.6245,0.0000,18.3528,0.0000,0.0000,27.2727,10.8432,wr_signal_score_role_balanced_v1,"0.50*scale(feature_targets_per_game,4.00,10.00)+0.50*scale(feature_target_share,0.12,0.30)","0.55*scale(feature_ppg_per_target,0.80,2.50)+0.45*scale(feature_ppg,6.00,18.00)","0.40*scale(48.00-feature_finish,0.00,36.00)+0.60*scale(expected_ppg_baseline-feature_ppg,0.00,4.00)","0.65*scale(feature_games_played,8.00,17.00)+0.35*scale(feature_total_ppr,80.00,260.00)","0.50*scale(feature_ppg_minus_cohort_expected,0.00,6.00)+0.30*scale(expected_finish_from_cohort-feature_finish,0.00,36.00)+0.20*scale(cohort_player_count,1.00,18.00)","0.20*scale(route_participation_season_avg,0.50,0.95)+0.20*scale(target_share_season_avg,0.10,0.32)+0.15*scale(air_yard_share_season_avg,0.08,0.38)+0.15*scale(routes_consistency_index,0.60,0.95)+0.15*scale(target_earning_index,0.12,0.45)+0.15*scale(opportunity_concentration_score,0.18,0.56)","0.50*scale(12.00-feature_finish,0.00,12.00)+0.25*scale(11.00-feature_games_played,0.00,11.00)+0.25*scale(0.14-feature_target_share,0.00,0.14)"
00-0022921,L.Fitzgerald,2020,2021,WR,12.8209,26.0620,0.0000,40.1750,0.0000,0.0000,25.0000,10.7091,wr_signal_score_role_balanced_v1,"0.50*scale(feature_targets_per_game,4.00,10.00)+0.50*scale(feature_target_share,0.12,0.30)","0.55*scale(feature_ppg_per_target,0.80,2.50)+0.45*scale(feature_ppg,6.00,18.00)","0.40*scale(48.00-feature_finish,0.00,36.00)+0.60*scale(expected_ppg_baseline-feature_ppg,0.00,4.00)","0.65*scale(feature_games_played,8.00,17.00)+0.35*scale(feature_total_ppr,80.00,260.00)","0.50*scale(feature_ppg_minus_cohort_expected,0.00,6.00)+0.30*scale(expected_finish_from_cohort-feature_finish,0.00,36.00)+0.20*scale(cohort_player_count,1.00,18.00)","0.20*scale(route_participation_season_avg,0.50,0.95)+0.20*scale(target_share_season_avg,0.10,0.32)+0.15*scale(air_yard_share_season_avg,0.08,0.38)+0.15*scale(routes_consistency_index,0.60,0.95)+0.15*scale(target_earning_index,0.12,0.45)+0.15*scale(opportunity_concentration_score,0.18,0.56)","0.50*scale(12.00-feature_finish,0.00,12.00)+0.25*scale(11.00-feature_games_played,0.00,11.00)+0.25*scale(0.14-feature_target_share,0.00,0.14)"
00-0034521,A.Lazard,2020,2021,WR,5.0000,57.0778,0.0000,17.9055,0.0000,0.0000,27.2727,10.4530,wr_signal_score_role_balanced_v1,"0.50*scale(feature_targets_per_game,4.00,10.00)+0.50*scale(feature_target_share,0.12,0.30)","0.55*scale(feature_ppg_per_target,0.80,2.50)+0.45*scale(feature_ppg,6.00,18.00)","0.40*scale(48.00-feature_finish,0.00,36.00)+0.60*scale(expected_ppg_baseline-feature_ppg,0.00,4.00)","0.65*scale(feature_games_played,8.00,17.00)+0.35*scale(feature_total_ppr,80.00,260.00)","0.50*scale(feature_ppg_minus_cohort_expected,0.00,6.00)+0.30*scale(expected_finish_from_cohort-feature_finish,0.00,36.00)+0.20*scale(cohort_player_count,1.00,18.00)","0.20*scale(route_participation_season_avg,0.50,0.95)+0.20*scale(target_share_season_avg,0.10,0.32)+0.15*scale(air_yard_share_season_avg,0.08,0.38)+0.15*scale(routes_consistency_index,0.60,0.95)+0.15*scale(target_earning_index,0.12,0.45)+0.15*scale(opportunity_concentration_score,0.18,0.56)","0.50*scale(12.00-feature_finish,0.00,12.00)+0.25*scale(11.00-feature_games_played,0.00,11.00)+0.25*scale(0.14-feature_target_share,0.00,0.14)"
00-0035457,T.Johnson,2020,2021,WR,0.0000,59.6024,0.0000,21.6666,0.0000,0.0000,25.0000,10.2570,wr_signal_score_role_balanced_v1,"0.50*scale(feature_targets_per_game,4.00,10.00)+0.50*scale(feature_target_share,0.12,0.30)","0.55*scale(feature_ppg_per_target,0.80,2.50)+0.45*scale(feature_ppg,6.00,18.00)","0.40*scale(48.00-feature_finish,0.00,36.00)+0.60*scale(expected_ppg_baseline-feature_ppg,0.00,4.00)","0.65*scale(feature_games_played,8.00,17.00)+0.35*scale(feature_total_ppr,80.00,260.00)","0.50*scale(feature_ppg_minus_cohort_expected,0.00,6.00)+0.30*scale(expected_finish_from_cohort-feature_finish,0.00,36.00)+0.20*scale(cohort_player_count,1.00,18.00)","0.20*scale(route_participation_season_avg,0.50,0.95)+0.20*scale(target_share_season_avg,0.10,0.32)+0.15*scale(air_yard_share_season_avg,0.08,0.38)+0.15*scale(routes_consistency_index,0.60,0.95)+0.15*scale(target_earning_index,0.12,0.45)+0.15*scale(opportunity_concentration_score,0.18,0.56)","0.50*scale(12.00-feature_finish,0.00,12.00)+0.25*scale(11.00-feature_games_played,0.00,11.00)+0.25*scale(0.14-feature_target_share,0.00,0.14)"
00-0036331,D.Duvernay,2020,2021,WR,0.0000,40.1938,0.0000,43.3334,0.0000,0.0000,25.0000,10.1624,wr_signal_score_role_balanced_v1,"0.50*scale(feature_targets_per_game,4.00,10.00)+0.50*scale(feature_target_share,0.12,0.30)","0.55*scale(feature_ppg_per_target,0.80,2.50)+0.45*scale(feature_ppg,6.00,18.00)","0.40*scale(48.00-feature_finish,0.00,36.00)+0.60*scale(expected_ppg_baseline-feature_ppg,0.00,4.00)","0.65*scale(feature_games_played,8.00,17.00)+0.35*scale(feature_total_ppr,80.00,260.00)","0.50*scale(feature_ppg_minus_cohort_expected,0.00,6.00)+0.30*scale(expected_finish_from_cohort-feature_finish,0.00,36.00)+0.20*scale(cohort_player_count,1.00,18.00)","0.20*scale(route_participation_season_avg,0.50,0.95)+0.20*scale(target_share_season_avg,0.10,0.32)+0.15*scale(air_yard_share_season_avg,0.08,0.38)+0.15*scale(routes_consistency_index,0.60,0.95)+0.15*scale(target_earning_index,0.12,0.45)+0.15*scale(opportunity_concentration_score,0.18,0.56)","0.50*scale(12.00-feature_finish,0.00,12.00)+0.25*scale(11.00-feature_games_played,0.00,11.00)+0.25*scale(0.14-feature_target_share,0.00,0.14)"
00-0032054,B.Perriman,2020,2021,WR,8.3333,36.0225,0.0000,32.6027,0.0000,0.0000,25.0000,10.1417,wr_signal_score_role_balanced_v1,"0.50*scale(feature_targets_per_game,4.00,10.00)+0.50*scale(feature_target_share,0.12,0.30)","0.55*scale(feature_ppg_per_target,0.80,2.50)+0.45*scale(feature_ppg,6.00,18.00)","0.40*scale(48.00-feature_finish,0.00,36.00)+0.60*scale(expected_ppg_baseline-feature_ppg,0.00,4.00)","0.65*scale(feature_games_played,8.00,17.00)+0.35*scale(feature_total_ppr,80.00,260.00)","0.50*scale(feature_ppg_minus_cohort_expected,0.00,6.00)+0.30*scale(expected_finish_from_cohort-feature_finish,0.00,36.00)+0.20*scale(cohort_player_count,1.00,18.00)","0.20*scale(route_participation_season_avg,0.50,0.95)+0.20*scale(target_share_season_avg,0.10,0.32)+0.15*scale(air_yard_share_season_avg,0.08,0.38)+0.15*scale(routes_consistency_index,0.60,0.95)+0.15*scale(target_earning_index,0.12,0.45)+0.15*scale(opportunity_concentration_score,0.18,0.56)","0.50*scale(12.00-feature_finish,0.00,12.00)+0.25*scale(11.00-feature_games_played,0.00,11.00)+0.25*scale(0.14-feature_target_share,0.00,0.14)"
00-0034366,K.Coutee,2020,2021,WR,8.3333,65.3217,0.0000,1.7500,0.0000,0.0000,31.8182,10.1167,wr_signal_score_role_balanced_v1,"0.50*scale(feature_targets_per_game,4.00,10.00)+0.50*scale(feature_target_share,0.12,0.30)","0.55*scale(feature_ppg_per_target,0.80,2.50)+0.45*scale(feature_ppg,6.00,18.00)","0.40*scale(48.00-feature_finish,0.00,36.00)+0.60*scale(expected_ppg_baseline-feature_ppg,0.00,4.00)","0.65*scale(feature_games_played,8.00,17.00)+0.35*scale(feature_total_ppr,80.00,260.00)","0.50*scale(feature_ppg_minus_cohort_expected,0.00,6.00)+0.30*scale(expected_finish_from_cohort-feature_finish,0.00,36.00)+0.20*scale(cohort_player_count,1.00,18.00)","0.20*scale(route_participation_season_avg,0.50,0.95)+0.20*scale(target_share_season_avg,0.10,0.32)+0.15*scale(air_yard_share_season_avg,0.08,0.38)+0.15*scale(routes_consistency_index,0.60,0.95)+0.15*scale(target_earning_index,0.12,0.45)+0.15*scale(opportunity_concentration_score,0.18,0.56)","0.50*scale(12.00-feature_finish,0.00,12.00)+0.25*scale(11.00-feature_games_played,0.00,11.00)+0.25*scale(0.14-feature_target_share,0.00,0.14)"
00-0036252,M.Pittman,2020,2021,WR,5.7691,32.6008,0.0000,39.7861,0.0000,0.0000,25.0000,9.9469,wr_signal_score_role_balanced_v1,"0.50*scale(feature_targets_per_game,4.00,10.00)+0.50*scale(feature_target_share,0.12,0.30)","0.55*scale(feature_ppg_per_target,0.80,2.50)+0.45*scale(feature_ppg,6.00,18.00)","0.40*scale(48.00-feature_finish,0.00,36.00)+0.60*scale(expected_ppg_baseline-feature_ppg,0.00,4.00)","0.65*scale(feature_games_played,8.00,17.00)+0.35*scale(feature_total_ppr,80.00,260.00)","0.50*scale(feature_ppg_minus_cohort_expected,0.00,6.00)+0.30*scale(expected_finish_from_cohort-feature_finish,0.00,36.00)+0.20*scale(cohort_player_count,1.00,18.00)","0.20*scale(route_participation_season_avg,0.50,0.95)+0.20*scale(target_share_season_avg,0.10,0.32)+0.15*scale(air_yard_share_season_avg,0.08,0.38)+0.15*scale(routes_consistency_index,0.60,0.95)+0.15*scale(target_earning_index,0.12,0.45)+0.15*scale(opportunity_concentration_score,0.18,0.56)","0.50*scale(12.00-feature_finish,0.00,12.00)+0.25*scale(11.00-feature_games_played,0.00,11.00)+0.25*scale(0.14-feature_target_share,0.00,0.14)"
00-0030663,W.Snead,2020,2021,WR,0.0000,42.2837,0.0000,38.8723,0.0000,0.0000,25.0000,9.8960,wr_signal_score_role_balanced_v1,"0.50*scale(feature_targets_per_game,4.00,10.00)+0.50*scale(feature_target_share,0.12,0.30)","0.55*scale(feature_ppg_per_target,0.80,2.50)+0.45*scale(feature_ppg,6.00,18.00)","0.40*scale(48.00-feature_finish,0.00,36.00)+0.60*scale(expected_ppg_baseline-feature_ppg,0.00,4.00)","0.65*scale(feature_games_played,8.00,17.00)+0.35*scale(feature_total_ppr,80.00,260.00)","0.50*scale(feature_ppg_minus_cohort_expected,0.00,6.00)+0.30*scale(expected_finish_from_cohort-feature_finish,0.00,36.00)+0.20*scale(cohort_player_count,1.00,18.00)","0.20*scale(route_participation_season_avg,0.50,0.95)+0.20*scale(target_share_season_avg,0.10,0.32)+0.15*scale(air_yard_share_season_avg,0.08,0.38)+0.15*scale(routes_consistency_index,0.60,0.95)+0.15*scale(target_earning_index,0.12,0.45)+0.15*scale(opportunity_concentration_score,0.18,0.56)","0.50*scale(12.00-feature_finish,0.00,12.00)+0.25*scale(11.00-feature_games_played,0.00,11.00)+0.25*scale(0.14-feature_target_share,0.00,0.14)"
00-0032128,C.Conley,2020,2021,WR,4.1666,27.4911,0.0000,46.6584,0.0000,0.0000,25.0000,9.6892,wr_signal_score_role_balanced_v1,"0.50*scale(feature_targets_per_game,4.00,10.00)+0.50*scale(feature_target_share,0.12,0.30)","0.55*scale(feature_ppg_per_target,0.80,2.50)+0.45*scale(feature_ppg,6.00,18.00)","0.40*scale(48.00-feature_finish,0.00,36.00)+0.60*scale(expected_ppg_baseline-feature_ppg,0.00,4.00)","0.65*scale(feature_games_played,8.00,17.00)+0.35*scale(feature_total_ppr,80.00,260.00)","0.50*scale(feature_ppg_minus_cohort_expected,0.00,6.00)+0.30*scale(expected_finish_from_cohort-feature_finish,0.00,36.00)+0.20*scale(cohort_player_count,1.00,18.00)","0.20*scale(route_participation_season_avg,0.50,0.95)+0.20*scale(target_share_season_avg,0.10,0.32)+0.15*scale(air_yard_share_season_avg,0.08,0.38)+0.15*scale(routes_consistency_index,0.60,0.95)+0.15*scale(target_earning_index,0.12,0.45)+0.15*scale(opportunity_concentration_score,0.18,0.56)","0.50*scale(12.00-feature_finish,0.00,12.00)+0.25*scale(11.00-feature_games_played,0.00,11.00)+0.25*scale(0.14-feature_target_share,0.00,0.14)"
00-0034419,B.Berrios,2020,2021,WR,1.9233,36.9198,0.0000,39.4750,0.0000,0.0000,25.0000,9.6313,wr_signal_score_role_balanced_v1,"0.50*scale(feature_targets_per_game,4.00,10.00)+0.50*scale(feature_target_share,0.12,0.30)","0.55*scale(feature_ppg_per_target,0.80,2.50)+0.45*scale(feature_ppg,6.00,18.00)","0.40*scale(48.00-feature_finish,0.00,36.00)+0.60*scale(expected_ppg_baseline-feature_ppg,0.00,4.00)","0.65*scale(feature_games_played,8.00,17.00)+0.35*scale(feature_total_ppr,80.00,260.00)","0.50*scale(feature_ppg_minus_cohort_expected,0.00,6.00)+0.30*scale(expected_finish_from_cohort-feature_finish,0.00,36.00)+0.20*scale(cohort_player_count,1.00,18.00)","0.20*scale(route_participation_season_avg,0.50,0.95)+0.20*scale(target_share_season_avg,0.10,0.32)+0.15*scale(air_yard_share_season_avg,0.08,0.38)+0.15*scale(routes_consistency_index,0.60,0.95)+0.15*scale(target_earning_index,0.12,0.45)+0.15*scale(opportunity_concentration_score,0.18,0.56)","0.50*scale(12.00-feature_finish,0.00,12.00)+0.25*scale(11.00-feature_games_played,0.00,11.00)+0.25*scale(0.14-feature_target_share,0.00,0.14)"
00-0035703,M.Boykin,2020,2021,WR,0.0000,42.3519,0.0000,36.1111,0.0000,0.0000,25.0000,9.5472,wr_signal_score_role_balanced_v1,"0.50*scale(feature_targets_per_game,4.00,10.00)+0.50*scale(feature_target_share,0.12,0.30)","0.55*scale(feature_ppg_per_target,0.80,2.50)+0.45*scale(feature_ppg,6.00,18.00)","0.40*scale(48.00-feature_finish,0.00,36.00)+0.60*scale(expected_ppg_baseline-feature_ppg,0.00,4.00)","0.65*scale(feature_games_played,8.00,17.00)+0.35*scale(feature_total_ppr,80.00,260.00)","0.50*scale(feature_ppg_minus_cohort_expected,0.00,6.00)+0.30*scale(expected_finish_from_cohort-feature_finish,0.00,36.00)+0.20*scale(cohort_player_count,1.00,18.00)","0.20*scale(route_participation_season_avg,0.50,0.95)+0.20*scale(target_share_season_avg,0.10,0.32)+0.15*scale(air_yard_share_season_avg,0.08,0.38)+0.15*scale(routes_consistency_index,0.60,0.95)+0.15*scale(target_earning_index,0.12,0.45)+0.15*scale(opportunity_concentration_score,0.18,0.56)","0.50*scale(12.00-feature_finish,0.00,12.00)+0.25*scale(11.00-feature_games_played,0.00,11.00)+0.25*scale(0.14-feature_target_share,0.00,0.14)"
00-0036357,H.Ruggs,2020,2021,WR,0.0000,39.1533,0.0000,36.9084,0.0000,0.0000,25.0000,9.1711,wr_signal_score_role_balanced_v1,"0.50*scale(feature_targets_per_game,4.00,10.00)+0.50*scale(feature_target_share,0.12,0.30)","0.55*scale(feature_ppg_per_target,0.80,2.50)+0.45*scale(feature_ppg,6.00,18.00)","0.40*scale(48.00-feature_finish,0.00,36.00)+0.60*scale(expected_ppg_baseline-feature_ppg,0.00,4.00)","0.65*scale(feature_games_played,8.00,17.00)+0.35*scale(feature_total_ppr,80.00,260.00)","0.50*scale(feature_ppg_minus_cohort_expected,0.00,6.00)+0.30*scale(expected_finish_from_cohort-feature_finish,0.00,36.00)+0.20*scale(cohort_player_count,1.00,18.00)","0.20*scale(route_participation_season_avg,0.50,0.95)+0.20*scale(target_share_season_avg,0.10,0.32)+0.15*scale(air_yard_share_season_avg,0.08,0.38)+0.15*scale(routes_consistency_index,0.60,0.95)+0.15*scale(target_earning_index,0.12,0.45)+0.15*scale(opportunity_concentration_score,0.18,0.56)","0.50*scale(12.00-feature_finish,0.00,12.00)+0.25*scale(11.00-feature_games_played,0.00,11.00)+0.25*scale(0.14-feature_target_share,0.00,0.14)"
00-0031325,S.Watkins,2020,2021,WR,12.5000,35.8044,0.0000,15.8833,0.0000,0.0000,27.2727,8.7991,wr_signal_score_role_balanced_v1,"0.50*scale(feature_targets_per_game,4.00,10.00)+0.50*scale(feature_target_share,0.12,0.30)","0.55*scale(feature_ppg_per_target,0.80,2.50)+0.45*scale(feature_ppg,6.00,18.00)","0.40*scale(48.00-feature_finish,0.00,36.00)+0.60*scale(expected_ppg_baseline-feature_ppg,0.00,4.00)","0.65*scale(feature_games_played,8.00,17.00)+0.35*scale(feature_total_ppr,80.00,260.00)","0.50*scale(feature_ppg_minus_cohort_expected,0.00,6.00)+0.30*scale(expected_finish_from_cohort-feature_finish,0.00,36.00)+0.20*scale(cohort_player_count,1.00,18.00)","0.20*scale(route_participation_season_avg,0.50,0.95)+0.20*scale(target_share_season_avg,0.10,0.32)+0.15*scale(air_yard_share_season_avg,0.08,0.38)+0.15*scale(routes_consistency_index,0.60,0.95)+0.15*scale(target_earning_index,0.12,0.45)+0.15*scale(opportunity_concentration_score,0.18,0.56)","0.50*scale(12.00-feature_finish,0.00,12.00)+0.25*scale(11.00-feature_games_played,0.00,11.00)+0.25*scale(0.14-feature_target_share,0.00,0.14)"
00-0036412,K.Hamler,2020,2021,WR,5.5559,31.8270,0.0000,30.8527,0.0000,0.0000,25.0000,8.6183,wr_signal_score_role_balanced_v1,"0.50*scale(feature_targets_per_game,4.00,10.00)+0.50*scale(feature_target_share,0.12,0.30)","0.55*scale(feature_ppg_per_target,0.80,2.50)+0.45*scale(feature_ppg,6.00,18.00)","0.40*scale(48.00-feature_finish,0.00,36.00)+0.60*scale(expected_ppg_baseline-feature_ppg,0.00,4.00)","0.65*scale(feature_games_played,8.00,17.00)+0.35*scale(feature_total_ppr,80.00,260.00)","0.50*scale(feature_ppg_minus_cohort_expected,0.00,6.00)+0.30*scale(expected_finish_from_cohort-feature_finish,0.00,36.00)+0.20*scale(cohort_player_count,1.00,18.00)","0.20*scale(route_participation_season_avg,0.50,0.95)+0.20*scale(target_share_season_avg,0.10,0.32)+0.15*scale(air_yard_share_season_avg,0.08,0.38)+0.15*scale(routes_consistency_index,0.60,0.95)+0.15*scale(target_earning_index,0.12,0.45)+0.15*scale(opportunity_concentration_score,0.18,0.56)","0.50*scale(12.00-feature_finish,0.00,12.00)+0.25*scale(11.00-feature_games_played,0.00,11.00)+0.25*scale(0.14-feature_target_share,0.00,0.14)"
00-0032791,J.Grant,2020,2021,WR,0.0000,27.3061,0.0000,44.7528,0.0000,0.0000,25.0000,8.4138,wr_signal_score_role_balanced_v1,"0.50*scale(feature_targets_per_game,4.00,10.00)+0.50*scale(feature_target_share,0.12,0.30)","0.55*scale(feature_ppg_per_target,0.80,2.50)+0.45*scale(feature_ppg,6.00,18.00)","0.40*scale(48.00-feature_finish,0.00,36.00)+0.60*scale(expected_ppg_baseline-feature_ppg,0.00,4.00)","0.65*scale(feature_games_played,8.00,17.00)+0.35*scale(feature_total_ppr,80.00,260.00)","0.50*scale(feature_ppg_minus_cohort_expected,0.00,6.00)+0.30*scale(expected_finish_from_cohort-feature_finish,0.00,36.00)+0.20*scale(cohort_player_count,1.00,18.00)","0.20*scale(route_participation_season_avg,0.50,0.95)+0.20*scale(target_share_season_avg,0.10,0.32)+0.15*scale(air_yard_share_season_avg,0.08,0.38)+0.15*scale(routes_consistency_index,0.60,0.95)+0.15*scale(target_earning_index,0.12,0.45)+0.15*scale(opportunity_concentration_score,0.18,0.56)","0.50*scale(12.00-feature_finish,0.00,12.00)+0.25*scale(11.00-feature_games_played,0.00,11.00)+0.25*scale(0.14-feature_target_share,0.00,0.14)"
00-0036387,J.Reagor,2020,2021,WR,7.5758,33.5889,0.0000,23.0666,0.0000,0.0000,25.0000,8.3552,wr_signal_score_role_balanced_v1,"0.50*scale(feature_targets_per_game,4.00,10.00)+0.50*scale(feature_target_share,0.12,0.30)","0.55*scale(feature_ppg_per_target,0.80,2.50)+0.45*scale(feature_ppg,6.00,18.00)","0.40*scale(48.00-feature_finish,0.00,36.00)+0.60*scale(expected_ppg_baseline-feature_ppg,0.00,4.00)","0.65*scale(feature_games_played,8.00,17.00)+0.35*scale(feature_total_ppr,80.00,260.00)","0.50*scale(feature_ppg_minus_cohort_expected,0.00,6.00)+0.30*scale(expected_finish_from_cohort-feature_finish,0.00,36.00)+0.20*scale(cohort_player_count,1.00,18.00)","0.20*scale(route_participation_season_avg,0.50,0.95)+0.20*scale(target_share_season_avg,0.10,0.32)+0.15*scale(air_yard_share_season_avg,0.08,0.38)+0.15*scale(routes_consistency_index,0.60,0.95)+0.15*scale(target_earning_index,0.12,0.45)+0.15*scale(opportunity_concentration_score,0.18,0.56)","0.50*scale(12.00-feature_finish,0.00,12.00)+0.25*scale(11.00-feature_games_played,0.00,11.00)+0.25*scale(0.14-feature_target_share,0.00,0.14)"
00-0034104,C.Sims,2020,2021,WR,3.0300,39.1051,0.0000,22.8722,0.0000,0.0000,25.0000,8.0664,wr_signal_score_role_balanced_v1,"0.50*scale(feature_targets_per_game,4.00,10.00)+0.50*scale(feature_target_share,0.12,0.30)","0.55*scale(feature_ppg_per_target,0.80,2.50)+0.45*scale(feature_ppg,6.00,18.00)","0.40*scale(48.00-feature_finish,0.00,36.00)+0.60*scale(expected_ppg_baseline-feature_ppg,0.00,4.00)","0.65*scale(feature_games_played,8.00,17.00)+0.35*scale(feature_total_ppr,80.00,260.00)","0.50*scale(feature_ppg_minus_cohort_expected,0.00,6.00)+0.30*scale(expected_finish_from_cohort-feature_finish,0.00,36.00)+0.20*scale(cohort_player_count,1.00,18.00)","0.20*scale(route_participation_season_avg,0.50,0.95)+0.20*scale(target_share_season_avg,0.10,0.32)+0.15*scale(air_yard_share_season_avg,0.08,0.38)+0.15*scale(routes_consistency_index,0.60,0.95)+0.15*scale(target_earning_index,0.12,0.45)+0.15*scale(opportunity_concentration_score,0.18,0.56)","0.50*scale(12.00-feature_finish,0.00,12.00)+0.25*scale(11.00-feature_games_played,0.00,11.00)+0.25*scale(0.14-feature_target_share,0.00,0.14)"
00-0036427,T.Johnson,2020,2021,WR,0.0000,51.9550,0.0000,14.4444,0.0000,0.0000,27.2727,8.0347,wr_signal_score_role_balanced_v1,"0.50*scale(feature_targets_per_game,4.00,10.00)+0.50*scale(feature_target_share,0.12,0.30)","0.55*scale(feature_ppg_per_target,0.80,2.50)+0.45*scale(feature_ppg,6.00,18.00)","0.40*scale(48.00-feature_finish,0.00,36.00)+0.60*scale(expected_ppg_baseline-feature_ppg,0.00,4.00)","0.65*scale(feature_games_played,8.00,17.00)+0.35*scale(feature_total_ppr,80.00,260.00)","0.50*scale(feature_ppg_minus_cohort_expected,0.00,6.00)+0.30*scale(expected_finish_from_cohort-feature_finish,0.00,36.00)+0.20*scale(cohort_player_count,1.00,18.00)","0.20*scale(route_participation_season_avg,0.50,0.95)+0.20*scale(target_share_season_avg,0.10,0.32)+0.15*scale(air_yard_share_season_avg,0.08,0.38)+0.15*scale(routes_consistency_index,0.60,0.95)+0.15*scale(target_earning_index,0.12,0.45)+0.15*scale(opportunity_concentration_score,0.18,0.56)","0.50*scale(12.00-feature_finish,0.00,12.00)+0.25*scale(11.00-feature_games_played,0.00,11.00)+0.25*scale(0.14-feature_target_share,0.00,0.14)"
00-0027891,G.Tate,2020,2021,WR,2.7775,32.4858,0.0000,30.1566,0.0000,0.0000,25.0000,7.9598,wr_signal_score_role_balanced_v1,"0.50*scale(feature_targets_per_game,4.00,10.00)+0.50*scale(feature_target_share,0.12,0.30)","0.55*scale(feature_ppg_per_target,0.80,2.50)+0.45*scale(feature_ppg,6.00,18.00)","0.40*scale(48.00-feature_finish,0.00,36.00)+0.60*scale(expected_ppg_baseline-feature_ppg,0.00,4.00)","0.65*scale(feature_games_played,8.00,17.00)+0.35*scale(feature_total_ppr,80.00,260.00)","0.50*scale(feature_ppg_minus_cohort_expected,0.00,6.00)+0.30*scale(expected_finish_from_cohort-feature_finish,0.00,36.00)+0.20*scale(cohort_player_count,1.00,18.00)","0.20*scale(route_participation_season_avg,0.50,0.95)+0.20*scale(target_share_season_avg,0.10,0.32)+0.15*scale(air_yard_share_season_avg,0.08,0.38)+0.15*scale(routes_consistency_index,0.60,0.95)+0.15*scale(target_earning_index,0.12,0.45)+0.15*scale(opportunity_concentration_score,0.18,0.56)","0.50*scale(12.00-feature_finish,0.00,12.00)+0.25*scale(11.00-feature_games_played,0.00,11.00)+0.25*scale(0.14-feature_target_share,0.00,0.14)"
00-0027150,J.Edelman,2020,2021,WR,20.8333,33.3932,0.0000,0.0000,0.0000,0.0000,36.3636,7.8272,wr_signal_score_role_balanced_v1,"0.50*scale(feature_targets_per_game,4.00,10.00)+0.50*scale(feature_target_share,0.12,0.30)","0.55*scale(feature_ppg_per_target,0.80,2.50)+0.45*scale(feature_ppg,6.00,18.00)","0.40*scale(48.00-feature_finish,0.00,36.00)+0.60*scale(expected_ppg_baseline-feature_ppg,0.00,4.00)","0.65*scale(feature_games_played,8.00,17.00)+0.35*scale(feature_total_ppr,80.00,260.00)","0.50*scale(feature_ppg_minus_cohort_expected,0.00,6.00)+0.30*scale(expected_finish_from_cohort-feature_finish,0.00,36.00)+0.20*scale(cohort_player_count,1.00,18.00)","0.20*scale(route_participation_season_avg,0.50,0.95)+0.20*scale(target_share_season_avg,0.10,0.32)+0.15*scale(air_yard_share_season_avg,0.08,0.38)+0.15*scale(routes_consistency_index,0.60,0.95)+0.15*scale(target_earning_index,0.12,0.45)+0.15*scale(opportunity_concentration_score,0.18,0.56)","0.50*scale(12.00-feature_finish,0.00,12.00)+0.25*scale(11.00-feature_games_played,0.00,11.00)+0.25*scale(0.14-feature_target_share,0.00,0.14)"
00-0036247,F.Swain,2020,2021,WR,0.0000,37.1289,0.0000,28.8889,0.0000,0.0000,25.0000,7.8249,wr_signal_score_role_balanced_v1,"0.50*scale(feature_targets_per_game,4.00,10.00)+0.50*scale(feature_target_share,0.12,0.30)","0.55*scale(feature_ppg_per_target,0.80,2.50)+0.45*scale(feature_ppg,6.00,18.00)","0.40*scale(48.00-feature_finish,0.00,36.00)+0.60*scale(expected_ppg_baseline-feature_ppg,0.00,4.00)","0.65*scale(feature_games_played,8.00,17.00)+0.35*scale(feature_total_ppr,80.00,260.00)","0.50*scale(feature_ppg_minus_cohort_expected,0.00,6.00)+0.30*scale(expected_finish_from_cohort-feature_finish,0.00,36.00)+0.20*scale(cohort_player_count,1.00,18.00)","0.20*scale(route_participation_season_avg,0.50,0.95)+0.20*scale(target_share_season_avg,0.10,0.32)+0.15*scale(air_yard_share_season_avg,0.08,0.38)+0.15*scale(routes_consistency_index,0.60,0.95)+0.15*scale(target_earning_index,0.12,0.45)+0.15*scale(opportunity_concentration_score,0.18,0.56)","0.50*scale(12.00-feature_finish,0.00,12.00)+0.25*scale(11.00-feature_games_played,0.00,11.00)+0.25*scale(0.14-feature_target_share,0.00,0.14)"
00-0034286,R.James,2020,2021,WR,8.3333,51.4873,0.0000,0.0000,0.0000,0.0000,34.0909,7.6776,wr_signal_score_role_balanced_v1,"0.50*scale(feature_targets_per_game,4.00,10.00)+0.50*scale(feature_target_share,0.12,0.30)","0.55*scale(feature_ppg_per_target,0.80,2.50)+0.45*scale(feature_ppg,6.00,18.00)","0.40*scale(48.00-feature_finish,0.00,36.00)+0.60*scale(expected_ppg_baseline-feature_ppg,0.00,4.00)","0.65*scale(feature_games_played,8.00,17.00)+0.35*scale(feature_total_ppr,80.00,260.00)","0.50*scale(feature_ppg_minus_cohort_expected,0.00,6.00)+0.30*scale(expected_finish_from_cohort-feature_finish,0.00,36.00)+0.20*scale(cohort_player_count,1.00,18.00)","0.20*scale(route_participation_season_avg,0.50,0.95)+0.20*scale(target_share_season_avg,0.10,0.32)+0.15*scale(air_yard_share_season_avg,0.08,0.38)+0.15*scale(routes_consistency_index,0.60,0.95)+0.15*scale(target_earning_index,0.12,0.45)+0.15*scale(opportunity_concentration_score,0.18,0.56)","0.50*scale(12.00-feature_finish,0.00,12.00)+0.25*scale(11.00-feature_games_played,0.00,11.00)+0.25*scale(0.14-feature_target_share,0.00,0.14)"
00-0036233,D.Peoples-Jones,2020,2021,WR,0.0000,63.7859,0.0000,0.0000,0.0000,0.0000,34.0909,7.5224,wr_signal_score_role_balanced_v1,"0.50*scale(feature_targets_per_game,4.00,10.00)+0.50*scale(feature_target_share,0.12,0.30)","0.55*scale(feature_ppg_per_target,0.80,2.50)+0.45*scale(feature_ppg,6.00,18.00)","0.40*scale(48.00-feature_finish,0.00,36.00)+0.60*scale(expected_ppg_baseline-feature_ppg,0.00,4.00)","0.65*scale(feature_games_played,8.00,17.00)+0.35*scale(feature_total_ppr,80.00,260.00)","0.50*scale(feature_ppg_minus_cohort_expected,0.00,6.00)+0.30*scale(expected_finish_from_cohort-feature_finish,0.00,36.00)+0.20*scale(cohort_player_count,1.00,18.00)","0.20*scale(route_participation_season_avg,0.50,0.95)+0.20*scale(target_share_season_avg,0.10,0.32)+0.15*scale(air_yard_share_season_avg,0.08,0.38)+0.15*scale(routes_consistency_index,0.60,0.95)+0.15*scale(target_earning_index,0.12,0.45)+0.15*scale(opportunity_concentration_score,0.18,0.56)","0.50*scale(12.00-feature_finish,0.00,12.00)+0.25*scale(11.00-feature_games_played,0.00,11.00)+0.25*scale(0.14-feature_target_share,0.00,0.14)"
00-0035350,P.Williams,2020,2021,WR,3.1250,55.8230,0.0000,0.0000,0.0000,0.0000,31.8182,7.2144,wr_signal_score_role_balanced_v1,"0.50*scale(feature_targets_per_game,4.00,10.00)+0.50*scale(feature_target_share,0.12,0.30)","0.55*scale(feature_ppg_per_target,0.80,2.50)+0.45*scale(feature_ppg,6.00,18.00)","0.40*scale(48.00-feature_finish,0.00,36.00)+0.60*scale(expected_ppg_baseline-feature_ppg,0.00,4.00)","0.65*scale(feature_games_played,8.00,17.00)+0.35*scale(feature_total_ppr,80.00,260.00)","0.50*scale(feature_ppg_minus_cohort_expected,0.00,6.00)+0.30*scale(expected_finish_from_cohort-feature_finish,0.00,36.00)+0.20*scale(cohort_player_count,1.00,18.00)","0.20*scale(route_participation_season_avg,0.50,0.95)+0.20*scale(target_share_season_avg,0.10,0.32)+0.15*scale(air_yard_share_season_avg,0.08,0.38)+0.15*scale(routes_consistency_index,0.60,0.95)+0.15*scale(target_earning_index,0.12,0.45)+0.15*scale(opportunity_concentration_score,0.18,0.56)","0.50*scale(12.00-feature_finish,0.00,12.00)+0.25*scale(11.00-feature_games_played,0.00,11.00)+0.25*scale(0.14-feature_target_share,0.00,0.14)"
00-0031787,J.Kumerow,2020,2021,WR,0.0000,67.0000,0.0000,0.0000,0.0000,0.0000,47.7273,7.1864,wr_signal_score_role_balanced_v1,"0.50*scale(feature_targets_per_game,4.00,10.00)+0.50*scale(feature_target_share,0.12,0.30)","0.55*scale(feature_ppg_per_target,0.80,2.50)+0.45*scale(feature_ppg,6.00,18.00)","0.40*scale(48.00-feature_finish,0.00,36.00)+0.60*scale(expected_ppg_baseline-feature_ppg,0.00,4.00)","0.65*scale(feature_games_played,8.00,17.00)+0.35*scale(feature_total_ppr,80.00,260.00)","0.50*scale(feature_ppg_minus_cohort_expected,0.00,6.00)+0.30*scale(expected_finish_from_cohort-feature_finish,0.00,36.00)+0.20*scale(cohort_player_count,1.00,18.00)","0.20*scale(route_participation_season_avg,0.50,0.95)+0.20*scale(target_share_season_avg,0.10,0.32)+0.15*scale(air_yard_share_season_avg,0.08,0.38)+0.15*scale(routes_consistency_index,0.60,0.95)+0.15*scale(target_earning_index,0.12,0.45)+0.15*scale(opportunity_concentration_score,0.18,0.56)","0.50*scale(12.00-feature_finish,0.00,12.00)+0.25*scale(11.00-feature_games_played,0.00,11.00)+0.25*scale(0.14-feature_target_share,0.00,0.14)"
00-0034348,C.Sutton,2020,2021,WR,16.6667,39.3823,0.0000,0.0000,0.0000,0.0000,47.7273,7.0437,wr_signal_score_role_balanced_v1,"0.50*scale(feature_targets_per_game,4.00,10.00)+0.50*scale(feature_target_share,0.12,0.30)","0.55*scale(feature_ppg_per_target,0.80,2.50)+0.45*scale(feature_ppg,6.00,18.00)","0.40*scale(48.00-feature_finish,0.00,36.00)+0.60*scale(expected_ppg_baseline-feature_ppg,0.00,4.00)","0.65*scale(feature_games_played,8.00,17.00)+0.35*scale(feature_total_ppr,80.00,260.00)","0.50*scale(feature_ppg_minus_cohort_expected,0.00,6.00)+0.30*scale(expected_finish_from_cohort-feature_finish,0.00,36.00)+0.20*scale(cohort_player_count,1.00,18.00)","0.20*scale(route_participation_season_avg,0.50,0.95)+0.20*scale(target_share_season_avg,0.10,0.32)+0.15*scale(air_yard_share_season_avg,0.08,0.38)+0.15*scale(routes_consistency_index,0.60,0.95)+0.15*scale(target_earning_index,0.12,0.45)+0.15*scale(opportunity_concentration_score,0.18,0.56)","0.50*scale(12.00-feature_finish,0.00,12.00)+0.25*scale(11.00-feature_games_played,0.00,11.00)+0.25*scale(0.14-feature_target_share,0.00,0.14)"
00-0036365,B.Edwards,2020,2021,WR,0.0000,52.4102,0.0000,7.2222,0.0000,0.0000,29.5454,7.0277,wr_signal_score_role_balanced_v1,"0.50*scale(feature_targets_per_game,4.00,10.00)+0.50*scale(feature_target_share,0.12,0.30)","0.55*scale(feature_ppg_per_target,0.80,2.50)+0.45*scale(feature_ppg,6.00,18.00)","0.40*scale(48.00-feature_finish,0.00,36.00)+0.60*scale(expected_ppg_baseline-feature_ppg,0.00,4.00)","0.65*scale(feature_games_played,8.00,17.00)+0.35*scale(feature_total_ppr,80.00,260.00)","0.50*scale(feature_ppg_minus_cohort_expected,0.00,6.00)+0.30*scale(expected_finish_from_cohort-feature_finish,0.00,36.00)+0.20*scale(cohort_player_count,1.00,18.00)","0.20*scale(route_participation_season_avg,0.50,0.95)+0.20*scale(target_share_season_avg,0.10,0.32)+0.15*scale(air_yard_share_season_avg,0.08,0.38)+0.15*scale(routes_consistency_index,0.60,0.95)+0.15*scale(target_earning_index,0.12,0.45)+0.15*scale(opportunity_concentration_score,0.18,0.56)","0.50*scale(12.00-feature_finish,0.00,12.00)+0.25*scale(11.00-feature_games_played,0.00,11.00)+0.25*scale(0.14-feature_target_share,0.00,0.14)"
00-0033572,J.Agnew,2020,2021,WR,0.0000,24.5870,0.0000,36.1111,0.0000,0.0000,25.0000,6.8825,wr_signal_score_role_balanced_v1,"0.50*scale(feature_targets_per_game,4.00,10.00)+0.50*scale(feature_target_share,0.12,0.30)","0.55*scale(feature_ppg_per_target,0.80,2.50)+0.45*scale(feature_ppg,6.00,18.00)","0.40*scale(48.00-feature_finish,0.00,36.00)+0.60*scale(expected_ppg_baseline-feature_ppg,0.00,4.00)","0.65*scale(feature_games_played,8.00,17.00)+0.35*scale(feature_total_ppr,80.00,260.00)","0.50*scale(feature_ppg_minus_cohort_expected,0.00,6.00)+0.30*scale(expected_finish_from_cohort-feature_finish,0.00,36.00)+0.20*scale(cohort_player_count,1.00,18.00)","0.20*scale(route_participation_season_avg,0.50,0.95)+0.20*scale(target_share_season_avg,0.10,0.32)+0.15*scale(air_yard_share_season_avg,0.08,0.38)+0.15*scale(routes_consistency_index,0.60,0.95)+0.15*scale(target_earning_index,0.12,0.45)+0.15*scale(opportunity_concentration_score,0.18,0.56)","0.50*scale(12.00-feature_finish,0.00,12.00)+0.25*scale(11.00-feature_games_played,0.00,11.00)+0.25*scale(0.14-feature_target_share,0.00,0.14)"
00-0036277,Q.Cephus,2020,2021,WR,0.0000,36.2651,0.0000,21.6666,0.0000,0.0000,25.0000,6.7564,wr_signal_score_role_balanced_v1,"0.50*scale(feature_targets_per_game,4.00,10.00)+0.50*scale(feature_target_share,0.12,0.30)","0.55*scale(feature_ppg_per_target,0.80,2.50)+0.45*scale(feature_ppg,6.00,18.00)","0.40*scale(48.00-feature_finish,0.00,36.00)+0.60*scale(expected_ppg_baseline-feature_ppg,0.00,4.00)","0.65*scale(feature_games_played,8.00,17.00)+0.35*scale(feature_total_ppr,80.00,260.00)","0.50*scale(feature_ppg_minus_cohort_expected,0.00,6.00)+0.30*scale(expected_finish_from_cohort-feature_finish,0.00,36.00)+0.20*scale(cohort_player_count,1.00,18.00)","0.20*scale(route_participation_season_avg,0.50,0.95)+0.20*scale(target_share_season_avg,0.10,0.32)+0.15*scale(air_yard_share_season_avg,0.08,0.38)+0.15*scale(routes_consistency_index,0.60,0.95)+0.15*scale(target_earning_index,0.12,0.45)+0.15*scale(opportunity_concentration_score,0.18,0.56)","0.50*scale(12.00-feature_finish,0.00,12.00)+0.25*scale(11.00-feature_games_played,0.00,11.00)+0.25*scale(0.14-feature_target_share,0.00,0.14)"
00-0033840,C.Hansen,2020,2021,WR,6.6666,49.3863,0.0000,0.0000,0.0000,0.0000,38.6364,6.6897,wr_signal_score_role_balanced_v1,"0.50*scale(feature_targets_per_game,4.00,10.00)+0.50*scale(feature_target_share,0.12,0.30)","0.55*scale(feature_ppg_per_target,0.80,2.50)+0.45*scale(feature_ppg,6.00,18.00)","0.40*scale(48.00-feature_finish,0.00,36.00)+0.60*scale(expected_ppg_baseline-feature_ppg,0.00,4.00)","0.65*scale(feature_games_played,8.00,17.00)+0.35*scale(feature_total_ppr,80.00,260.00)","0.50*scale(feature_ppg_minus_cohort_expected,0.00,6.00)+0.30*scale(expected_finish_from_cohort-feature_finish,0.00,36.00)+0.20*scale(cohort_player_count,1.00,18.00)","0.20*scale(route_participation_season_avg,0.50,0.95)+0.20*scale(target_share_season_avg,0.10,0.32)+0.15*scale(air_yard_share_season_avg,0.08,0.38)+0.15*scale(routes_consistency_index,0.60,0.95)+0.15*scale(target_earning_index,0.12,0.45)+0.15*scale(opportunity_concentration_score,0.18,0.56)","0.50*scale(12.00-feature_finish,0.00,12.00)+0.25*scale(11.00-feature_games_played,0.00,11.00)+0.25*scale(0.14-feature_target_share,0.00,0.14)"
00-0036415,V.Jefferson,2020,2021,WR,0.0000,23.0649,0.0000,36.1111,0.0000,0.0000,25.0000,6.6542,wr_signal_score_role_balanced_v1,"0.50*scale(feature_targets_per_game,4.00,10.00)+0.50*scale(feature_target_share,0.12,0.30)","0.55*scale(feature_ppg_per_target,0.80,2.50)+0.45*scale(feature_ppg,6.00,18.00)","0.40*scale(48.00-feature_finish,0.00,36.00)+0.60*scale(expected_ppg_baseline-feature_ppg,0.00,4.00)","0.65*scale(feature_games_played,8.00,17.00)+0.35*scale(feature_total_ppr,80.00,260.00)","0.50*scale(feature_ppg_minus_cohort_expected,0.00,6.00)+0.30*scale(expected_finish_from_cohort-feature_finish,0.00,36.00)+0.20*scale(cohort_player_count,1.00,18.00)","0.20*scale(route_participation_season_avg,0.50,0.95)+0.20*scale(target_share_season_avg,0.10,0.32)+0.15*scale(air_yard_share_season_avg,0.08,0.38)+0.15*scale(routes_consistency_index,0.60,0.95)+0.15*scale(target_earning_index,0.12,0.45)+0.15*scale(opportunity_concentration_score,0.18,0.56)","0.50*scale(12.00-feature_finish,0.00,12.00)+0.25*scale(11.00-feature_games_played,0.00,11.00)+0.25*scale(0.14-feature_target_share,0.00,0.14)"
00-0033094,M.Hall,2020,2021,WR,0.0000,35.0825,0.0000,21.6666,0.0000,0.0000,25.0000,6.5790,wr_signal_score_role_balanced_v1,"0.50*scale(feature_targets_per_game,4.00,10.00)+0.50*scale(feature_target_share,0.12,0.30)","0.55*scale(feature_ppg_per_target,0.80,2.50)+0.45*scale(feature_ppg,6.00,18.00)","0.40*scale(48.00-feature_finish,0.00,36.00)+0.60*scale(expected_ppg_baseline-feature_ppg,0.00,4.00)","0.65*scale(feature_games_played,8.00,17.00)+0.35*scale(feature_total_ppr,80.00,260.00)","0.50*scale(feature_ppg_minus_cohort_expected,0.00,6.00)+0.30*scale(expected_finish_from_cohort-feature_finish,0.00,36.00)+0.20*scale(cohort_player_count,1.00,18.00)","0.20*scale(route_participation_season_avg,0.50,0.95)+0.20*scale(target_share_season_avg,0.10,0.32)+0.15*scale(air_yard_share_season_avg,0.08,0.38)+0.15*scale(routes_consistency_index,0.60,0.95)+0.15*scale(target_earning_index,0.12,0.45)+0.15*scale(opportunity_concentration_score,0.18,0.56)","0.50*scale(12.00-feature_finish,0.00,12.00)+0.25*scale(11.00-feature_games_played,0.00,11.00)+0.25*scale(0.14-feature_target_share,0.00,0.14)"
00-0034652,C.Batson,2020,2021,WR,0.0000,48.7806,0.0000,7.2222,0.0000,0.0000,29.5454,6.4833,wr_signal_score_role_balanced_v1,"0.50*scale(feature_targets_per_game,4.00,10.00)+0.50*scale(feature_target_share,0.12,0.30)","0.55*scale(feature_ppg_per_target,0.80,2.50)+0.45*scale(feature_ppg,6.00,18.00)","0.40*scale(48.00-feature_finish,0.00,36.00)+0.60*scale(expected_ppg_baseline-feature_ppg,0.00,4.00)","0.65*scale(feature_games_played,8.00,17.00)+0.35*scale(feature_total_ppr,80.00,260.00)","0.50*scale(feature_ppg_minus_cohort_expected,0.00,6.00)+0.30*scale(expected_finish_from_cohort-feature_finish,0.00,36.00)+0.20*scale(cohort_player_count,1.00,18.00)","0.20*scale(route_participation_season_avg,0.50,0.95)+0.20*scale(target_share_season_avg,0.10,0.32)+0.15*scale(air_yard_share_season_avg,0.08,0.38)+0.15*scale(routes_consistency_index,0.60,0.95)+0.15*scale(target_earning_index,0.12,0.45)+0.15*scale(opportunity_concentration_score,0.18,0.56)","0.50*scale(12.00-feature_finish,0.00,12.00)+0.25*scale(11.00-feature_games_played,0.00,11.00)+0.25*scale(0.14-feature_target_share,0.00,0.14)"
00-0033891,Z.Jones,2020,2021,WR,0.0000,33.2582,0.0000,21.6666,0.0000,0.0000,25.0000,6.3054,wr_signal_score_role_balanced_v1,"0.50*scale(feature_targets_per_game,4.00,10.00)+0.50*scale(feature_target_share,0.12,0.30)","0.55*scale(feature_ppg_per_target,0.80,2.50)+0.45*scale(feature_ppg,6.00,18.00)","0.40*scale(48.00-feature_finish,0.00,36.00)+0.60*scale(expected_ppg_baseline-feature_ppg,0.00,4.00)","0.65*scale(feature_games_played,8.00,17.00)+0.35*scale(feature_total_ppr,80.00,260.00)","0.50*scale(feature_ppg_minus_cohort_expected,0.00,6.00)+0.30*scale(expected_finish_from_cohort-feature_finish,0.00,36.00)+0.20*scale(cohort_player_count,1.00,18.00)","0.20*scale(route_participation_season_avg,0.50,0.95)+0.20*scale(target_share_season_avg,0.10,0.32)+0.15*scale(air_yard_share_season_avg,0.08,0.38)+0.15*scale(routes_consistency_index,0.60,0.95)+0.15*scale(target_earning_index,0.12,0.45)+0.15*scale(opportunity_concentration_score,0.18,0.56)","0.50*scale(12.00-feature_finish,0.00,12.00)+0.25*scale(11.00-feature_games_played,0.00,11.00)+0.25*scale(0.14-feature_target_share,0.00,0.14)"
00-0026189,D.Jackson,2020,2021,WR,10.0000,40.9642,0.0000,0.0000,0.0000,0.0000,38.6364,6.2264,wr_signal_score_role_balanced_v1,"0.50*scale(feature_targets_per_game,4.00,10.00)+0.50*scale(feature_target_share,0.12,0.30)","0.55*scale(feature_ppg_per_target,0.80,2.50)+0.45*scale(feature_ppg,6.00,18.00)","0.40*scale(48.00-feature_finish,0.00,36.00)+0.60*scale(expected_ppg_baseline-feature_ppg,0.00,4.00)","0.65*scale(feature_games_played,8.00,17.00)+0.35*scale(feature_total_ppr,80.00,260.00)","0.50*scale(feature_ppg_minus_cohort_expected,0.00,6.00)+0.30*scale(expected_finish_from_cohort-feature_finish,0.00,36.00)+0.20*scale(cohort_player_count,1.00,18.00)","0.20*scale(route_participation_season_avg,0.50,0.95)+0.20*scale(target_share_season_avg,0.10,0.32)+0.15*scale(air_yard_share_season_avg,0.08,0.38)+0.15*scale(routes_consistency_index,0.60,0.95)+0.15*scale(target_earning_index,0.12,0.45)+0.15*scale(opportunity_concentration_score,0.18,0.56)","0.50*scale(12.00-feature_finish,0.00,12.00)+0.25*scale(11.00-feature_games_played,0.00,11.00)+0.25*scale(0.14-feature_target_share,0.00,0.14)"
00-0034297,B.Pringle,2020,2021,WR,0.0000,55.2712,0.0000,0.0000,0.0000,0.0000,36.3636,6.1089,wr_signal_score_role_balanced_v1,"0.50*scale(feature_targets_per_game,4.00,10.00)+0.50*scale(feature_target_share,0.12,0.30)","0.55*scale(feature_ppg_per_target,0.80,2.50)+0.45*scale(feature_ppg,6.00,18.00)","0.40*scale(48.00-feature_finish,0.00,36.00)+0.60*scale(expected_ppg_baseline-feature_ppg,0.00,4.00)","0.65*scale(feature_games_played,8.00,17.00)+0.35*scale(feature_total_ppr,80.00,260.00)","0.50*scale(feature_ppg_minus_cohort_expected,0.00,6.00)+0.30*scale(expected_finish_from_cohort-feature_finish,0.00,36.00)+0.20*scale(cohort_player_count,1.00,18.00)","0.20*scale(route_participation_season_avg,0.50,0.95)+0.20*scale(target_share_season_avg,0.10,0.32)+0.15*scale(air_yard_share_season_avg,0.08,0.38)+0.15*scale(routes_consistency_index,0.60,0.95)+0.15*scale(target_earning_index,0.12,0.45)+0.15*scale(opportunity_concentration_score,0.18,0.56)","0.50*scale(12.00-feature_finish,0.00,12.00)+0.25*scale(11.00-feature_games_played,0.00,11.00)+0.25*scale(0.14-feature_target_share,0.00,0.14)"
00-0035480,M.Taylor,2020,2021,WR,0.0000,55.0000,0.0000,0.0000,0.0000,0.0000,36.3636,6.0682,wr_signal_score_role_balanced_v1,"0.50*scale(feature_targets_per_game,4.00,10.00)+0.50*scale(feature_target_share,0.12,0.30)","0.55*scale(feature_ppg_per_target,0.80,2.50)+0.45*scale(feature_ppg,6.00,18.00)","0.40*scale(48.00-feature_finish,0.00,36.00)+0.60*scale(expected_ppg_baseline-feature_ppg,0.00,4.00)","0.65*scale(feature_games_played,8.00,17.00)+0.35*scale(feature_total_ppr,80.00,260.00)","0.50*scale(feature_ppg_minus_cohort_expected,0.00,6.00)+0.30*scale(expected_finish_from_cohort-feature_finish,0.00,36.00)+0.20*scale(cohort_player_count,1.00,18.00)","0.20*scale(route_participation_season_avg,0.50,0.95)+0.20*scale(target_share_season_avg,0.10,0.32)+0.15*scale(air_yard_share_season_avg,0.08,0.38)+0.15*scale(routes_consistency_index,0.60,0.95)+0.15*scale(target_earning_index,0.12,0.45)+0.15*scale(opportunity_concentration_score,0.18,0.56)","0.50*scale(12.00-feature_finish,0.00,12.00)+0.25*scale(11.00-feature_games_played,0.00,11.00)+0.25*scale(0.14-feature_target_share,0.00,0.14)"
00-0035645,G.Olszewski,2020,2021,WR,0.0000,55.0000,0.0000,0.0000,0.0000,0.0000,36.3636,6.0682,wr_signal_score_role_balanced_v1,"0.50*scale(feature_targets_per_game,4.00,10.00)+0.50*scale(feature_target_share,0.12,0.30)","0.55*scale(feature_ppg_per_target,0.80,2.50)+0.45*scale(feature_ppg,6.00,18.00)","0.40*scale(48.00-feature_finish,0.00,36.00)+0.60*scale(expected_ppg_baseline-feature_ppg,0.00,4.00)","0.65*scale(feature_games_played,8.00,17.00)+0.35*scale(feature_total_ppr,80.00,260.00)","0.50*scale(feature_ppg_minus_cohort_expected,0.00,6.00)+0.30*scale(expected_finish_from_cohort-feature_finish,0.00,36.00)+0.20*scale(cohort_player_count,1.00,18.00)","0.20*scale(route_participation_season_avg,0.50,0.95)+0.20*scale(target_share_season_avg,0.10,0.32)+0.15*scale(air_yard_share_season_avg,0.08,0.38)+0.15*scale(routes_consistency_index,0.60,0.95)+0.15*scale(target_earning_index,0.12,0.45)+0.15*scale(opportunity_concentration_score,0.18,0.56)","0.50*scale(12.00-feature_finish,0.00,12.00)+0.25*scale(11.00-feature_games_played,0.00,11.00)+0.25*scale(0.14-feature_target_share,0.00,0.14)"
00-0035406,L.Humphrey,2020,2021,WR,0.0000,58.0000,0.0000,0.0000,0.0000,0.0000,45.4545,5.9727,wr_signal_score_role_balanced_v1,"0.50*scale(feature_targets_per_game,4.00,10.00)+0.50*scale(feature_target_share,0.12,0.30)","0.55*scale(feature_ppg_per_target,0.80,2.50)+0.45*scale(feature_ppg,6.00,18.00)","0.40*scale(48.00-feature_finish,0.00,36.00)+0.60*scale(expected_ppg_baseline-feature_ppg,0.00,4.00)","0.65*scale(feature_games_played,8.00,17.00)+0.35*scale(feature_total_ppr,80.00,260.00)","0.50*scale(feature_ppg_minus_cohort_expected,0.00,6.00)+0.30*scale(expected_finish_from_cohort-feature_finish,0.00,36.00)+0.20*scale(cohort_player_count,1.00,18.00)","0.20*scale(route_participation_season_avg,0.50,0.95)+0.20*scale(target_share_season_avg,0.10,0.32)+0.15*scale(air_yard_share_season_avg,0.08,0.38)+0.15*scale(routes_consistency_index,0.60,0.95)+0.15*scale(target_earning_index,0.12,0.45)+0.15*scale(opportunity_concentration_score,0.18,0.56)","0.50*scale(12.00-feature_finish,0.00,12.00)+0.25*scale(11.00-feature_games_played,0.00,11.00)+0.25*scale(0.14-feature_target_share,0.00,0.14)"
00-0034052,B.Zylstra,2020,2021,WR,0.0000,55.0000,0.0000,0.0000,0.0000,0.0000,38.6364,5.9318,wr_signal_score_role_balanced_v1,"0.50*scale(feature_targets_per_game,4.00,10.00)+0.50*scale(feature_target_share,0.12,0.30)","0.55*scale(feature_ppg_per_target,0.80,2.50)+0.45*scale(feature_ppg,6.00,18.00)","0.40*scale(48.00-feature_finish,0.00,36.00)+0.60*scale(expected_ppg_baseline-feature_ppg,0.00,4.00)","0.65*scale(feature_games_played,8.00,17.00)+0.35*scale(feature_total_ppr,80.00,260.00)","0.50*scale(feature_ppg_minus_cohort_expected,0.00,6.00)+0.30*scale(expected_finish_from_cohort-feature_finish,0.00,36.00)+0.20*scale(cohort_player_count,1.00,18.00)","0.20*scale(route_participation_season_avg,0.50,0.95)+0.20*scale(target_share_season_avg,0.10,0.32)+0.15*scale(air_yard_share_season_avg,0.08,0.38)+0.15*scale(routes_consistency_index,0.60,0.95)+0.15*scale(target_earning_index,0.12,0.45)+0.15*scale(opportunity_concentration_score,0.18,0.56)","0.50*scale(12.00-feature_finish,0.00,12.00)+0.25*scale(11.00-feature_games_played,0.00,11.00)+0.25*scale(0.14-feature_target_share,0.00,0.14)"
00-0032200,T.Montgomery,2020,2021,WR,0.0000,55.0000,0.0000,0.0000,0.0000,0.0000,40.9091,5.7955,wr_signal_score_role_balanced_v1,"0.50*scale(feature_targets_per_game,4.00,10.00)+0.50*scale(feature_target_share,0.12,0.30)","0.55*scale(feature_ppg_per_target,0.80,2.50)+0.45*scale(feature_ppg,6.00,18.00)","0.40*scale(48.00-feature_finish,0.00,36.00)+0.60*scale(expected_ppg_baseline-feature_ppg,0.00,4.00)","0.65*scale(feature_games_played,8.00,17.00)+0.35*scale(feature_total_ppr,80.00,260.00)","0.50*scale(feature_ppg_minus_cohort_expected,0.00,6.00)+0.30*scale(expected_finish_from_cohort-feature_finish,0.00,36.00)+0.20*scale(cohort_player_count,1.00,18.00)","0.20*scale(route_participation_season_avg,0.50,0.95)+0.20*scale(target_share_season_avg,0.10,0.32)+0.15*scale(air_yard_share_season_avg,0.08,0.38)+0.15*scale(routes_consistency_index,0.60,0.95)+0.15*scale(target_earning_index,0.12,0.45)+0.15*scale(opportunity_concentration_score,0.18,0.56)","0.50*scale(12.00-feature_finish,0.00,12.00)+0.25*scale(11.00-feature_games_played,0.00,11.00)+0.25*scale(0.14-feature_target_share,0.00,0.14)"
00-0032951,L.Treadwell,2020,2021,WR,0.0000,55.0000,0.0000,0.0000,0.0000,0.0000,40.9091,5.7955,wr_signal_score_role_balanced_v1,"0.50*scale(feature_targets_per_game,4.00,10.00)+0.50*scale(feature_target_share,0.12,0.30)","0.55*scale(feature_ppg_per_target,0.80,2.50)+0.45*scale(feature_ppg,6.00,18.00)","0.40*scale(48.00-feature_finish,0.00,36.00)+0.60*scale(expected_ppg_baseline-feature_ppg,0.00,4.00)","0.65*scale(feature_games_played,8.00,17.00)+0.35*scale(feature_total_ppr,80.00,260.00)","0.50*scale(feature_ppg_minus_cohort_expected,0.00,6.00)+0.30*scale(expected_finish_from_cohort-feature_finish,0.00,36.00)+0.20*scale(cohort_player_count,1.00,18.00)","0.20*scale(route_participation_season_avg,0.50,0.95)+0.20*scale(target_share_season_avg,0.10,0.32)+0.15*scale(air_yard_share_season_avg,0.08,0.38)+0.15*scale(routes_consistency_index,0.60,0.95)+0.15*scale(target_earning_index,0.12,0.45)+0.15*scale(opportunity_concentration_score,0.18,0.56)","0.50*scale(12.00-feature_finish,0.00,12.00)+0.25*scale(11.00-feature_games_played,0.00,11.00)+0.25*scale(0.14-feature_target_share,0.00,0.14)"
00-0033382,A.Carr,2020,2021,WR,0.0000,55.0000,0.0000,0.0000,0.0000,0.0000,40.9091,5.7955,wr_signal_score_role_balanced_v1,"0.50*scale(feature_targets_per_game,4.00,10.00)+0.50*scale(feature_target_share,0.12,0.30)","0.55*scale(feature_ppg_per_target,0.80,2.50)+0.45*scale(feature_ppg,6.00,18.00)","0.40*scale(48.00-feature_finish,0.00,36.00)+0.60*scale(expected_ppg_baseline-feature_ppg,0.00,4.00)","0.65*scale(feature_games_played,8.00,17.00)+0.35*scale(feature_total_ppr,80.00,260.00)","0.50*scale(feature_ppg_minus_cohort_expected,0.00,6.00)+0.30*scale(expected_finish_from_cohort-feature_finish,0.00,36.00)+0.20*scale(cohort_player_count,1.00,18.00)","0.20*scale(route_participation_season_avg,0.50,0.95)+0.20*scale(target_share_season_avg,0.10,0.32)+0.15*scale(air_yard_share_season_avg,0.08,0.38)+0.15*scale(routes_consistency_index,0.60,0.95)+0.15*scale(target_earning_index,0.12,0.45)+0.15*scale(opportunity_concentration_score,0.18,0.56)","0.50*scale(12.00-feature_finish,0.00,12.00)+0.25*scale(11.00-feature_games_played,0.00,11.00)+0.25*scale(0.14-feature_target_share,0.00,0.14)"
00-0036100,I.Zuber,2020,2021,WR,0.0000,55.0000,0.0000,0.0000,0.0000,0.0000,40.9091,5.7955,wr_signal_score_role_balanced_v1,"0.50*scale(feature_targets_per_game,4.00,10.00)+0.50*scale(feature_target_share,0.12,0.30)","0.55*scale(feature_ppg_per_target,0.80,2.50)+0.45*scale(feature_ppg,6.00,18.00)","0.40*scale(48.00-feature_finish,0.00,36.00)+0.60*scale(expected_ppg_baseline-feature_ppg,0.00,4.00)","0.65*scale(feature_games_played,8.00,17.00)+0.35*scale(feature_total_ppr,80.00,260.00)","0.50*scale(feature_ppg_minus_cohort_expected,0.00,6.00)+0.30*scale(expected_finish_from_cohort-feature_finish,0.00,36.00)+0.20*scale(cohort_player_count,1.00,18.00)","0.20*scale(route_participation_season_avg,0.50,0.95)+0.20*scale(target_share_season_avg,0.10,0.32)+0.15*scale(air_yard_share_season_avg,0.08,0.38)+0.15*scale(routes_consistency_index,0.60,0.95)+0.15*scale(target_earning_index,0.12,0.45)+0.15*scale(opportunity_concentration_score,0.18,0.56)","0.50*scale(12.00-feature_finish,0.00,12.00)+0.25*scale(11.00-feature_games_played,0.00,11.00)+0.25*scale(0.14-feature_target_share,0.00,0.14)"
00-0034860,D.Pettis,2020,2021,WR,0.0000,55.0000,0.0000,0.0000,0.0000,0.0000,43.1818,5.6591,wr_signal_score_role_balanced_v1,"0.50*scale(feature_targets_per_game,4.00,10.00)+0.50*scale(feature_target_share,0.12,0.30)","0.55*scale(feature_ppg_per_target,0.80,2.50)+0.45*scale(feature_ppg,6.00,18.00)","0.40*scale(48.00-feature_finish,0.00,36.00)+0.60*scale(expected_ppg_baseline-feature_ppg,0.00,4.00)","0.65*scale(feature_games_played,8.00,17.00)+0.35*scale(feature_total_ppr,80.00,260.00)","0.50*scale(feature_ppg_minus_cohort_expected,0.00,6.00)+0.30*scale(expected_finish_from_cohort-feature_finish,0.00,36.00)+0.20*scale(cohort_player_count,1.00,18.00)","0.20*scale(route_participation_season_avg,0.50,0.95)+0.20*scale(target_share_season_avg,0.10,0.32)+0.15*scale(air_yard_share_season_avg,0.08,0.38)+0.15*scale(routes_consistency_index,0.60,0.95)+0.15*scale(target_earning_index,0.12,0.45)+0.15*scale(opportunity_concentration_score,0.18,0.56)","0.50*scale(12.00-feature_finish,0.00,12.00)+0.25*scale(11.00-feature_games_played,0.00,11.00)+0.25*scale(0.14-feature_target_share,0.00,0.14)"
00-0036377,J.Reed,2020,2021,WR,0.0000,55.0000,0.0000,0.0000,0.0000,0.0000,43.1818,5.6591,wr_signal_score_role_balanced_v1,"0.50*scale(feature_targets_per_game,4.00,10.00)+0.50*scale(feature_target_share,0.12,0.30)","0.55*scale(feature_ppg_per_target,0.80,2.50)+0.45*scale(feature_ppg,6.00,18.00)","0.40*scale(48.00-feature_finish,0.00,36.00)+0.60*scale(expected_ppg_baseline-feature_ppg,0.00,4.00)","0.65*scale(feature_games_played,8.00,17.00)+0.35*scale(feature_total_ppr,80.00,260.00)","0.50*scale(feature_ppg_minus_cohort_expected,0.00,6.00)+0.30*scale(expected_finish_from_cohort-feature_finish,0.00,36.00)+0.20*scale(cohort_player_count,1.00,18.00)","0.20*scale(route_participation_season_avg,0.50,0.95)+0.20*scale(target_share_season_avg,0.10,0.32)+0.15*scale(air_yard_share_season_avg,0.08,0.38)+0.15*scale(routes_consistency_index,0.60,0.95)+0.15*scale(target_earning_index,0.12,0.45)+0.15*scale(opportunity_concentration_score,0.18,0.56)","0.50*scale(12.00-feature_finish,0.00,12.00)+0.25*scale(11.00-feature_games_played,0.00,11.00)+0.25*scale(0.14-feature_target_share,0.00,0.14)"
00-0036254,C.Johnson,2020,2021,WR,0.0000,35.9013,0.0000,14.4444,0.0000,0.0000,27.2727,5.6266,wr_signal_score_role_balanced_v1,"0.50*scale(feature_targets_per_game,4.00,10.00)+0.50*scale(feature_target_share,0.12,0.30)","0.55*scale(feature_ppg_per_target,0.80,2.50)+0.45*scale(feature_ppg,6.00,18.00)","0.40*scale(48.00-feature_finish,0.00,36.00)+0.60*scale(expected_ppg_baseline-feature_ppg,0.00,4.00)","0.65*scale(feature_games_played,8.00,17.00)+0.35*scale(feature_total_ppr,80.00,260.00)","0.50*scale(feature_ppg_minus_cohort_expected,0.00,6.00)+0.30*scale(expected_finish_from_cohort-feature_finish,0.00,36.00)+0.20*scale(cohort_player_count,1.00,18.00)","0.20*scale(route_participation_season_avg,0.50,0.95)+0.20*scale(target_share_season_avg,0.10,0.32)+0.15*scale(air_yard_share_season_avg,0.08,0.38)+0.15*scale(routes_consistency_index,0.60,0.95)+0.15*scale(target_earning_index,0.12,0.45)+0.15*scale(opportunity_concentration_score,0.18,0.56)","0.50*scale(12.00-feature_finish,0.00,12.00)+0.25*scale(11.00-feature_games_played,0.00,11.00)+0.25*scale(0.14-feature_target_share,0.00,0.14)"
00-0034928,S.Sims,2020,2021,WR,0.0000,27.7192,0.0000,21.6666,0.0000,0.0000,25.0000,5.4745,wr_signal_score_role_balanced_v1,"0.50*scale(feature_targets_per_game,4.00,10.00)+0.50*scale(feature_target_share,0.12,0.30)","0.55*scale(feature_ppg_per_target,0.80,2.50)+0.45*scale(feature_ppg,6.00,18.00)","0.40*scale(48.00-feature_finish,0.00,36.00)+0.60*scale(expected_ppg_baseline-feature_ppg,0.00,4.00)","0.65*scale(feature_games_played,8.00,17.00)+0.35*scale(feature_total_ppr,80.00,260.00)","0.50*scale(feature_ppg_minus_cohort_expected,0.00,6.00)+0.30*scale(expected_finish_from_cohort-feature_finish,0.00,36.00)+0.20*scale(cohort_player_count,1.00,18.00)","0.20*scale(route_participation_season_avg,0.50,0.95)+0.20*scale(target_share_season_avg,0.10,0.32)+0.15*scale(air_yard_share_season_avg,0.08,0.38)+0.15*scale(routes_consistency_index,0.60,0.95)+0.15*scale(target_earning_index,0.12,0.45)+0.15*scale(opportunity_concentration_score,0.18,0.56)","0.50*scale(12.00-feature_finish,0.00,12.00)+0.25*scale(11.00-feature_games_played,0.00,11.00)+0.25*scale(0.14-feature_target_share,0.00,0.14)"
00-0034267,J.Scott,2020,2021,WR,0.0000,55.0000,0.0000,0.0000,0.0000,0.0000,47.7273,5.3864,wr_signal_score_role_balanced_v1,"0.50*scale(feature_targets_per_game,4.00,10.00)+0.50*scale(feature_target_share,0.12,0.30)","0.55*scale(feature_ppg_per_target,0.80,2.50)+0.45*scale(feature_ppg,6.00,18.00)","0.40*scale(48.00-feature_finish,0.00,36.00)+0.60*scale(expected_ppg_baseline-feature_ppg,0.00,4.00)","0.65*scale(feature_games_played,8.00,17.00)+0.35*scale(feature_total_ppr,80.00,260.00)","0.50*scale(feature_ppg_minus_cohort_expected,0.00,6.00)+0.30*scale(expected_finish_from_cohort-feature_finish,0.00,36.00)+0.20*scale(cohort_player_count,1.00,18.00)","0.20*scale(route_participation_season_avg,0.50,0.95)+0.20*scale(target_share_season_avg,0.10,0.32)+0.15*scale(air_yard_share_season_avg,0.08,0.38)+0.15*scale(routes_consistency_index,0.60,0.95)+0.15*scale(target_earning_index,0.12,0.45)+0.15*scale(opportunity_concentration_score,0.18,0.56)","0.50*scale(12.00-feature_finish,0.00,12.00)+0.25*scale(11.00-feature_games_played,0.00,11.00)+0.25*scale(0.14-feature_target_share,0.00,0.14)"
00-0035022,P.Hart,2020,2021,WR,0.0000,55.0000,0.0000,0.0000,0.0000,0.0000,47.7273,5.3864,wr_signal_score_role_balanced_v1,"0.50*scale(feature_targets_per_game,4.00,10.00)+0.50*scale(feature_target_share,0.12,0.30)","0.55*scale(feature_ppg_per_target,0.80,2.50)+0.45*scale(feature_ppg,6.00,18.00)","0.40*scale(48.00-feature_finish,0.00,36.00)+0.60*scale(expected_ppg_baseline-feature_ppg,0.00,4.00)","0.65*scale(feature_games_played,8.00,17.00)+0.35*scale(feature_total_ppr,80.00,260.00)","0.50*scale(feature_ppg_minus_cohort_expected,0.00,6.00)+0.30*scale(expected_finish_from_cohort-feature_finish,0.00,36.00)+0.20*scale(cohort_player_count,1.00,18.00)","0.20*scale(route_participation_season_avg,0.50,0.95)+0.20*scale(target_share_season_avg,0.10,0.32)+0.15*scale(air_yard_share_season_avg,0.08,0.38)+0.15*scale(routes_consistency_index,0.60,0.95)+0.15*scale(target_earning_index,0.12,0.45)+0.15*scale(opportunity_concentration_score,0.18,0.56)","0.50*scale(12.00-feature_finish,0.00,12.00)+0.25*scale(11.00-feature_games_played,0.00,11.00)+0.25*scale(0.14-feature_target_share,0.00,0.14)"
00-0032009,A.Humphries,2020,2021,WR,8.3333,36.0103,0.0000,0.0000,0.0000,0.0000,34.0909,5.3561,wr_signal_score_role_balanced_v1,"0.50*scale(feature_targets_per_game,4.00,10.00)+0.50*scale(feature_target_share,0.12,0.30)","0.55*scale(feature_ppg_per_target,0.80,2.50)+0.45*scale(feature_ppg,6.00,18.00)","0.40*scale(48.00-feature_finish,0.00,36.00)+0.60*scale(expected_ppg_baseline-feature_ppg,0.00,4.00)","0.65*scale(feature_games_played,8.00,17.00)+0.35*scale(feature_total_ppr,80.00,260.00)","0.50*scale(feature_ppg_minus_cohort_expected,0.00,6.00)+0.30*scale(expected_finish_from_cohort-feature_finish,0.00,36.00)+0.20*scale(cohort_player_count,1.00,18.00)","0.20*scale(route_participation_season_avg,0.50,0.95)+0.20*scale(target_share_season_avg,0.10,0.32)+0.15*scale(air_yard_share_season_avg,0.08,0.38)+0.15*scale(routes_consistency_index,0.60,0.95)+0.15*scale(target_earning_index,0.12,0.45)+0.15*scale(opportunity_concentration_score,0.18,0.56)","0.50*scale(12.00-feature_finish,0.00,12.00)+0.25*scale(11.00-feature_games_played,0.00,11.00)+0.25*scale(0.14-feature_target_share,0.00,0.14)"
00-0034418,C.Wilson,2020,2021,WR,0.0000,33.7626,0.0000,14.4444,0.0000,0.0000,27.2727,5.3058,wr_signal_score_role_balanced_v1,"0.50*scale(feature_targets_per_game,4.00,10.00)+0.50*scale(feature_target_share,0.12,0.30)","0.55*scale(feature_ppg_per_target,0.80,2.50)+0.45*scale(feature_ppg,6.00,18.00)","0.40*scale(48.00-feature_finish,0.00,36.00)+0.60*scale(expected_ppg_baseline-feature_ppg,0.00,4.00)","0.65*scale(feature_games_played,8.00,17.00)+0.35*scale(feature_total_ppr,80.00,260.00)","0.50*scale(feature_ppg_minus_cohort_expected,0.00,6.00)+0.30*scale(expected_finish_from_cohort-feature_finish,0.00,36.00)+0.20*scale(cohort_player_count,1.00,18.00)","0.20*scale(route_participation_season_avg,0.50,0.95)+0.20*scale(target_share_season_avg,0.10,0.32)+0.15*scale(air_yard_share_season_avg,0.08,0.38)+0.15*scale(routes_consistency_index,0.60,0.95)+0.15*scale(target_earning_index,0.12,0.45)+0.15*scale(opportunity_concentration_score,0.18,0.56)","0.50*scale(12.00-feature_finish,0.00,12.00)+0.25*scale(11.00-feature_games_played,0.00,11.00)+0.25*scale(0.14-feature_target_share,0.00,0.14)"
00-0034370,D.Hamilton,2020,2021,WR,0.0000,19.9261,0.0000,28.8889,0.0000,0.0000,25.0000,5.2445,wr_signal_score_role_balanced_v1,"0.50*scale(feature_targets_per_game,4.00,10.00)+0.50*scale(feature_target_share,0.12,0.30)","0.55*scale(feature_ppg_per_target,0.80,2.50)+0.45*scale(feature_ppg,6.00,18.00)","0.40*scale(48.00-feature_finish,0.00,36.00)+0.60*scale(expected_ppg_baseline-feature_ppg,0.00,4.00)","0.65*scale(feature_games_played,8.00,17.00)+0.35*scale(feature_total_ppr,80.00,260.00)","0.50*scale(feature_ppg_minus_cohort_expected,0.00,6.00)+0.30*scale(expected_finish_from_cohort-feature_finish,0.00,36.00)+0.20*scale(cohort_player_count,1.00,18.00)","0.20*scale(route_participation_season_avg,0.50,0.95)+0.20*scale(target_share_season_avg,0.10,0.32)+0.15*scale(air_yard_share_season_avg,0.08,0.38)+0.15*scale(routes_consistency_index,0.60,0.95)+0.15*scale(target_earning_index,0.12,0.45)+0.15*scale(opportunity_concentration_score,0.18,0.56)","0.50*scale(12.00-feature_finish,0.00,12.00)+0.25*scale(11.00-feature_games_played,0.00,11.00)+0.25*scale(0.14-feature_target_share,0.00,0.14)"
00-0035527,A.Isabella,2020,2021,WR,0.0000,24.7734,0.0000,21.6666,0.0000,0.0000,25.0000,5.0327,wr_signal_score_role_balanced_v1,"0.50*scale(feature_targets_per_game,4.00,10.00)+0.50*scale(feature_target_share,0.12,0.30)","0.55*scale(feature_ppg_per_target,0.80,2.50)+0.45*scale(feature_ppg,6.00,18.00)","0.40*scale(48.00-feature_finish,0.00,36.00)+0.60*scale(expected_ppg_baseline-feature_ppg,0.00,4.00)","0.65*scale(feature_games_played,8.00,17.00)+0.35*scale(feature_total_ppr,80.00,260.00)","0.50*scale(feature_ppg_minus_cohort_expected,0.00,6.00)+0.30*scale(expected_finish_from_cohort-feature_finish,0.00,36.00)+0.20*scale(cohort_player_count,1.00,18.00)","0.20*scale(route_participation_season_avg,0.50,0.95)+0.20*scale(target_share_season_avg,0.10,0.32)+0.15*scale(air_yard_share_season_avg,0.08,0.38)+0.15*scale(routes_consistency_index,0.60,0.95)+0.15*scale(target_earning_index,0.12,0.45)+0.15*scale(opportunity_concentration_score,0.18,0.56)","0.50*scale(12.00-feature_finish,0.00,12.00)+0.25*scale(11.00-feature_games_played,0.00,11.00)+0.25*scale(0.14-feature_target_share,0.00,0.14)"
00-0034407,R.McCloud,2020,2021,WR,0.0000,24.4118,0.0000,21.6666,0.0000,0.0000,25.0000,4.9784,wr_signal_score_role_balanced_v1,"0.50*scale(feature_targets_per_game,4.00,10.00)+0.50*scale(feature_target_share,0.12,0.30)","0.55*scale(feature_ppg_per_target,0.80,2.50)+0.45*scale(feature_ppg,6.00,18.00)","0.40*scale(48.00-feature_finish,0.00,36.00)+0.60*scale(expected_ppg_baseline-feature_ppg,0.00,4.00)","0.65*scale(feature_games_played,8.00,17.00)+0.35*scale(feature_total_ppr,80.00,260.00)","0.50*scale(feature_ppg_minus_cohort_expected,0.00,6.00)+0.30*scale(expected_finish_from_cohort-feature_finish,0.00,36.00)+0.20*scale(cohort_player_count,1.00,18.00)","0.20*scale(route_participation_season_avg,0.50,0.95)+0.20*scale(target_share_season_avg,0.10,0.32)+0.15*scale(air_yard_share_season_avg,0.08,0.38)+0.15*scale(routes_consistency_index,0.60,0.95)+0.15*scale(target_earning_index,0.12,0.45)+0.15*scale(opportunity_concentration_score,0.18,0.56)","0.50*scale(12.00-feature_finish,0.00,12.00)+0.25*scale(11.00-feature_games_played,0.00,11.00)+0.25*scale(0.14-feature_target_share,0.00,0.14)"
00-0035215,D.Harty,2020,2021,WR,0.0000,38.4348,0.0000,7.2222,0.0000,0.0000,29.5454,4.9314,wr_signal_score_role_balanced_v1,"0.50*scale(feature_targets_per_game,4.00,10.00)+0.50*scale(feature_target_share,0.12,0.30)","0.55*scale(feature_ppg_per_target,0.80,2.50)+0.45*scale(feature_ppg,6.00,18.00)","0.40*scale(48.00-feature_finish,0.00,36.00)+0.60*scale(expected_ppg_baseline-feature_ppg,0.00,4.00)","0.65*scale(feature_games_played,8.00,17.00)+0.35*scale(feature_total_ppr,80.00,260.00)","0.50*scale(feature_ppg_minus_cohort_expected,0.00,6.00)+0.30*scale(expected_finish_from_cohort-feature_finish,0.00,36.00)+0.20*scale(cohort_player_count,1.00,18.00)","0.20*scale(route_participation_season_avg,0.50,0.95)+0.20*scale(target_share_season_avg,0.10,0.32)+0.15*scale(air_yard_share_season_avg,0.08,0.38)+0.15*scale(routes_consistency_index,0.60,0.95)+0.15*scale(target_earning_index,0.12,0.45)+0.15*scale(opportunity_concentration_score,0.18,0.56)","0.50*scale(12.00-feature_finish,0.00,12.00)+0.25*scale(11.00-feature_games_played,0.00,11.00)+0.25*scale(0.14-feature_target_share,0.00,0.14)"
00-0035848,D.Harris,2020,2021,WR,0.0000,46.9103,0.0000,0.0000,0.0000,0.0000,36.3636,4.8547,wr_signal_score_role_balanced_v1,"0.50*scale(feature_targets_per_game,4.00,10.00)+0.50*scale(feature_target_share,0.12,0.30)","0.55*scale(feature_ppg_per_target,0.80,2.50)+0.45*scale(feature_ppg,6.00,18.00)","0.40*scale(48.00-feature_finish,0.00,36.00)+0.60*scale(expected_ppg_baseline-feature_ppg,0.00,4.00)","0.65*scale(feature_games_played,8.00,17.00)+0.35*scale(feature_total_ppr,80.00,260.00)","0.50*scale(feature_ppg_minus_cohort_expected,0.00,6.00)+0.30*scale(expected_finish_from_cohort-feature_finish,0.00,36.00)+0.20*scale(cohort_player_count,1.00,18.00)","0.20*scale(route_participation_season_avg,0.50,0.95)+0.20*scale(target_share_season_avg,0.10,0.32)+0.15*scale(air_yard_share_season_avg,0.08,0.38)+0.15*scale(routes_consistency_index,0.60,0.95)+0.15*scale(target_earning_index,0.12,0.45)+0.15*scale(opportunity_concentration_score,0.18,0.56)","0.50*scale(12.00-feature_finish,0.00,12.00)+0.25*scale(11.00-feature_games_played,0.00,11.00)+0.25*scale(0.14-feature_target_share,0.00,0.14)"
00-0034309,C.Beebe,2020,2021,WR,0.0000,30.3039,0.0000,14.4444,0.0000,0.0000,27.2727,4.7870,wr_signal_score_role_balanced_v1,"0.50*scale(feature_targets_per_game,4.00,10.00)+0.50*scale(feature_target_share,0.12,0.30)","0.55*scale(feature_ppg_per_target,0.80,2.50)+0.45*scale(feature_ppg,6.00,18.00)","0.40*scale(48.00-feature_finish,0.00,36.00)+0.60*scale(expected_ppg_baseline-feature_ppg,0.00,4.00)","0.65*scale(feature_games_played,8.00,17.00)+0.35*scale(feature_total_ppr,80.00,260.00)","0.50*scale(feature_ppg_minus_cohort_expected,0.00,6.00)+0.30*scale(expected_finish_from_cohort-feature_finish,0.00,36.00)+0.20*scale(cohort_player_count,1.00,18.00)","0.20*scale(route_participation_season_avg,0.50,0.95)+0.20*scale(target_share_season_avg,0.10,0.32)+0.15*scale(air_yard_share_season_avg,0.08,0.38)+0.15*scale(routes_consistency_index,0.60,0.95)+0.15*scale(target_earning_index,0.12,0.45)+0.15*scale(opportunity_concentration_score,0.18,0.56)","0.50*scale(12.00-feature_finish,0.00,12.00)+0.25*scale(11.00-feature_games_played,0.00,11.00)+0.25*scale(0.14-feature_target_share,0.00,0.14)"
00-0031319,D.Spencer,2020,2021,WR,0.0000,46.9118,0.0000,0.0000,0.0000,0.0000,38.6364,4.7186,wr_signal_score_role_balanced_v1,"0.50*scale(feature_targets_per_game,4.00,10.00)+0.50*scale(feature_target_share,0.12,0.30)","0.55*scale(feature_ppg_per_target,0.80,2.50)+0.45*scale(feature_ppg,6.00,18.00)","0.40*scale(48.00-feature_finish,0.00,36.00)+0.60*scale(expected_ppg_baseline-feature_ppg,0.00,4.00)","0.65*scale(feature_games_played,8.00,17.00)+0.35*scale(feature_total_ppr,80.00,260.00)","0.50*scale(feature_ppg_minus_cohort_expected,0.00,6.00)+0.30*scale(expected_finish_from_cohort-feature_finish,0.00,36.00)+0.20*scale(cohort_player_count,1.00,18.00)","0.20*scale(route_participation_season_avg,0.50,0.95)+0.20*scale(target_share_season_avg,0.10,0.32)+0.15*scale(air_yard_share_season_avg,0.08,0.38)+0.15*scale(routes_consistency_index,0.60,0.95)+0.15*scale(target_earning_index,0.12,0.45)+0.15*scale(opportunity_concentration_score,0.18,0.56)","0.50*scale(12.00-feature_finish,0.00,12.00)+0.25*scale(11.00-feature_games_played,0.00,11.00)+0.25*scale(0.14-feature_target_share,0.00,0.14)"
00-0034646,B.Powell,2020,2021,WR,0.0000,27.3203,0.0000,14.4444,0.0000,0.0000,27.2727,4.3395,wr_signal_score_role_balanced_v1,"0.50*scale(feature_targets_per_game,4.00,10.00)+0.50*scale(feature_target_share,0.12,0.30)","0.55*scale(feature_ppg_per_target,0.80,2.50)+0.45*scale(feature_ppg,6.00,18.00)","0.40*scale(48.00-feature_finish,0.00,36.00)+0.60*scale(expected_ppg_baseline-feature_ppg,0.00,4.00)","0.65*scale(feature_games_played,8.00,17.00)+0.35*scale(feature_total_ppr,80.00,260.00)","0.50*scale(feature_ppg_minus_cohort_expected,0.00,6.00)+0.30*scale(expected_finish_from_cohort-feature_finish,0.00,36.00)+0.20*scale(cohort_player_count,1.00,18.00)","0.20*scale(route_participation_season_avg,0.50,0.95)+0.20*scale(target_share_season_avg,0.10,0.32)+0.15*scale(air_yard_share_season_avg,0.08,0.38)+0.15*scale(routes_consistency_index,0.60,0.95)+0.15*scale(target_earning_index,0.12,0.45)+0.15*scale(opportunity_concentration_score,0.18,0.56)","0.50*scale(12.00-feature_finish,0.00,12.00)+0.25*scale(11.00-feature_games_played,0.00,11.00)+0.25*scale(0.14-feature_target_share,0.00,0.14)"
00-0036255,D.Mims,2020,2021,WR,7.4075,21.5414,0.0000,7.2222,0.0000,0.0000,29.5454,4.1752,wr_signal_score_role_balanced_v1,"0.50*scale(feature_targets_per_game,4.00,10.00)+0.50*scale(feature_target_share,0.12,0.30)","0.55*scale(feature_ppg_per_target,0.80,2.50)+0.45*scale(feature_ppg,6.00,18.00)","0.40*scale(48.00-feature_finish,0.00,36.00)+0.60*scale(expected_ppg_baseline-feature_ppg,0.00,4.00)","0.65*scale(feature_games_played,8.00,17.00)+0.35*scale(feature_total_ppr,80.00,260.00)","0.50*scale(feature_ppg_minus_cohort_expected,0.00,6.00)+0.30*scale(expected_finish_from_cohort-feature_finish,0.00,36.00)+0.20*scale(cohort_player_count,1.00,18.00)","0.20*scale(route_participation_season_avg,0.50,0.95)+0.20*scale(target_share_season_avg,0.10,0.32)+0.15*scale(air_yard_share_season_avg,0.08,0.38)+0.15*scale(routes_consistency_index,0.60,0.95)+0.15*scale(target_earning_index,0.12,0.45)+0.15*scale(opportunity_concentration_score,0.18,0.56)","0.50*scale(12.00-feature_finish,0.00,12.00)+0.25*scale(11.00-feature_games_played,0.00,11.00)+0.25*scale(0.14-feature_target_share,0.00,0.14)"
00-0036142,I.Wright,2020,2021,WR,0.0000,18.7650,0.0000,21.6666,0.0000,0.0000,25.0000,4.1314,wr_signal_score_role_balanced_v1,"0.50*scale(feature_targets_per_game,4.00,10.00)+0.50*scale(feature_target_share,0.12,0.30)","0.55*scale(feature_ppg_per_target,0.80,2.50)+0.45*scale(feature_ppg,6.00,18.00)","0.40*scale(48.00-feature_finish,0.00,36.00)+0.60*scale(expected_ppg_baseline-feature_ppg,0.00,4.00)","0.65*scale(feature_games_played,8.00,17.00)+0.35*scale(feature_total_ppr,80.00,260.00)","0.50*scale(feature_ppg_minus_cohort_expected,0.00,6.00)+0.30*scale(expected_finish_from_cohort-feature_finish,0.00,36.00)+0.20*scale(cohort_player_count,1.00,18.00)","0.20*scale(route_participation_season_avg,0.50,0.95)+0.20*scale(target_share_season_avg,0.10,0.32)+0.15*scale(air_yard_share_season_avg,0.08,0.38)+0.15*scale(routes_consistency_index,0.60,0.95)+0.15*scale(target_earning_index,0.12,0.45)+0.15*scale(opportunity_concentration_score,0.18,0.56)","0.50*scale(12.00-feature_finish,0.00,12.00)+0.25*scale(11.00-feature_games_played,0.00,11.00)+0.25*scale(0.14-feature_target_share,0.00,0.14)"
00-0033386,C.Hollister,2020,2021,WR,0.0000,45.2941,0.0000,0.0000,0.0000,0.0000,47.7273,3.9305,wr_signal_score_role_balanced_v1,"0.50*scale(feature_targets_per_game,4.00,10.00)+0.50*scale(feature_target_share,0.12,0.30)","0.55*scale(feature_ppg_per_target,0.80,2.50)+0.45*scale(feature_ppg,6.00,18.00)","0.40*scale(48.00-feature_finish,0.00,36.00)+0.60*scale(expected_ppg_baseline-feature_ppg,0.00,4.00)","0.65*scale(feature_games_played,8.00,17.00)+0.35*scale(feature_total_ppr,80.00,260.00)","0.50*scale(feature_ppg_minus_cohort_expected,0.00,6.00)+0.30*scale(expected_finish_from_cohort-feature_finish,0.00,36.00)+0.20*scale(cohort_player_count,1.00,18.00)","0.20*scale(route_participation_season_avg,0.50,0.95)+0.20*scale(target_share_season_avg,0.10,0.32)+0.15*scale(air_yard_share_season_avg,0.08,0.38)+0.15*scale(routes_consistency_index,0.60,0.95)+0.15*scale(target_earning_index,0.12,0.45)+0.15*scale(opportunity_concentration_score,0.18,0.56)","0.50*scale(12.00-feature_finish,0.00,12.00)+0.25*scale(11.00-feature_games_played,0.00,11.00)+0.25*scale(0.14-feature_target_share,0.00,0.14)"
00-0034279,E.St. Brown,2020,2021,WR,0.0000,37.3303,0.0000,0.0000,0.0000,0.0000,31.8182,3.6905,wr_signal_score_role_balanced_v1,"0.50*scale(feature_targets_per_game,4.00,10.00)+0.50*scale(feature_target_share,0.12,0.30)","0.55*scale(feature_ppg_per_target,0.80,2.50)+0.45*scale(feature_ppg,6.00,18.00)","0.40*scale(48.00-feature_finish,0.00,36.00)+0.60*scale(expected_ppg_baseline-feature_ppg,0.00,4.00)","0.65*scale(feature_games_played,8.00,17.00)+0.35*scale(feature_total_ppr,80.00,260.00)","0.50*scale(feature_ppg_minus_cohort_expected,0.00,6.00)+0.30*scale(expected_finish_from_cohort-feature_finish,0.00,36.00)+0.20*scale(cohort_player_count,1.00,18.00)","0.20*scale(route_participation_season_avg,0.50,0.95)+0.20*scale(target_share_season_avg,0.10,0.32)+0.15*scale(air_yard_share_season_avg,0.08,0.38)+0.15*scale(routes_consistency_index,0.60,0.95)+0.15*scale(target_earning_index,0.12,0.45)+0.15*scale(opportunity_concentration_score,0.18,0.56)","0.50*scale(12.00-feature_finish,0.00,12.00)+0.25*scale(11.00-feature_games_played,0.00,11.00)+0.25*scale(0.14-feature_target_share,0.00,0.14)"
00-0027902,D.Bryant,2020,2021,WR,0.0000,40.8824,0.0000,0.0000,0.0000,0.0000,40.9091,3.6778,wr_signal_score_role_balanced_v1,"0.50*scale(feature_targets_per_game,4.00,10.00)+0.50*scale(feature_target_share,0.12,0.30)","0.55*scale(feature_ppg_per_target,0.80,2.50)+0.45*scale(feature_ppg,6.00,18.00)","0.40*scale(48.00-feature_finish,0.00,36.00)+0.60*scale(expected_ppg_baseline-feature_ppg,0.00,4.00)","0.65*scale(feature_games_played,8.00,17.00)+0.35*scale(feature_total_ppr,80.00,260.00)","0.50*scale(feature_ppg_minus_cohort_expected,0.00,6.00)+0.30*scale(expected_finish_from_cohort-feature_finish,0.00,36.00)+0.20*scale(cohort_player_count,1.00,18.00)","0.20*scale(route_participation_season_avg,0.50,0.95)+0.20*scale(target_share_season_avg,0.10,0.32)+0.15*scale(air_yard_share_season_avg,0.08,0.38)+0.15*scale(routes_consistency_index,0.60,0.95)+0.15*scale(target_earning_index,0.12,0.45)+0.15*scale(opportunity_concentration_score,0.18,0.56)","0.50*scale(12.00-feature_finish,0.00,12.00)+0.25*scale(11.00-feature_games_played,0.00,11.00)+0.25*scale(0.14-feature_target_share,0.00,0.14)"
00-0033481,M.Kemp,2020,2021,WR,0.0000,42.0588,0.0000,0.0000,0.0000,0.0000,47.7273,3.4452,wr_signal_score_role_balanced_v1,"0.50*scale(feature_targets_per_game,4.00,10.00)+0.50*scale(feature_target_share,0.12,0.30)","0.55*scale(feature_ppg_per_target,0.80,2.50)+0.45*scale(feature_ppg,6.00,18.00)","0.40*scale(48.00-feature_finish,0.00,36.00)+0.60*scale(expected_ppg_baseline-feature_ppg,0.00,4.00)","0.65*scale(feature_games_played,8.00,17.00)+0.35*scale(feature_total_ppr,80.00,260.00)","0.50*scale(feature_ppg_minus_cohort_expected,0.00,6.00)+0.30*scale(expected_finish_from_cohort-feature_finish,0.00,36.00)+0.20*scale(cohort_player_count,1.00,18.00)","0.20*scale(route_participation_season_avg,0.50,0.95)+0.20*scale(target_share_season_avg,0.10,0.32)+0.15*scale(air_yard_share_season_avg,0.08,0.38)+0.15*scale(routes_consistency_index,0.60,0.95)+0.15*scale(target_earning_index,0.12,0.45)+0.15*scale(opportunity_concentration_score,0.18,0.56)","0.50*scale(12.00-feature_finish,0.00,12.00)+0.25*scale(11.00-feature_games_played,0.00,11.00)+0.25*scale(0.14-feature_target_share,0.00,0.14)"
00-0035208,O.Zaccheaus,2020,2021,WR,0.0000,28.1059,0.0000,7.2222,0.0000,0.0000,29.5454,3.3820,wr_signal_score_role_balanced_v1,"0.50*scale(feature_targets_per_game,4.00,10.00)+0.50*scale(feature_target_share,0.12,0.30)","0.55*scale(feature_ppg_per_target,0.80,2.50)+0.45*scale(feature_ppg,6.00,18.00)","0.40*scale(48.00-feature_finish,0.00,36.00)+0.60*scale(expected_ppg_baseline-feature_ppg,0.00,4.00)","0.65*scale(feature_games_played,8.00,17.00)+0.35*scale(feature_total_ppr,80.00,260.00)","0.50*scale(feature_ppg_minus_cohort_expected,0.00,6.00)+0.30*scale(expected_finish_from_cohort-feature_finish,0.00,36.00)+0.20*scale(cohort_player_count,1.00,18.00)","0.20*scale(route_participation_season_avg,0.50,0.95)+0.20*scale(target_share_season_avg,0.10,0.32)+0.15*scale(air_yard_share_season_avg,0.08,0.38)+0.15*scale(routes_consistency_index,0.60,0.95)+0.15*scale(target_earning_index,0.12,0.45)+0.15*scale(opportunity_concentration_score,0.18,0.56)","0.50*scale(12.00-feature_finish,0.00,12.00)+0.25*scale(11.00-feature_games_played,0.00,11.00)+0.25*scale(0.14-feature_target_share,0.00,0.14)"
00-0033114,M.Thomas,2020,2021,WR,0.0000,20.7983,0.0000,14.4444,0.0000,0.0000,27.2727,3.3612,wr_signal_score_role_balanced_v1,"0.50*scale(feature_targets_per_game,4.00,10.00)+0.50*scale(feature_target_share,0.12,0.30)","0.55*scale(feature_ppg_per_target,0.80,2.50)+0.45*scale(feature_ppg,6.00,18.00)","0.40*scale(48.00-feature_finish,0.00,36.00)+0.60*scale(expected_ppg_baseline-feature_ppg,0.00,4.00)","0.65*scale(feature_games_played,8.00,17.00)+0.35*scale(feature_total_ppr,80.00,260.00)","0.50*scale(feature_ppg_minus_cohort_expected,0.00,6.00)+0.30*scale(expected_finish_from_cohort-feature_finish,0.00,36.00)+0.20*scale(cohort_player_count,1.00,18.00)","0.20*scale(route_participation_season_avg,0.50,0.95)+0.20*scale(target_share_season_avg,0.10,0.32)+0.15*scale(air_yard_share_season_avg,0.08,0.38)+0.15*scale(routes_consistency_index,0.60,0.95)+0.15*scale(target_earning_index,0.12,0.45)+0.15*scale(opportunity_concentration_score,0.18,0.56)","0.50*scale(12.00-feature_finish,0.00,12.00)+0.25*scale(11.00-feature_games_played,0.00,11.00)+0.25*scale(0.14-feature_target_share,0.00,0.14)"
00-0033471,I.Ford,2020,2021,WR,7.4075,15.6667,0.0000,7.2222,0.0000,0.0000,29.5454,3.2940,wr_signal_score_role_balanced_v1,"0.50*scale(feature_targets_per_game,4.00,10.00)+0.50*scale(feature_target_share,0.12,0.30)","0.55*scale(feature_ppg_per_target,0.80,2.50)+0.45*scale(feature_ppg,6.00,18.00)","0.40*scale(48.00-feature_finish,0.00,36.00)+0.60*scale(expected_ppg_baseline-feature_ppg,0.00,4.00)","0.65*scale(feature_games_played,8.00,17.00)+0.35*scale(feature_total_ppr,80.00,260.00)","0.50*scale(feature_ppg_minus_cohort_expected,0.00,6.00)+0.30*scale(expected_finish_from_cohort-feature_finish,0.00,36.00)+0.20*scale(cohort_player_count,1.00,18.00)","0.20*scale(route_participation_season_avg,0.50,0.95)+0.20*scale(target_share_season_avg,0.10,0.32)+0.15*scale(air_yard_share_season_avg,0.08,0.38)+0.15*scale(routes_consistency_index,0.60,0.95)+0.15*scale(target_earning_index,0.12,0.45)+0.15*scale(opportunity_concentration_score,0.18,0.56)","0.50*scale(12.00-feature_finish,0.00,12.00)+0.25*scale(11.00-feature_games_played,0.00,11.00)+0.25*scale(0.14-feature_target_share,0.00,0.14)"
00-0033859,J.Malone,2020,2021,WR,16.6667,13.7843,0.0000,0.0000,0.0000,0.0000,47.7273,3.2040,wr_signal_score_role_balanced_v1,"0.50*scale(feature_targets_per_game,4.00,10.00)+0.50*scale(feature_target_share,0.12,0.30)","0.55*scale(feature_ppg_per_target,0.80,2.50)+0.45*scale(feature_ppg,6.00,18.00)","0.40*scale(48.00-feature_finish,0.00,36.00)+0.60*scale(expected_ppg_baseline-feature_ppg,0.00,4.00)","0.65*scale(feature_games_played,8.00,17.00)+0.35*scale(feature_total_ppr,80.00,260.00)","0.50*scale(feature_ppg_minus_cohort_expected,0.00,6.00)+0.30*scale(expected_finish_from_cohort-feature_finish,0.00,36.00)+0.20*scale(cohort_player_count,1.00,18.00)","0.20*scale(route_participation_season_avg,0.50,0.95)+0.20*scale(target_share_season_avg,0.10,0.32)+0.15*scale(air_yard_share_season_avg,0.08,0.38)+0.15*scale(routes_consistency_index,0.60,0.95)+0.15*scale(target_earning_index,0.12,0.45)+0.15*scale(opportunity_concentration_score,0.18,0.56)","0.50*scale(12.00-feature_finish,0.00,12.00)+0.25*scale(11.00-feature_games_played,0.00,11.00)+0.25*scale(0.14-feature_target_share,0.00,0.14)"
00-0029632,M.Sanu,2020,2021,WR,0.0000,34.5022,0.0000,0.0000,0.0000,0.0000,34.0909,3.1299,wr_signal_score_role_balanced_v1,"0.50*scale(feature_targets_per_game,4.00,10.00)+0.50*scale(feature_target_share,0.12,0.30)","0.55*scale(feature_ppg_per_target,0.80,2.50)+0.45*scale(feature_ppg,6.00,18.00)","0.40*scale(48.00-feature_finish,0.00,36.00)+0.60*scale(expected_ppg_baseline-feature_ppg,0.00,4.00)","0.65*scale(feature_games_played,8.00,17.00)+0.35*scale(feature_total_ppr,80.00,260.00)","0.50*scale(feature_ppg_minus_cohort_expected,0.00,6.00)+0.30*scale(expected_finish_from_cohort-feature_finish,0.00,36.00)+0.20*scale(cohort_player_count,1.00,18.00)","0.20*scale(route_participation_season_avg,0.50,0.95)+0.20*scale(target_share_season_avg,0.10,0.32)+0.15*scale(air_yard_share_season_avg,0.08,0.38)+0.15*scale(routes_consistency_index,0.60,0.95)+0.15*scale(target_earning_index,0.12,0.45)+0.15*scale(opportunity_concentration_score,0.18,0.56)","0.50*scale(12.00-feature_finish,0.00,12.00)+0.25*scale(11.00-feature_games_played,0.00,11.00)+0.25*scale(0.14-feature_target_share,0.00,0.14)"
00-0036219,M.Callaway,2020,2021,WR,4.1666,28.7414,0.0000,0.0000,0.0000,0.0000,36.3636,3.1294,wr_signal_score_role_balanced_v1,"0.50*scale(feature_targets_per_game,4.00,10.00)+0.50*scale(feature_target_share,0.12,0.30)","0.55*scale(feature_ppg_per_target,0.80,2.50)+0.45*scale(feature_ppg,6.00,18.00)","0.40*scale(48.00-feature_finish,0.00,36.00)+0.60*scale(expected_ppg_baseline-feature_ppg,0.00,4.00)","0.65*scale(feature_games_played,8.00,17.00)+0.35*scale(feature_total_ppr,80.00,260.00)","0.50*scale(feature_ppg_minus_cohort_expected,0.00,6.00)+0.30*scale(expected_finish_from_cohort-feature_finish,0.00,36.00)+0.20*scale(cohort_player_count,1.00,18.00)","0.20*scale(route_participation_season_avg,0.50,0.95)+0.20*scale(target_share_season_avg,0.10,0.32)+0.15*scale(air_yard_share_season_avg,0.08,0.38)+0.15*scale(routes_consistency_index,0.60,0.95)+0.15*scale(target_earning_index,0.12,0.45)+0.15*scale(opportunity_concentration_score,0.18,0.56)","0.50*scale(12.00-feature_finish,0.00,12.00)+0.25*scale(11.00-feature_games_played,0.00,11.00)+0.25*scale(0.14-feature_target_share,0.00,0.14)"
00-0035006,O.Johnson,2020,2021,WR,0.0000,33.5449,0.0000,0.0000,0.0000,0.0000,31.8182,3.1226,wr_signal_score_role_balanced_v1,"0.50*scale(feature_targets_per_game,4.00,10.00)+0.50*scale(feature_target_share,0.12,0.30)","0.55*scale(feature_ppg_per_target,0.80,2.50)+0.45*scale(feature_ppg,6.00,18.00)","0.40*scale(48.00-feature_finish,0.00,36.00)+0.60*scale(expected_ppg_baseline-feature_ppg,0.00,4.00)","0.65*scale(feature_games_played,8.00,17.00)+0.35*scale(feature_total_ppr,80.00,260.00)","0.50*scale(feature_ppg_minus_cohort_expected,0.00,6.00)+0.30*scale(expected_finish_from_cohort-feature_finish,0.00,36.00)+0.20*scale(cohort_player_count,1.00,18.00)","0.20*scale(route_participation_season_avg,0.50,0.95)+0.20*scale(target_share_season_avg,0.10,0.32)+0.15*scale(air_yard_share_season_avg,0.08,0.38)+0.15*scale(routes_consistency_index,0.60,0.95)+0.15*scale(target_earning_index,0.12,0.45)+0.15*scale(opportunity_concentration_score,0.18,0.56)","0.50*scale(12.00-feature_finish,0.00,12.00)+0.25*scale(11.00-feature_games_played,0.00,11.00)+0.25*scale(0.14-feature_target_share,0.00,0.14)"
00-0035639,P.Campbell,2020,2021,WR,4.1666,32.0233,0.0000,0.0000,0.0000,0.0000,45.4545,3.0762,wr_signal_score_role_balanced_v1,"0.50*scale(feature_targets_per_game,4.00,10.00)+0.50*scale(feature_target_share,0.12,0.30)","0.55*scale(feature_ppg_per_target,0.80,2.50)+0.45*scale(feature_ppg,6.00,18.00)","0.40*scale(48.00-feature_finish,0.00,36.00)+0.60*scale(expected_ppg_baseline-feature_ppg,0.00,4.00)","0.65*scale(feature_games_played,8.00,17.00)+0.35*scale(feature_total_ppr,80.00,260.00)","0.50*scale(feature_ppg_minus_cohort_expected,0.00,6.00)+0.30*scale(expected_finish_from_cohort-feature_finish,0.00,36.00)+0.20*scale(cohort_player_count,1.00,18.00)","0.20*scale(route_participation_season_avg,0.50,0.95)+0.20*scale(target_share_season_avg,0.10,0.32)+0.15*scale(air_yard_share_season_avg,0.08,0.38)+0.15*scale(routes_consistency_index,0.60,0.95)+0.15*scale(target_earning_index,0.12,0.45)+0.15*scale(opportunity_concentration_score,0.18,0.56)","0.50*scale(12.00-feature_finish,0.00,12.00)+0.25*scale(11.00-feature_games_played,0.00,11.00)+0.25*scale(0.14-feature_target_share,0.00,0.14)"
00-0032464,K.Raymond,2020,2021,WR,0.0000,33.2157,0.0000,0.0000,0.0000,0.0000,31.8182,3.0733,wr_signal_score_role_balanced_v1,"0.50*scale(feature_targets_per_game,4.00,10.00)+0.50*scale(feature_target_share,0.12,0.30)","0.55*scale(feature_ppg_per_target,0.80,2.50)+0.45*scale(feature_ppg,6.00,18.00)","0.40*scale(48.00-feature_finish,0.00,36.00)+0.60*scale(expected_ppg_baseline-feature_ppg,0.00,4.00)","0.65*scale(feature_games_played,8.00,17.00)+0.35*scale(feature_total_ppr,80.00,260.00)","0.50*scale(feature_ppg_minus_cohort_expected,0.00,6.00)+0.30*scale(expected_finish_from_cohort-feature_finish,0.00,36.00)+0.20*scale(cohort_player_count,1.00,18.00)","0.20*scale(route_participation_season_avg,0.50,0.95)+0.20*scale(target_share_season_avg,0.10,0.32)+0.15*scale(air_yard_share_season_avg,0.08,0.38)+0.15*scale(routes_consistency_index,0.60,0.95)+0.15*scale(target_earning_index,0.12,0.45)+0.15*scale(opportunity_concentration_score,0.18,0.56)","0.50*scale(12.00-feature_finish,0.00,12.00)+0.25*scale(11.00-feature_games_played,0.00,11.00)+0.25*scale(0.14-feature_target_share,0.00,0.14)"
00-0035590,R.Ridley,2020,2021,WR,0.0000,38.0147,0.0000,0.0000,0.0000,0.0000,45.4545,2.9749,wr_signal_score_role_balanced_v1,"0.50*scale(feature_targets_per_game,4.00,10.00)+0.50*scale(feature_target_share,0.12,0.30)","0.55*scale(feature_ppg_per_target,0.80,2.50)+0.45*scale(feature_ppg,6.00,18.00)","0.40*scale(48.00-feature_finish,0.00,36.00)+0.60*scale(expected_ppg_baseline-feature_ppg,0.00,4.00)","0.65*scale(feature_games_played,8.00,17.00)+0.35*scale(feature_total_ppr,80.00,260.00)","0.50*scale(feature_ppg_minus_cohort_expected,0.00,6.00)+0.30*scale(expected_finish_from_cohort-feature_finish,0.00,36.00)+0.20*scale(cohort_player_count,1.00,18.00)","0.20*scale(route_participation_season_avg,0.50,0.95)+0.20*scale(target_share_season_avg,0.10,0.32)+0.15*scale(air_yard_share_season_avg,0.08,0.38)+0.15*scale(routes_consistency_index,0.60,0.95)+0.15*scale(target_earning_index,0.12,0.45)+0.15*scale(opportunity_concentration_score,0.18,0.56)","0.50*scale(12.00-feature_finish,0.00,12.00)+0.25*scale(11.00-feature_games_played,0.00,11.00)+0.25*scale(0.14-feature_target_share,0.00,0.14)"
00-0029137,A.Jeffery,2020,2021,WR,0.0000,32.6032,0.0000,0.0000,0.0000,0.0000,34.0909,2.8450,wr_signal_score_role_balanced_v1,"0.50*scale(feature_targets_per_game,4.00,10.00)+0.50*scale(feature_target_share,0.12,0.30)","0.55*scale(feature_ppg_per_target,0.80,2.50)+0.45*scale(feature_ppg,6.00,18.00)","0.40*scale(48.00-feature_finish,0.00,36.00)+0.60*scale(expected_ppg_baseline-feature_ppg,0.00,4.00)","0.65*scale(feature_games_played,8.00,17.00)+0.35*scale(feature_total_ppr,80.00,260.00)","0.50*scale(feature_ppg_minus_cohort_expected,0.00,6.00)+0.30*scale(expected_finish_from_cohort-feature_finish,0.00,36.00)+0.20*scale(cohort_player_count,1.00,18.00)","0.20*scale(route_participation_season_avg,0.50,0.95)+0.20*scale(target_share_season_avg,0.10,0.32)+0.15*scale(air_yard_share_season_avg,0.08,0.38)+0.15*scale(routes_consistency_index,0.60,0.95)+0.15*scale(target_earning_index,0.12,0.45)+0.15*scale(opportunity_concentration_score,0.18,0.56)","0.50*scale(12.00-feature_finish,0.00,12.00)+0.25*scale(11.00-feature_games_played,0.00,11.00)+0.25*scale(0.14-feature_target_share,0.00,0.14)"
00-0035246,J.Arcega-Whiteside,2020,2021,WR,0.0000,32.7573,0.0000,0.0000,0.0000,0.0000,38.6364,2.5954,wr_signal_score_role_balanced_v1,"0.50*scale(feature_targets_per_game,4.00,10.00)+0.50*scale(feature_target_share,0.12,0.30)","0.55*scale(feature_ppg_per_target,0.80,2.50)+0.45*scale(feature_ppg,6.00,18.00)","0.40*scale(48.00-feature_finish,0.00,36.00)+0.60*scale(expected_ppg_baseline-feature_ppg,0.00,4.00)","0.65*scale(feature_games_played,8.00,17.00)+0.35*scale(feature_total_ppr,80.00,260.00)","0.50*scale(feature_ppg_minus_cohort_expected,0.00,6.00)+0.30*scale(expected_finish_from_cohort-feature_finish,0.00,36.00)+0.20*scale(cohort_player_count,1.00,18.00)","0.20*scale(route_participation_season_avg,0.50,0.95)+0.20*scale(target_share_season_avg,0.10,0.32)+0.15*scale(air_yard_share_season_avg,0.08,0.38)+0.15*scale(routes_consistency_index,0.60,0.95)+0.15*scale(target_earning_index,0.12,0.45)+0.15*scale(opportunity_concentration_score,0.18,0.56)","0.50*scale(12.00-feature_finish,0.00,12.00)+0.25*scale(11.00-feature_games_played,0.00,11.00)+0.25*scale(0.14-feature_target_share,0.00,0.14)"
00-0033555,M.Hollins,2020,2021,WR,0.0000,22.7761,0.0000,7.2222,0.0000,0.0000,29.5454,2.5826,wr_signal_score_role_balanced_v1,"0.50*scale(feature_targets_per_game,4.00,10.00)+0.50*scale(feature_target_share,0.12,0.30)","0.55*scale(feature_ppg_per_target,0.80,2.50)+0.45*scale(feature_ppg,6.00,18.00)","0.40*scale(48.00-feature_finish,0.00,36.00)+0.60*scale(expected_ppg_baseline-feature_ppg,0.00,4.00)","0.65*scale(feature_games_played,8.00,17.00)+0.35*scale(feature_total_ppr,80.00,260.00)","0.50*scale(feature_ppg_minus_cohort_expected,0.00,6.00)+0.30*scale(expected_finish_from_cohort-feature_finish,0.00,36.00)+0.20*scale(cohort_player_count,1.00,18.00)","0.20*scale(route_participation_season_avg,0.50,0.95)+0.20*scale(target_share_season_avg,0.10,0.32)+0.15*scale(air_yard_share_season_avg,0.08,0.38)+0.15*scale(routes_consistency_index,0.60,0.95)+0.15*scale(target_earning_index,0.12,0.45)+0.15*scale(opportunity_concentration_score,0.18,0.56)","0.50*scale(12.00-feature_finish,0.00,12.00)+0.25*scale(11.00-feature_games_played,0.00,11.00)+0.25*scale(0.14-feature_target_share,0.00,0.14)"
00-0036364,L.Bowden,2020,2021,WR,0.9258,20.9683,0.0000,7.2222,0.0000,0.0000,29.5454,2.5336,wr_signal_score_role_balanced_v1,"0.50*scale(feature_targets_per_game,4.00,10.00)+0.50*scale(feature_target_share,0.12,0.30)","0.55*scale(feature_ppg_per_target,0.80,2.50)+0.45*scale(feature_ppg,6.00,18.00)","0.40*scale(48.00-feature_finish,0.00,36.00)+0.60*scale(expected_ppg_baseline-feature_ppg,0.00,4.00)","0.65*scale(feature_games_played,8.00,17.00)+0.35*scale(feature_total_ppr,80.00,260.00)","0.50*scale(feature_ppg_minus_cohort_expected,0.00,6.00)+0.30*scale(expected_finish_from_cohort-feature_finish,0.00,36.00)+0.20*scale(cohort_player_count,1.00,18.00)","0.20*scale(route_participation_season_avg,0.50,0.95)+0.20*scale(target_share_season_avg,0.10,0.32)+0.15*scale(air_yard_share_season_avg,0.08,0.38)+0.15*scale(routes_consistency_index,0.60,0.95)+0.15*scale(target_earning_index,0.12,0.45)+0.15*scale(opportunity_concentration_score,0.18,0.56)","0.50*scale(12.00-feature_finish,0.00,12.00)+0.25*scale(11.00-feature_games_played,0.00,11.00)+0.25*scale(0.14-feature_target_share,0.00,0.14)"
00-0036271,Q.Watkins,2020,2021,WR,0.0000,32.8507,0.0000,0.0000,0.0000,0.0000,40.9091,2.4731,wr_signal_score_role_balanced_v1,"0.50*scale(feature_targets_per_game,4.00,10.00)+0.50*scale(feature_target_share,0.12,0.30)","0.55*scale(feature_ppg_per_target,0.80,2.50)+0.45*scale(feature_ppg,6.00,18.00)","0.40*scale(48.00-feature_finish,0.00,36.00)+0.60*scale(expected_ppg_baseline-feature_ppg,0.00,4.00)","0.65*scale(feature_games_played,8.00,17.00)+0.35*scale(feature_total_ppr,80.00,260.00)","0.50*scale(feature_ppg_minus_cohort_expected,0.00,6.00)+0.30*scale(expected_finish_from_cohort-feature_finish,0.00,36.00)+0.20*scale(cohort_player_count,1.00,18.00)","0.20*scale(route_participation_season_avg,0.50,0.95)+0.20*scale(target_share_season_avg,0.10,0.32)+0.15*scale(air_yard_share_season_avg,0.08,0.38)+0.15*scale(routes_consistency_index,0.60,0.95)+0.15*scale(target_earning_index,0.12,0.45)+0.15*scale(opportunity_concentration_score,0.18,0.56)","0.50*scale(12.00-feature_finish,0.00,12.00)+0.25*scale(11.00-feature_games_played,0.00,11.00)+0.25*scale(0.14-feature_target_share,0.00,0.14)"
00-0028411,D.Inman,2020,2021,WR,0.0000,29.9192,0.0000,0.0000,0.0000,0.0000,34.0909,2.4424,wr_signal_score_role_balanced_v1,"0.50*scale(feature_targets_per_game,4.00,10.00)+0.50*scale(feature_target_share,0.12,0.30)","0.55*scale(feature_ppg_per_target,0.80,2.50)+0.45*scale(feature_ppg,6.00,18.00)","0.40*scale(48.00-feature_finish,0.00,36.00)+0.60*scale(expected_ppg_baseline-feature_ppg,0.00,4.00)","0.65*scale(feature_games_played,8.00,17.00)+0.35*scale(feature_total_ppr,80.00,260.00)","0.50*scale(feature_ppg_minus_cohort_expected,0.00,6.00)+0.30*scale(expected_finish_from_cohort-feature_finish,0.00,36.00)+0.20*scale(cohort_player_count,1.00,18.00)","0.20*scale(route_participation_season_avg,0.50,0.95)+0.20*scale(target_share_season_avg,0.10,0.32)+0.15*scale(air_yard_share_season_avg,0.08,0.38)+0.15*scale(routes_consistency_index,0.60,0.95)+0.15*scale(target_earning_index,0.12,0.45)+0.15*scale(opportunity_concentration_score,0.18,0.56)","0.50*scale(12.00-feature_finish,0.00,12.00)+0.25*scale(11.00-feature_games_played,0.00,11.00)+0.25*scale(0.14-feature_target_share,0.00,0.14)"
00-0034854,K.Hodge,2020,2021,WR,0.0000,29.3073,0.0000,0.0000,0.0000,0.0000,34.0909,2.3506,wr_signal_score_role_balanced_v1,"0.50*scale(feature_targets_per_game,4.00,10.00)+0.50*scale(feature_target_share,0.12,0.30)","0.55*scale(feature_ppg_per_target,0.80,2.50)+0.45*scale(feature_ppg,6.00,18.00)","0.40*scale(48.00-feature_finish,0.00,36.00)+0.60*scale(expected_ppg_baseline-feature_ppg,0.00,4.00)","0.65*scale(feature_games_played,8.00,17.00)+0.35*scale(feature_total_ppr,80.00,260.00)","0.50*scale(feature_ppg_minus_cohort_expected,0.00,6.00)+0.30*scale(expected_finish_from_cohort-feature_finish,0.00,36.00)+0.20*scale(cohort_player_count,1.00,18.00)","0.20*scale(route_participation_season_avg,0.50,0.95)+0.20*scale(target_share_season_avg,0.10,0.32)+0.15*scale(air_yard_share_season_avg,0.08,0.38)+0.15*scale(routes_consistency_index,0.60,0.95)+0.15*scale(target_earning_index,0.12,0.45)+0.15*scale(opportunity_concentration_score,0.18,0.56)","0.50*scale(12.00-feature_finish,0.00,12.00)+0.25*scale(11.00-feature_games_played,0.00,11.00)+0.25*scale(0.14-feature_target_share,0.00,0.14)"
00-0032543,A.Erickson,2020,2021,WR,0.0000,20.9340,0.0000,7.2222,0.0000,0.0000,29.5454,2.3063,wr_signal_score_role_balanced_v1,"0.50*scale(feature_targets_per_game,4.00,10.00)+0.50*scale(feature_target_share,0.12,0.30)","0.55*scale(feature_ppg_per_target,0.80,2.50)+0.45*scale(feature_ppg,6.00,18.00)","0.40*scale(48.00-feature_finish,0.00,36.00)+0.60*scale(expected_ppg_baseline-feature_ppg,0.00,4.00)","0.65*scale(feature_games_played,8.00,17.00)+0.35*scale(feature_total_ppr,80.00,260.00)","0.50*scale(feature_ppg_minus_cohort_expected,0.00,6.00)+0.30*scale(expected_finish_from_cohort-feature_finish,0.00,36.00)+0.20*scale(cohort_player_count,1.00,18.00)","0.20*scale(route_participation_season_avg,0.50,0.95)+0.20*scale(target_share_season_avg,0.10,0.32)+0.15*scale(air_yard_share_season_avg,0.08,0.38)+0.15*scale(routes_consistency_index,0.60,0.95)+0.15*scale(target_earning_index,0.12,0.45)+0.15*scale(opportunity_concentration_score,0.18,0.56)","0.50*scale(12.00-feature_finish,0.00,12.00)+0.25*scale(11.00-feature_games_played,0.00,11.00)+0.25*scale(0.14-feature_target_share,0.00,0.14)"
00-0034426,J.Wims,2020,2021,WR,0.0000,19.9521,0.0000,7.2222,0.0000,0.0000,29.5454,2.1590,wr_signal_score_role_balanced_v1,"0.50*scale(feature_targets_per_game,4.00,10.00)+0.50*scale(feature_target_share,0.12,0.30)","0.55*scale(feature_ppg_per_target,0.80,2.50)+0.45*scale(feature_ppg,6.00,18.00)","0.40*scale(48.00-feature_finish,0.00,36.00)+0.60*scale(expected_ppg_baseline-feature_ppg,0.00,4.00)","0.65*scale(feature_games_played,8.00,17.00)+0.35*scale(feature_total_ppr,80.00,260.00)","0.50*scale(feature_ppg_minus_cohort_expected,0.00,6.00)+0.30*scale(expected_finish_from_cohort-feature_finish,0.00,36.00)+0.20*scale(cohort_player_count,1.00,18.00)","0.20*scale(route_participation_season_avg,0.50,0.95)+0.20*scale(target_share_season_avg,0.10,0.32)+0.15*scale(air_yard_share_season_avg,0.08,0.38)+0.15*scale(routes_consistency_index,0.60,0.95)+0.15*scale(target_earning_index,0.12,0.45)+0.15*scale(opportunity_concentration_score,0.18,0.56)","0.50*scale(12.00-feature_finish,0.00,12.00)+0.25*scale(11.00-feature_games_played,0.00,11.00)+0.25*scale(0.14-feature_target_share,0.00,0.14)"
00-0030085,K.Stills,2020,2021,WR,0.0000,27.5849,0.0000,0.0000,0.0000,0.0000,34.0909,2.0923,wr_signal_score_role_balanced_v1,"0.50*scale(feature_targets_per_game,4.00,10.00)+0.50*scale(feature_target_share,0.12,0.30)","0.55*scale(feature_ppg_per_target,0.80,2.50)+0.45*scale(feature_ppg,6.00,18.00)","0.40*scale(48.00-feature_finish,0.00,36.00)+0.60*scale(expected_ppg_baseline-feature_ppg,0.00,4.00)","0.65*scale(feature_games_played,8.00,17.00)+0.35*scale(feature_total_ppr,80.00,260.00)","0.50*scale(feature_ppg_minus_cohort_expected,0.00,6.00)+0.30*scale(expected_finish_from_cohort-feature_finish,0.00,36.00)+0.20*scale(cohort_player_count,1.00,18.00)","0.20*scale(route_participation_season_avg,0.50,0.95)+0.20*scale(target_share_season_avg,0.10,0.32)+0.15*scale(air_yard_share_season_avg,0.08,0.38)+0.15*scale(routes_consistency_index,0.60,0.95)+0.15*scale(target_earning_index,0.12,0.45)+0.15*scale(opportunity_concentration_score,0.18,0.56)","0.50*scale(12.00-feature_finish,0.00,12.00)+0.25*scale(11.00-feature_games_played,0.00,11.00)+0.25*scale(0.14-feature_target_share,0.00,0.14)"
00-0033006,J.Mickens,2020,2021,WR,8.3333,17.0294,0.0000,0.0000,0.0000,0.0000,45.4545,1.8271,wr_signal_score_role_balanced_v1,"0.50*scale(feature_targets_per_game,4.00,10.00)+0.50*scale(feature_target_share,0.12,0.30)","0.55*scale(feature_ppg_per_target,0.80,2.50)+0.45*scale(feature_ppg,6.00,18.00)","0.40*scale(48.00-feature_finish,0.00,36.00)+0.60*scale(expected_ppg_baseline-feature_ppg,0.00,4.00)","0.65*scale(feature_games_played,8.00,17.00)+0.35*scale(feature_total_ppr,80.00,260.00)","0.50*scale(feature_ppg_minus_cohort_expected,0.00,6.00)+0.30*scale(expected_finish_from_cohort-feature_finish,0.00,36.00)+0.20*scale(cohort_player_count,1.00,18.00)","0.20*scale(route_participation_season_avg,0.50,0.95)+0.20*scale(target_share_season_avg,0.10,0.32)+0.15*scale(air_yard_share_season_avg,0.08,0.38)+0.15*scale(routes_consistency_index,0.60,0.95)+0.15*scale(target_earning_index,0.12,0.45)+0.15*scale(opportunity_concentration_score,0.18,0.56)","0.50*scale(12.00-feature_finish,0.00,12.00)+0.25*scale(11.00-feature_games_played,0.00,11.00)+0.25*scale(0.14-feature_target_share,0.00,0.14)"
00-0030670,B.Fowler,2020,2021,WR,16.6667,0.0000,4.0500,0.0000,0.0000,0.0000,47.7273,1.7844,wr_signal_score_role_balanced_v1,"0.50*scale(feature_targets_per_game,4.00,10.00)+0.50*scale(feature_target_share,0.12,0.30)","0.55*scale(feature_ppg_per_target,0.80,2.50)+0.45*scale(feature_ppg,6.00,18.00)","0.40*scale(48.00-feature_finish,0.00,36.00)+0.60*scale(expected_ppg_baseline-feature_ppg,0.00,4.00)","0.65*scale(feature_games_played,8.00,17.00)+0.35*scale(feature_total_ppr,80.00,260.00)","0.50*scale(feature_ppg_minus_cohort_expected,0.00,6.00)+0.30*scale(expected_finish_from_cohort-feature_finish,0.00,36.00)+0.20*scale(cohort_player_count,1.00,18.00)","0.20*scale(route_participation_season_avg,0.50,0.95)+0.20*scale(target_share_season_avg,0.10,0.32)+0.15*scale(air_yard_share_season_avg,0.08,0.38)+0.15*scale(routes_consistency_index,0.60,0.95)+0.15*scale(target_earning_index,0.12,0.45)+0.15*scale(opportunity_concentration_score,0.18,0.56)","0.50*scale(12.00-feature_finish,0.00,12.00)+0.25*scale(11.00-feature_games_played,0.00,11.00)+0.25*scale(0.14-feature_target_share,0.00,0.14)"
00-0033367,C.Board,2020,2021,WR,0.0000,17.3892,0.0000,7.2222,0.0000,0.0000,29.5454,1.7745,wr_signal_score_role_balanced_v1,"0.50*scale(feature_targets_per_game,4.00,10.00)+0.50*scale(feature_target_share,0.12,0.30)","0.55*scale(feature_ppg_per_target,0.80,2.50)+0.45*scale(feature_ppg,6.00,18.00)","0.40*scale(48.00-feature_finish,0.00,36.00)+0.60*scale(expected_ppg_baseline-feature_ppg,0.00,4.00)","0.65*scale(feature_games_played,8.00,17.00)+0.35*scale(feature_total_ppr,80.00,260.00)","0.50*scale(feature_ppg_minus_cohort_expected,0.00,6.00)+0.30*scale(expected_finish_from_cohort-feature_finish,0.00,36.00)+0.20*scale(cohort_player_count,1.00,18.00)","0.20*scale(route_participation_season_avg,0.50,0.95)+0.20*scale(target_share_season_avg,0.10,0.32)+0.15*scale(air_yard_share_season_avg,0.08,0.38)+0.15*scale(routes_consistency_index,0.60,0.95)+0.15*scale(target_earning_index,0.12,0.45)+0.15*scale(opportunity_concentration_score,0.18,0.56)","0.50*scale(12.00-feature_finish,0.00,12.00)+0.25*scale(11.00-feature_games_played,0.00,11.00)+0.25*scale(0.14-feature_target_share,0.00,0.14)"
00-0035021,A.Dulin,2020,2021,WR,0.0000,24.8064,0.0000,0.0000,0.0000,0.0000,34.0909,1.6755,wr_signal_score_role_balanced_v1,"0.50*scale(feature_targets_per_game,4.00,10.00)+0.50*scale(feature_target_share,0.12,0.30)","0.55*scale(feature_ppg_per_target,0.80,2.50)+0.45*scale(feature_ppg,6.00,18.00)","0.40*scale(48.00-feature_finish,0.00,36.00)+0.60*scale(expected_ppg_baseline-feature_ppg,0.00,4.00)","0.65*scale(feature_games_played,8.00,17.00)+0.35*scale(feature_total_ppr,80.00,260.00)","0.50*scale(feature_ppg_minus_cohort_expected,0.00,6.00)+0.30*scale(expected_finish_from_cohort-feature_finish,0.00,36.00)+0.20*scale(cohort_player_count,1.00,18.00)","0.20*scale(route_participation_season_avg,0.50,0.95)+0.20*scale(target_share_season_avg,0.10,0.32)+0.15*scale(air_yard_share_season_avg,0.08,0.38)+0.15*scale(routes_consistency_index,0.60,0.95)+0.15*scale(target_earning_index,0.12,0.45)+0.15*scale(opportunity_concentration_score,0.18,0.56)","0.50*scale(12.00-feature_finish,0.00,12.00)+0.25*scale(11.00-feature_games_played,0.00,11.00)+0.25*scale(0.14-feature_target_share,0.00,0.14)"
00-0034132,C.Blake,2020,2021,WR,0.0000,22.8274,0.0000,0.0000,0.0000,0.0000,34.0909,1.3787,wr_signal_score_role_balanced_v1,"0.50*scale(feature_targets_per_game,4.00,10.00)+0.50*scale(feature_target_share,0.12,0.30)","0.55*scale(feature_ppg_per_target,0.80,2.50)+0.45*scale(feature_ppg,6.00,18.00)","0.40*scale(48.00-feature_finish,0.00,36.00)+0.60*scale(expected_ppg_baseline-feature_ppg,0.00,4.00)","0.65*scale(feature_games_played,8.00,17.00)+0.35*scale(feature_total_ppr,80.00,260.00)","0.50*scale(feature_ppg_minus_cohort_expected,0.00,6.00)+0.30*scale(expected_finish_from_cohort-feature_finish,0.00,36.00)+0.20*scale(cohort_player_count,1.00,18.00)","0.20*scale(route_participation_season_avg,0.50,0.95)+0.20*scale(target_share_season_avg,0.10,0.32)+0.15*scale(air_yard_share_season_avg,0.08,0.38)+0.15*scale(routes_consistency_index,0.60,0.95)+0.15*scale(target_earning_index,0.12,0.45)+0.15*scale(opportunity_concentration_score,0.18,0.56)","0.50*scale(12.00-feature_finish,0.00,12.00)+0.25*scale(11.00-feature_games_played,0.00,11.00)+0.25*scale(0.14-feature_target_share,0.00,0.14)"
00-0033591,N.Brown,2020,2021,WR,0.0000,14.2887,0.0000,7.2222,0.0000,0.0000,29.5454,1.3095,wr_signal_score_role_balanced_v1,"0.50*scale(feature_targets_per_game,4.00,10.00)+0.50*scale(feature_target_share,0.12,0.30)","0.55*scale(feature_ppg_per_target,0.80,2.50)+0.45*scale(feature_ppg,6.00,18.00)","0.40*scale(48.00-feature_finish,0.00,36.00)+0.60*scale(expected_ppg_baseline-feature_ppg,0.00,4.00)","0.65*scale(feature_games_played,8.00,17.00)+0.35*scale(feature_total_ppr,80.00,260.00)","0.50*scale(feature_ppg_minus_cohort_expected,0.00,6.00)+0.30*scale(expected_finish_from_cohort-feature_finish,0.00,36.00)+0.20*scale(cohort_player_count,1.00,18.00)","0.20*scale(route_participation_season_avg,0.50,0.95)+0.20*scale(target_share_season_avg,0.10,0.32)+0.15*scale(air_yard_share_season_avg,0.08,0.38)+0.15*scale(routes_consistency_index,0.60,0.95)+0.15*scale(target_earning_index,0.12,0.45)+0.15*scale(opportunity_concentration_score,0.18,0.56)","0.50*scale(12.00-feature_finish,0.00,12.00)+0.25*scale(11.00-feature_games_played,0.00,11.00)+0.25*scale(0.14-feature_target_share,0.00,0.14)"
00-0033111,P.Cooper,2020,2021,WR,0.0000,23.8603,0.0000,0.0000,0.0000,0.0000,38.6364,1.2609,wr_signal_score_role_balanced_v1,"0.50*scale(feature_targets_per_game,4.00,10.00)+0.50*scale(feature_target_share,0.12,0.30)","0.55*scale(feature_ppg_per_target,0.80,2.50)+0.45*scale(feature_ppg,6.00,18.00)","0.40*scale(48.00-feature_finish,0.00,36.00)+0.60*scale(expected_ppg_baseline-feature_ppg,0.00,4.00)","0.65*scale(feature_games_played,8.00,17.00)+0.35*scale(feature_total_ppr,80.00,260.00)","0.50*scale(feature_ppg_minus_cohort_expected,0.00,6.00)+0.30*scale(expected_finish_from_cohort-feature_finish,0.00,36.00)+0.20*scale(cohort_player_count,1.00,18.00)","0.20*scale(route_participation_season_avg,0.50,0.95)+0.20*scale(target_share_season_avg,0.10,0.32)+0.15*scale(air_yard_share_season_avg,0.08,0.38)+0.15*scale(routes_consistency_index,0.60,0.95)+0.15*scale(target_earning_index,0.12,0.45)+0.15*scale(opportunity_concentration_score,0.18,0.56)","0.50*scale(12.00-feature_finish,0.00,12.00)+0.25*scale(11.00-feature_games_played,0.00,11.00)+0.25*scale(0.14-feature_target_share,0.00,0.14)"
00-0036398,J.Hightower,2020,2021,WR,0.0000,6.2475,0.0000,14.4444,0.0000,0.0000,27.2727,1.1785,wr_signal_score_role_balanced_v1,"0.50*scale(feature_targets_per_game,4.00,10.00)+0.50*scale(feature_target_share,0.12,0.30)","0.55*scale(feature_ppg_per_target,0.80,2.50)+0.45*scale(feature_ppg,6.00,18.00)","0.40*scale(48.00-feature_finish,0.00,36.00)+0.60*scale(expected_ppg_baseline-feature_ppg,0.00,4.00)","0.65*scale(feature_games_played,8.00,17.00)+0.35*scale(feature_total_ppr,80.00,260.00)","0.50*scale(feature_ppg_minus_cohort_expected,0.00,6.00)+0.30*scale(expected_finish_from_cohort-feature_finish,0.00,36.00)+0.20*scale(cohort_player_count,1.00,18.00)","0.20*scale(route_participation_season_avg,0.50,0.95)+0.20*scale(target_share_season_avg,0.10,0.32)+0.15*scale(air_yard_share_season_avg,0.08,0.38)+0.15*scale(routes_consistency_index,0.60,0.95)+0.15*scale(target_earning_index,0.12,0.45)+0.15*scale(opportunity_concentration_score,0.18,0.56)","0.50*scale(12.00-feature_finish,0.00,12.00)+0.25*scale(11.00-feature_games_played,0.00,11.00)+0.25*scale(0.14-feature_target_share,0.00,0.14)"
00-0032980,M.Johnson,2020,2021,WR,0.0000,19.7584,0.0000,0.0000,0.0000,0.0000,31.8182,1.0547,wr_signal_score_role_balanced_v1,"0.50*scale(feature_targets_per_game,4.00,10.00)+0.50*scale(feature_target_share,0.12,0.30)","0.55*scale(feature_ppg_per_target,0.80,2.50)+0.45*scale(feature_ppg,6.00,18.00)","0.40*scale(48.00-feature_finish,0.00,36.00)+0.60*scale(expected_ppg_baseline-feature_ppg,0.00,4.00)","0.65*scale(feature_games_played,8.00,17.00)+0.35*scale(feature_total_ppr,80.00,260.00)","0.50*scale(feature_ppg_minus_cohort_expected,0.00,6.00)+0.30*scale(expected_finish_from_cohort-feature_finish,0.00,36.00)+0.20*scale(cohort_player_count,1.00,18.00)","0.20*scale(route_participation_season_avg,0.50,0.95)+0.20*scale(target_share_season_avg,0.10,0.32)+0.15*scale(air_yard_share_season_avg,0.08,0.38)+0.15*scale(routes_consistency_index,0.60,0.95)+0.15*scale(target_earning_index,0.12,0.45)+0.15*scale(opportunity_concentration_score,0.18,0.56)","0.50*scale(12.00-feature_finish,0.00,12.00)+0.25*scale(11.00-feature_games_played,0.00,11.00)+0.25*scale(0.14-feature_target_share,0.00,0.14)"
00-0035287,K.Johnson,2020,2021,WR,0.0000,19.5524,0.0000,0.0000,0.0000,0.0000,31.8182,1.0238,wr_signal_score_role_balanced_v1,"0.50*scale(feature_targets_per_game,4.00,10.00)+0.50*scale(feature_target_share,0.12,0.30)","0.55*scale(feature_ppg_per_target,0.80,2.50)+0.45*scale(feature_ppg,6.00,18.00)","0.40*scale(48.00-feature_finish,0.00,36.00)+0.60*scale(expected_ppg_baseline-feature_ppg,0.00,4.00)","0.65*scale(feature_games_played,8.00,17.00)+0.35*scale(feature_total_ppr,80.00,260.00)","0.50*scale(feature_ppg_minus_cohort_expected,0.00,6.00)+0.30*scale(expected_finish_from_cohort-feature_finish,0.00,36.00)+0.20*scale(cohort_player_count,1.00,18.00)","0.20*scale(route_participation_season_avg,0.50,0.95)+0.20*scale(target_share_season_avg,0.10,0.32)+0.15*scale(air_yard_share_season_avg,0.08,0.38)+0.15*scale(routes_consistency_index,0.60,0.95)+0.15*scale(target_earning_index,0.12,0.45)+0.15*scale(opportunity_concentration_score,0.18,0.56)","0.50*scale(12.00-feature_finish,0.00,12.00)+0.25*scale(11.00-feature_games_played,0.00,11.00)+0.25*scale(0.14-feature_target_share,0.00,0.14)"
00-0028237,C.Hogan,2020,2021,WR,10.0000,6.2217,0.0000,0.0000,0.0000,0.0000,38.6364,1.0151,wr_signal_score_role_balanced_v1,"0.50*scale(feature_targets_per_game,4.00,10.00)+0.50*scale(feature_target_share,0.12,0.30)","0.55*scale(feature_ppg_per_target,0.80,2.50)+0.45*scale(feature_ppg,6.00,18.00)","0.40*scale(48.00-feature_finish,0.00,36.00)+0.60*scale(expected_ppg_baseline-feature_ppg,0.00,4.00)","0.65*scale(feature_games_played,8.00,17.00)+0.35*scale(feature_total_ppr,80.00,260.00)","0.50*scale(feature_ppg_minus_cohort_expected,0.00,6.00)+0.30*scale(expected_finish_from_cohort-feature_finish,0.00,36.00)+0.20*scale(cohort_player_count,1.00,18.00)","0.20*scale(route_participation_season_avg,0.50,0.95)+0.20*scale(target_share_season_avg,0.10,0.32)+0.15*scale(air_yard_share_season_avg,0.08,0.38)+0.15*scale(routes_consistency_index,0.60,0.95)+0.15*scale(target_earning_index,0.12,0.45)+0.15*scale(opportunity_concentration_score,0.18,0.56)","0.50*scale(12.00-feature_finish,0.00,12.00)+0.25*scale(11.00-feature_games_played,0.00,11.00)+0.25*scale(0.14-feature_target_share,0.00,0.14)"
00-0035869,A.Mack,2020,2021,WR,0.0000,21.4706,0.0000,0.0000,0.0000,0.0000,38.6364,0.9024,wr_signal_score_role_balanced_v1,"0.50*scale(feature_targets_per_game,4.00,10.00)+0.50*scale(feature_target_share,0.12,0.30)","0.55*scale(feature_ppg_per_target,0.80,2.50)+0.45*scale(feature_ppg,6.00,18.00)","0.40*scale(48.00-feature_finish,0.00,36.00)+0.60*scale(expected_ppg_baseline-feature_ppg,0.00,4.00)","0.65*scale(feature_games_played,8.00,17.00)+0.35*scale(feature_total_ppr,80.00,260.00)","0.50*scale(feature_ppg_minus_cohort_expected,0.00,6.00)+0.30*scale(expected_finish_from_cohort-feature_finish,0.00,36.00)+0.20*scale(cohort_player_count,1.00,18.00)","0.20*scale(route_participation_season_avg,0.50,0.95)+0.20*scale(target_share_season_avg,0.10,0.32)+0.15*scale(air_yard_share_season_avg,0.08,0.38)+0.15*scale(routes_consistency_index,0.60,0.95)+0.15*scale(target_earning_index,0.12,0.45)+0.15*scale(opportunity_concentration_score,0.18,0.56)","0.50*scale(12.00-feature_finish,0.00,12.00)+0.25*scale(11.00-feature_games_played,0.00,11.00)+0.25*scale(0.14-feature_target_share,0.00,0.14)"
00-0034386,J.Watson,2020,2021,WR,0.0000,22.3525,0.0000,0.0000,0.0000,0.0000,43.1818,0.7620,wr_signal_score_role_balanced_v1,"0.50*scale(feature_targets_per_game,4.00,10.00)+0.50*scale(feature_target_share,0.12,0.30)","0.55*scale(feature_ppg_per_target,0.80,2.50)+0.45*scale(feature_ppg,6.00,18.00)","0.40*scale(48.00-feature_finish,0.00,36.00)+0.60*scale(expected_ppg_baseline-feature_ppg,0.00,4.00)","0.65*scale(feature_games_played,8.00,17.00)+0.35*scale(feature_total_ppr,80.00,260.00)","0.50*scale(feature_ppg_minus_cohort_expected,0.00,6.00)+0.30*scale(expected_finish_from_cohort-feature_finish,0.00,36.00)+0.20*scale(cohort_player_count,1.00,18.00)","0.20*scale(route_participation_season_avg,0.50,0.95)+0.20*scale(target_share_season_avg,0.10,0.32)+0.15*scale(air_yard_share_season_avg,0.08,0.38)+0.15*scale(routes_consistency_index,0.60,0.95)+0.15*scale(target_earning_index,0.12,0.45)+0.15*scale(opportunity_concentration_score,0.18,0.56)","0.50*scale(12.00-feature_finish,0.00,12.00)+0.25*scale(11.00-feature_games_played,0.00,11.00)+0.25*scale(0.14-feature_target_share,0.00,0.14)"
00-0034686,A.Tate,2020,2021,WR,0.0000,16.7647,0.0000,0.0000,0.0000,0.0000,31.8182,0.6056,wr_signal_score_role_balanced_v1,"0.50*scale(feature_targets_per_game,4.00,10.00)+0.50*scale(feature_target_share,0.12,0.30)","0.55*scale(feature_ppg_per_target,0.80,2.50)+0.45*scale(feature_ppg,6.00,18.00)","0.40*scale(48.00-feature_finish,0.00,36.00)+0.60*scale(expected_ppg_baseline-feature_ppg,0.00,4.00)","0.65*scale(feature_games_played,8.00,17.00)+0.35*scale(feature_total_ppr,80.00,260.00)","0.50*scale(feature_ppg_minus_cohort_expected,0.00,6.00)+0.30*scale(expected_finish_from_cohort-feature_finish,0.00,36.00)+0.20*scale(cohort_player_count,1.00,18.00)","0.20*scale(route_participation_season_avg,0.50,0.95)+0.20*scale(target_share_season_avg,0.10,0.32)+0.15*scale(air_yard_share_season_avg,0.08,0.38)+0.15*scale(routes_consistency_index,0.60,0.95)+0.15*scale(target_earning_index,0.12,0.45)+0.15*scale(opportunity_concentration_score,0.18,0.56)","0.50*scale(12.00-feature_finish,0.00,12.00)+0.25*scale(11.00-feature_games_played,0.00,11.00)+0.25*scale(0.14-feature_target_share,0.00,0.14)"
00-0036439,T.Cleveland,2020,2021,WR,0.0000,18.3333,0.0000,0.0000,0.0000,0.0000,38.6364,0.4318,wr_signal_score_role_balanced_v1,"0.50*scale(feature_targets_per_game,4.00,10.00)+0.50*scale(feature_target_share,0.12,0.30)","0.55*scale(feature_ppg_per_target,0.80,2.50)+0.45*scale(feature_ppg,6.00,18.00)","0.40*scale(48.00-feature_finish,0.00,36.00)+0.60*scale(expected_ppg_baseline-feature_ppg,0.00,4.00)","0.65*scale(feature_games_played,8.00,17.00)+0.35*scale(feature_total_ppr,80.00,260.00)","0.50*scale(feature_ppg_minus_cohort_expected,0.00,6.00)+0.30*scale(expected_finish_from_cohort-feature_finish,0.00,36.00)+0.20*scale(cohort_player_count,1.00,18.00)","0.20*scale(route_participation_season_avg,0.50,0.95)+0.20*scale(target_share_season_avg,0.10,0.32)+0.15*scale(air_yard_share_season_avg,0.08,0.38)+0.15*scale(routes_consistency_index,0.60,0.95)+0.15*scale(target_earning_index,0.12,0.45)+0.15*scale(opportunity_concentration_score,0.18,0.56)","0.50*scale(12.00-feature_finish,0.00,12.00)+0.25*scale(11.00-feature_games_played,0.00,11.00)+0.25*scale(0.14-feature_target_share,0.00,0.14)"
00-0031339,D.Moncrief,2020,2021,WR,0.0000,21.0294,0.0000,0.0000,0.0000,0.0000,45.4545,0.4271,wr_signal_score_role_balanced_v1,"0.50*scale(feature_targets_per_game,4.00,10.00)+0.50*scale(feature_target_share,0.12,0.30)","0.55*scale(feature_ppg_per_target,0.80,2.50)+0.45*scale(feature_ppg,6.00,18.00)","0.40*scale(48.00-feature_finish,0.00,36.00)+0.60*scale(expected_ppg_baseline-feature_ppg,0.00,4.00)","0.65*scale(feature_games_played,8.00,17.00)+0.35*scale(feature_total_ppr,80.00,260.00)","0.50*scale(feature_ppg_minus_cohort_expected,0.00,6.00)+0.30*scale(expected_finish_from_cohort-feature_finish,0.00,36.00)+0.20*scale(cohort_player_count,1.00,18.00)","0.20*scale(route_participation_season_avg,0.50,0.95)+0.20*scale(target_share_season_avg,0.10,0.32)+0.15*scale(air_yard_share_season_avg,0.08,0.38)+0.15*scale(routes_consistency_index,0.60,0.95)+0.15*scale(target_earning_index,0.12,0.45)+0.15*scale(opportunity_concentration_score,0.18,0.56)","0.50*scale(12.00-feature_finish,0.00,12.00)+0.25*scale(11.00-feature_games_played,0.00,11.00)+0.25*scale(0.14-feature_target_share,0.00,0.14)"
00-0027691,A.Roberts,2020,2021,WR,0.0000,20.0579,0.0000,0.0000,0.0000,0.0000,43.1818,0.4178,wr_signal_score_role_balanced_v1,"0.50*scale(feature_targets_per_game,4.00,10.00)+0.50*scale(feature_target_share,0.12,0.30)","0.55*scale(feature_ppg_per_target,0.80,2.50)+0.45*scale(feature_ppg,6.00,18.00)","0.40*scale(48.00-feature_finish,0.00,36.00)+0.60*scale(expected_ppg_baseline-feature_ppg,0.00,4.00)","0.65*scale(feature_games_played,8.00,17.00)+0.35*scale(feature_total_ppr,80.00,260.00)","0.50*scale(feature_ppg_minus_cohort_expected,0.00,6.00)+0.30*scale(expected_finish_from_cohort-feature_finish,0.00,36.00)+0.20*scale(cohort_player_count,1.00,18.00)","0.20*scale(route_participation_season_avg,0.50,0.95)+0.20*scale(target_share_season_avg,0.10,0.32)+0.15*scale(air_yard_share_season_avg,0.08,0.38)+0.15*scale(routes_consistency_index,0.60,0.95)+0.15*scale(target_earning_index,0.12,0.45)+0.15*scale(opportunity_concentration_score,0.18,0.56)","0.50*scale(12.00-feature_finish,0.00,12.00)+0.25*scale(11.00-feature_games_played,0.00,11.00)+0.25*scale(0.14-feature_target_share,0.00,0.14)"
00-0034395,D.Fountain,2020,2021,WR,0.0000,20.4902,0.0000,0.0000,0.0000,0.0000,45.4545,0.3463,wr_signal_score_role_balanced_v1,"0.50*scale(feature_targets_per_game,4.00,10.00)+0.50*scale(feature_target_share,0.12,0.30)","0.55*scale(feature_ppg_per_target,0.80,2.50)+0.45*scale(feature_ppg,6.00,18.00)","0.40*scale(48.00-feature_finish,0.00,36.00)+0.60*scale(expected_ppg_baseline-feature_ppg,0.00,4.00)","0.65*scale(feature_games_played,8.00,17.00)+0.35*scale(feature_total_ppr,80.00,260.00)","0.50*scale(feature_ppg_minus_cohort_expected,0.00,6.00)+0.30*scale(expected_finish_from_cohort-feature_finish,0.00,36.00)+0.20*scale(cohort_player_count,1.00,18.00)","0.20*scale(route_participation_season_avg,0.50,0.95)+0.20*scale(target_share_season_avg,0.10,0.32)+0.15*scale(air_yard_share_season_avg,0.08,0.38)+0.15*scale(routes_consistency_index,0.60,0.95)+0.15*scale(target_earning_index,0.12,0.45)+0.15*scale(opportunity_concentration_score,0.18,0.56)","0.50*scale(12.00-feature_finish,0.00,12.00)+0.25*scale(11.00-feature_games_played,0.00,11.00)+0.25*scale(0.14-feature_target_share,0.00,0.14)"
00-0034487,T.Sherfield,2020,2021,WR,0.0000,20.3361,0.0000,0.0000,0.0000,0.0000,45.4545,0.3231,wr_signal_score_role_balanced_v1,"0.50*scale(feature_targets_per_game,4.00,10.00)+0.50*scale(feature_target_share,0.12,0.30)","0.55*scale(feature_ppg_per_target,0.80,2.50)+0.45*scale(feature_ppg,6.00,18.00)","0.40*scale(48.00-feature_finish,0.00,36.00)+0.60*scale(expected_ppg_baseline-feature_ppg,0.00,4.00)","0.65*scale(feature_games_played,8.00,17.00)+0.35*scale(feature_total_ppr,80.00,260.00)","0.50*scale(feature_ppg_minus_cohort_expected,0.00,6.00)+0.30*scale(expected_finish_from_cohort-feature_finish,0.00,36.00)+0.20*scale(cohort_player_count,1.00,18.00)","0.20*scale(route_participation_season_avg,0.50,0.95)+0.20*scale(target_share_season_avg,0.10,0.32)+0.15*scale(air_yard_share_season_avg,0.08,0.38)+0.15*scale(routes_consistency_index,0.60,0.95)+0.15*scale(target_earning_index,0.12,0.45)+0.15*scale(opportunity_concentration_score,0.18,0.56)","0.50*scale(12.00-feature_finish,0.00,12.00)+0.25*scale(11.00-feature_games_played,0.00,11.00)+0.25*scale(0.14-feature_target_share,0.00,0.14)"
00-0030525,T.Austin,2020,2021,WR,0.0000,19.4109,0.0000,0.0000,0.0000,0.0000,43.1818,0.3207,wr_signal_score_role_balanced_v1,"0.50*scale(feature_targets_per_game,4.00,10.00)+0.50*scale(feature_target_share,0.12,0.30)","0.55*scale(feature_ppg_per_target,0.80,2.50)+0.45*scale(feature_ppg,6.00,18.00)","0.40*scale(48.00-feature_finish,0.00,36.00)+0.60*scale(expected_ppg_baseline-feature_ppg,0.00,4.00)","0.65*scale(feature_games_played,8.00,17.00)+0.35*scale(feature_total_ppr,80.00,260.00)","0.50*scale(feature_ppg_minus_cohort_expected,0.00,6.00)+0.30*scale(expected_finish_from_cohort-feature_finish,0.00,36.00)+0.20*scale(cohort_player_count,1.00,18.00)","0.20*scale(route_participation_season_avg,0.50,0.95)+0.20*scale(target_share_season_avg,0.10,0.32)+0.15*scale(air_yard_share_season_avg,0.08,0.38)+0.15*scale(routes_consistency_index,0.60,0.95)+0.15*scale(target_earning_index,0.12,0.45)+0.15*scale(opportunity_concentration_score,0.18,0.56)","0.50*scale(12.00-feature_finish,0.00,12.00)+0.25*scale(11.00-feature_games_played,0.00,11.00)+0.25*scale(0.14-feature_target_share,0.00,0.14)"
00-0034081,S.Mitchell,2020,2021,WR,0.0000,18.6024,0.0000,0.0000,0.0000,0.0000,43.1818,0.1995,wr_signal_score_role_balanced_v1,"0.50*scale(feature_targets_per_game,4.00,10.00)+0.50*scale(feature_target_share,0.12,0.30)","0.55*scale(feature_ppg_per_target,0.80,2.50)+0.45*scale(feature_ppg,6.00,18.00)","0.40*scale(48.00-feature_finish,0.00,36.00)+0.60*scale(expected_ppg_baseline-feature_ppg,0.00,4.00)","0.65*scale(feature_games_played,8.00,17.00)+0.35*scale(feature_total_ppr,80.00,260.00)","0.50*scale(feature_ppg_minus_cohort_expected,0.00,6.00)+0.30*scale(expected_finish_from_cohort-feature_finish,0.00,36.00)+0.20*scale(cohort_player_count,1.00,18.00)","0.20*scale(route_participation_season_avg,0.50,0.95)+0.20*scale(target_share_season_avg,0.10,0.32)+0.15*scale(air_yard_share_season_avg,0.08,0.38)+0.15*scale(routes_consistency_index,0.60,0.95)+0.15*scale(target_earning_index,0.12,0.45)+0.15*scale(opportunity_concentration_score,0.18,0.56)","0.50*scale(12.00-feature_finish,0.00,12.00)+0.25*scale(11.00-feature_games_played,0.00,11.00)+0.25*scale(0.14-feature_target_share,0.00,0.14)"
00-0036382,K.Hill,2020,2021,WR,0.0000,16.1765,0.0000,0.0000,0.0000,0.0000,38.6364,0.1083,wr_signal_score_role_balanced_v1,"0.50*scale(feature_targets_per_game,4.00,10.00)+0.50*scale(feature_target_share,0.12,0.30)","0.55*scale(feature_ppg_per_target,0.80,2.50)+0.45*scale(feature_ppg,6.00,18.00)","0.40*scale(48.00-feature_finish,0.00,36.00)+0.60*scale(expected_ppg_baseline-feature_ppg,0.00,4.00)","0.65*scale(feature_games_played,8.00,17.00)+0.35*scale(feature_total_ppr,80.00,260.00)","0.50*scale(feature_ppg_minus_cohort_expected,0.00,6.00)+0.30*scale(expected_finish_from_cohort-feature_finish,0.00,36.00)+0.20*scale(cohort_player_count,1.00,18.00)","0.20*scale(route_participation_season_avg,0.50,0.95)+0.20*scale(target_share_season_avg,0.10,0.32)+0.15*scale(air_yard_share_season_avg,0.08,0.38)+0.15*scale(routes_consistency_index,0.60,0.95)+0.15*scale(target_earning_index,0.12,0.45)+0.15*scale(opportunity_concentration_score,0.18,0.56)","0.50*scale(12.00-feature_finish,0.00,12.00)+0.25*scale(11.00-feature_games_played,0.00,11.00)+0.25*scale(0.14-feature_target_share,0.00,0.14)"
00-0033839,D.Westbrook,2020,2021,WR,0.0000,19.4118,0.0000,0.0000,0.0000,0.0000,47.7273,0.0481,wr_signal_score_role_balanced_v1,"0.50*scale(feature_targets_per_game,4.00,10.00)+0.50*scale(feature_target_share,0.12,0.30)","0.55*scale(feature_ppg_per_target,0.80,2.50)+0.45*scale(feature_ppg,6.00,18.00)","0.40*scale(48.00-feature_finish,0.00,36.00)+0.60*scale(expected_ppg_baseline-feature_ppg,0.00,4.00)","0.65*scale(feature_games_played,8.00,17.00)+0.35*scale(feature_total_ppr,80.00,260.00)","0.50*scale(feature_ppg_minus_cohort_expected,0.00,6.00)+0.30*scale(expected_finish_from_cohort-feature_finish,0.00,36.00)+0.20*scale(cohort_player_count,1.00,18.00)","0.20*scale(route_participation_season_avg,0.50,0.95)+0.20*scale(target_share_season_avg,0.10,0.32)+0.15*scale(air_yard_share_season_avg,0.08,0.38)+0.15*scale(routes_consistency_index,0.60,0.95)+0.15*scale(target_earning_index,0.12,0.45)+0.15*scale(opportunity_concentration_score,0.18,0.56)","0.50*scale(12.00-feature_finish,0.00,12.00)+0.25*scale(11.00-feature_games_played,0.00,11.00)+0.25*scale(0.14-feature_target_share,0.00,0.14)"
00-0035510,J.Smith,2020,2021,WR,5.2084,3.5851,0.0000,0.0000,0.0000,0.0000,31.8182,-0.1213,wr_signal_score_role_balanced_v1,"0.50*scale(feature_targets_per_game,4.00,10.00)+0.50*scale(feature_target_share,0.12,0.30)","0.55*scale(feature_ppg_per_target,0.80,2.50)+0.45*scale(feature_ppg,6.00,18.00)","0.40*scale(48.00-feature_finish,0.00,36.00)+0.60*scale(expected_ppg_baseline-feature_ppg,0.00,4.00)","0.65*scale(feature_games_played,8.00,17.00)+0.35*scale(feature_total_ppr,80.00,260.00)","0.50*scale(feature_ppg_minus_cohort_expected,0.00,6.00)+0.30*scale(expected_finish_from_cohort-feature_finish,0.00,36.00)+0.20*scale(cohort_player_count,1.00,18.00)","0.20*scale(route_participation_season_avg,0.50,0.95)+0.20*scale(target_share_season_avg,0.10,0.32)+0.15*scale(air_yard_share_season_avg,0.08,0.38)+0.15*scale(routes_consistency_index,0.60,0.95)+0.15*scale(target_earning_index,0.12,0.45)+0.15*scale(opportunity_concentration_score,0.18,0.56)","0.50*scale(12.00-feature_finish,0.00,12.00)+0.25*scale(11.00-feature_games_played,0.00,11.00)+0.25*scale(0.14-feature_target_share,0.00,0.14)"
00-0035181,D.Shepherd,2020,2021,WR,0.0000,12.9422,0.0000,0.0000,0.0000,0.0000,36.3636,-0.2405,wr_signal_score_role_balanced_v1,"0.50*scale(feature_targets_per_game,4.00,10.00)+0.50*scale(feature_target_share,0.12,0.30)","0.55*scale(feature_ppg_per_target,0.80,2.50)+0.45*scale(feature_ppg,6.00,18.00)","0.40*scale(48.00-feature_finish,0.00,36.00)+0.60*scale(expected_ppg_baseline-feature_ppg,0.00,4.00)","0.65*scale(feature_games_played,8.00,17.00)+0.35*scale(feature_total_ppr,80.00,260.00)","0.50*scale(feature_ppg_minus_cohort_expected,0.00,6.00)+0.30*scale(expected_finish_from_cohort-feature_finish,0.00,36.00)+0.20*scale(cohort_player_count,1.00,18.00)","0.20*scale(route_participation_season_avg,0.50,0.95)+0.20*scale(target_share_season_avg,0.10,0.32)+0.15*scale(air_yard_share_season_avg,0.08,0.38)+0.15*scale(routes_consistency_index,0.60,0.95)+0.15*scale(target_earning_index,0.12,0.45)+0.15*scale(opportunity_concentration_score,0.18,0.56)","0.50*scale(12.00-feature_finish,0.00,12.00)+0.25*scale(11.00-feature_games_played,0.00,11.00)+0.25*scale(0.14-feature_target_share,0.00,0.14)"
00-0031166,S.Roberts,2020,2021,WR,0.0000,12.4020,0.0000,0.0000,0.0000,0.0000,43.1818,-0.7306,wr_signal_score_role_balanced_v1,"0.50*scale(feature_targets_per_game,4.00,10.00)+0.50*scale(feature_target_share,0.12,0.30)","0.55*scale(feature_ppg_per_target,0.80,2.50)+0.45*scale(feature_ppg,6.00,18.00)","0.40*scale(48.00-feature_finish,0.00,36.00)+0.60*scale(expected_ppg_baseline-feature_ppg,0.00,4.00)","0.65*scale(feature_games_played,8.00,17.00)+0.35*scale(feature_total_ppr,80.00,260.00)","0.50*scale(feature_ppg_minus_cohort_expected,0.00,6.00)+0.30*scale(expected_finish_from_cohort-feature_finish,0.00,36.00)+0.20*scale(cohort_player_count,1.00,18.00)","0.20*scale(route_participation_season_avg,0.50,0.95)+0.20*scale(target_share_season_avg,0.10,0.32)+0.15*scale(air_yard_share_season_avg,0.08,0.38)+0.15*scale(routes_consistency_index,0.60,0.95)+0.15*scale(target_earning_index,0.12,0.45)+0.15*scale(opportunity_concentration_score,0.18,0.56)","0.50*scale(12.00-feature_finish,0.00,12.00)+0.25*scale(11.00-feature_games_played,0.00,11.00)+0.25*scale(0.14-feature_target_share,0.00,0.14)"
00-0036182,N.Westbrook-Ikhine,2020,2021,WR,0.0000,7.6838,0.0000,0.0000,0.0000,0.0000,31.8182,-0.7565,wr_signal_score_role_balanced_v1,"0.50*scale(feature_targets_per_game,4.00,10.00)+0.50*scale(feature_target_share,0.12,0.30)","0.55*scale(feature_ppg_per_target,0.80,2.50)+0.45*scale(feature_ppg,6.00,18.00)","0.40*scale(48.00-feature_finish,0.00,36.00)+0.60*scale(expected_ppg_baseline-feature_ppg,0.00,4.00)","0.65*scale(feature_games_played,8.00,17.00)+0.35*scale(feature_total_ppr,80.00,260.00)","0.50*scale(feature_ppg_minus_cohort_expected,0.00,6.00)+0.30*scale(expected_finish_from_cohort-feature_finish,0.00,36.00)+0.20*scale(cohort_player_count,1.00,18.00)","0.20*scale(route_participation_season_avg,0.50,0.95)+0.20*scale(target_share_season_avg,0.10,0.32)+0.15*scale(air_yard_share_season_avg,0.08,0.38)+0.15*scale(routes_consistency_index,0.60,0.95)+0.15*scale(target_earning_index,0.12,0.45)+0.15*scale(opportunity_concentration_score,0.18,0.56)","0.50*scale(12.00-feature_finish,0.00,12.00)+0.25*scale(11.00-feature_games_played,0.00,11.00)+0.25*scale(0.14-feature_target_share,0.00,0.14)"
00-0034653,D.Burnett,2020,2021,WR,0.0000,13.7500,0.0000,0.0000,0.0000,0.0000,47.7273,-0.8011,wr_signal_score_role_balanced_v1,"0.50*scale(feature_targets_per_game,4.00,10.00)+0.50*scale(feature_target_share,0.12,0.30)","0.55*scale(feature_ppg_per_target,0.80,2.50)+0.45*scale(feature_ppg,6.00,18.00)","0.40*scale(48.00-feature_finish,0.00,36.00)+0.60*scale(expected_ppg_baseline-feature_ppg,0.00,4.00)","0.65*scale(feature_games_played,8.00,17.00)+0.35*scale(feature_total_ppr,80.00,260.00)","0.50*scale(feature_ppg_minus_cohort_expected,0.00,6.00)+0.30*scale(expected_finish_from_cohort-feature_finish,0.00,36.00)+0.20*scale(cohort_player_count,1.00,18.00)","0.20*scale(route_participation_season_avg,0.50,0.95)+0.20*scale(target_share_season_avg,0.10,0.32)+0.15*scale(air_yard_share_season_avg,0.08,0.38)+0.15*scale(routes_consistency_index,0.60,0.95)+0.15*scale(target_earning_index,0.12,0.45)+0.15*scale(opportunity_concentration_score,0.18,0.56)","0.50*scale(12.00-feature_finish,0.00,12.00)+0.25*scale(11.00-feature_games_played,0.00,11.00)+0.25*scale(0.14-feature_target_share,0.00,0.14)"
00-0025396,T.Ginn,2020,2021,WR,0.0000,11.8627,0.0000,0.0000,0.0000,0.0000,43.1818,-0.8115,wr_signal_score_role_balanced_v1,"0.50*scale(feature_targets_per_game,4.00,10.00)+0.50*scale(feature_target_share,0.12,0.30)","0.55*scale(feature_ppg_per_target,0.80,2.50)+0.45*scale(feature_ppg,6.00,18.00)","0.40*scale(48.00-feature_finish,0.00,36.00)+0.60*scale(expected_ppg_baseline-feature_ppg,0.00,4.00)","0.65*scale(feature_games_played,8.00,17.00)+0.35*scale(feature_total_ppr,80.00,260.00)","0.50*scale(feature_ppg_minus_cohort_expected,0.00,6.00)+0.30*scale(expected_finish_from_cohort-feature_finish,0.00,36.00)+0.20*scale(cohort_player_count,1.00,18.00)","0.20*scale(route_participation_season_avg,0.50,0.95)+0.20*scale(target_share_season_avg,0.10,0.32)+0.15*scale(air_yard_share_season_avg,0.08,0.38)+0.15*scale(routes_consistency_index,0.60,0.95)+0.15*scale(target_earning_index,0.12,0.45)+0.15*scale(opportunity_concentration_score,0.18,0.56)","0.50*scale(12.00-feature_finish,0.00,12.00)+0.25*scale(11.00-feature_games_played,0.00,11.00)+0.25*scale(0.14-feature_target_share,0.00,0.14)"
00-0035864,K.Hinton,2020,2021,WR,0.0000,0.0000,12.5100,0.0000,0.0000,0.0000,47.7273,-0.8620,wr_signal_score_role_balanced_v1,"0.50*scale(feature_targets_per_game,4.00,10.00)+0.50*scale(feature_target_share,0.12,0.30)","0.55*scale(feature_ppg_per_target,0.80,2.50)+0.45*scale(feature_ppg,6.00,18.00)","0.40*scale(48.00-feature_finish,0.00,36.00)+0.60*scale(expected_ppg_baseline-feature_ppg,0.00,4.00)","0.65*scale(feature_games_played,8.00,17.00)+0.35*scale(feature_total_ppr,80.00,260.00)","0.50*scale(feature_ppg_minus_cohort_expected,0.00,6.00)+0.30*scale(expected_finish_from_cohort-feature_finish,0.00,36.00)+0.20*scale(cohort_player_count,1.00,18.00)","0.20*scale(route_participation_season_avg,0.50,0.95)+0.20*scale(target_share_season_avg,0.10,0.32)+0.15*scale(air_yard_share_season_avg,0.08,0.38)+0.15*scale(routes_consistency_index,0.60,0.95)+0.15*scale(target_earning_index,0.12,0.45)+0.15*scale(opportunity_concentration_score,0.18,0.56)","0.50*scale(12.00-feature_finish,0.00,12.00)+0.25*scale(11.00-feature_games_played,0.00,11.00)+0.25*scale(0.14-feature_target_share,0.00,0.14)"
00-0034054,R.Cracraft,2020,2021,WR,0.0000,10.4248,0.0000,0.0000,0.0000,0.0000,43.1818,-1.0272,wr_signal_score_role_balanced_v1,"0.50*scale(feature_targets_per_game,4.00,10.00)+0.50*scale(feature_target_share,0.12,0.30)","0.55*scale(feature_ppg_per_target,0.80,2.50)+0.45*scale(feature_ppg,6.00,18.00)","0.40*scale(48.00-feature_finish,0.00,36.00)+0.60*scale(expected_ppg_baseline-feature_ppg,0.00,4.00)","0.65*scale(feature_games_played,8.00,17.00)+0.35*scale(feature_total_ppr,80.00,260.00)","0.50*scale(feature_ppg_minus_cohort_expected,0.00,6.00)+0.30*scale(expected_finish_from_cohort-feature_finish,0.00,36.00)+0.20*scale(cohort_player_count,1.00,18.00)","0.20*scale(route_participation_season_avg,0.50,0.95)+0.20*scale(target_share_season_avg,0.10,0.32)+0.15*scale(air_yard_share_season_avg,0.08,0.38)+0.15*scale(routes_consistency_index,0.60,0.95)+0.15*scale(target_earning_index,0.12,0.45)+0.15*scale(opportunity_concentration_score,0.18,0.56)","0.50*scale(12.00-feature_finish,0.00,12.00)+0.25*scale(11.00-feature_games_played,0.00,11.00)+0.25*scale(0.14-feature_target_share,0.00,0.14)"
00-0034317,K.Kirkwood,2020,2021,WR,0.0000,11.3235,0.0000,0.0000,0.0000,0.0000,47.7273,-1.1651,wr_signal_score_role_balanced_v1,"0.50*scale(feature_targets_per_game,4.00,10.00)+0.50*scale(feature_target_share,0.12,0.30)","0.55*scale(feature_ppg_per_target,0.80,2.50)+0.45*scale(feature_ppg,6.00,18.00)","0.40*scale(48.00-feature_finish,0.00,36.00)+0.60*scale(expected_ppg_baseline-feature_ppg,0.00,4.00)","0.65*scale(feature_games_played,8.00,17.00)+0.35*scale(feature_total_ppr,80.00,260.00)","0.50*scale(feature_ppg_minus_cohort_expected,0.00,6.00)+0.30*scale(expected_finish_from_cohort-feature_finish,0.00,36.00)+0.20*scale(cohort_player_count,1.00,18.00)","0.20*scale(route_participation_season_avg,0.50,0.95)+0.20*scale(target_share_season_avg,0.10,0.32)+0.15*scale(air_yard_share_season_avg,0.08,0.38)+0.15*scale(routes_consistency_index,0.60,0.95)+0.15*scale(target_earning_index,0.12,0.45)+0.15*scale(opportunity_concentration_score,0.18,0.56)","0.50*scale(12.00-feature_finish,0.00,12.00)+0.25*scale(11.00-feature_games_played,0.00,11.00)+0.25*scale(0.14-feature_target_share,0.00,0.14)"
00-0034273,D.Ratley,2020,2021,WR,0.0000,7.4412,0.0000,0.0000,0.0000,0.0000,38.6364,-1.2020,wr_signal_score_role_balanced_v1,"0.50*scale(feature_targets_per_game,4.00,10.00)+0.50*scale(feature_target_share,0.12,0.30)","0.55*scale(feature_ppg_per_target,0.80,2.50)+0.45*scale(feature_ppg,6.00,18.00)","0.40*scale(48.00-feature_finish,0.00,36.00)+0.60*scale(expected_ppg_baseline-feature_ppg,0.00,4.00)","0.65*scale(feature_games_played,8.00,17.00)+0.35*scale(feature_total_ppr,80.00,260.00)","0.50*scale(feature_ppg_minus_cohort_expected,0.00,6.00)+0.30*scale(expected_finish_from_cohort-feature_finish,0.00,36.00)+0.20*scale(cohort_player_count,1.00,18.00)","0.20*scale(route_participation_season_avg,0.50,0.95)+0.20*scale(target_share_season_avg,0.10,0.32)+0.15*scale(air_yard_share_season_avg,0.08,0.38)+0.15*scale(routes_consistency_index,0.60,0.95)+0.15*scale(target_earning_index,0.12,0.45)+0.15*scale(opportunity_concentration_score,0.18,0.56)","0.50*scale(12.00-feature_finish,0.00,12.00)+0.25*scale(11.00-feature_games_played,0.00,11.00)+0.25*scale(0.14-feature_target_share,0.00,0.14)"
00-0035313,T.Godwin,2020,2021,WR,0.0000,9.1667,0.0000,0.0000,0.0000,0.0000,45.4545,-1.3523,wr_signal_score_role_balanced_v1,"0.50*scale(feature_targets_per_game,4.00,10.00)+0.50*scale(feature_target_share,0.12,0.30)","0.55*scale(feature_ppg_per_target,0.80,2.50)+0.45*scale(feature_ppg,6.00,18.00)","0.40*scale(48.00-feature_finish,0.00,36.00)+0.60*scale(expected_ppg_baseline-feature_ppg,0.00,4.00)","0.65*scale(feature_games_played,8.00,17.00)+0.35*scale(feature_total_ppr,80.00,260.00)","0.50*scale(feature_ppg_minus_cohort_expected,0.00,6.00)+0.30*scale(expected_finish_from_cohort-feature_finish,0.00,36.00)+0.20*scale(cohort_player_count,1.00,18.00)","0.20*scale(route_participation_season_avg,0.50,0.95)+0.20*scale(target_share_season_avg,0.10,0.32)+0.15*scale(air_yard_share_season_avg,0.08,0.38)+0.15*scale(routes_consistency_index,0.60,0.95)+0.15*scale(target_earning_index,0.12,0.45)+0.15*scale(opportunity_concentration_score,0.18,0.56)","0.50*scale(12.00-feature_finish,0.00,12.00)+0.25*scale(11.00-feature_games_played,0.00,11.00)+0.25*scale(0.14-feature_target_share,0.00,0.14)"
00-0034772,A.Callaway,2020,2021,WR,0.0000,6.4714,0.0000,0.0000,0.0000,0.0000,43.1818,-1.6202,wr_signal_score_role_balanced_v1,"0.50*scale(feature_targets_per_game,4.00,10.00)+0.50*scale(feature_target_share,0.12,0.30)","0.55*scale(feature_ppg_per_target,0.80,2.50)+0.45*scale(feature_ppg,6.00,18.00)","0.40*scale(48.00-feature_finish,0.00,36.00)+0.60*scale(expected_ppg_baseline-feature_ppg,0.00,4.00)","0.65*scale(feature_games_played,8.00,17.00)+0.35*scale(feature_total_ppr,80.00,260.00)","0.50*scale(feature_ppg_minus_cohort_expected,0.00,6.00)+0.30*scale(expected_finish_from_cohort-feature_finish,0.00,36.00)+0.20*scale(cohort_player_count,1.00,18.00)","0.20*scale(route_participation_season_avg,0.50,0.95)+0.20*scale(target_share_season_avg,0.10,0.32)+0.15*scale(air_yard_share_season_avg,0.08,0.38)+0.15*scale(routes_consistency_index,0.60,0.95)+0.15*scale(target_earning_index,0.12,0.45)+0.15*scale(opportunity_concentration_score,0.18,0.56)","0.50*scale(12.00-feature_finish,0.00,12.00)+0.25*scale(11.00-feature_games_played,0.00,11.00)+0.25*scale(0.14-feature_target_share,0.00,0.14)"
00-0033292,T.Taylor,2020,2021,WR,0.0000,2.7731,0.0000,0.0000,0.0000,0.0000,34.0909,-1.6295,wr_signal_score_role_balanced_v1,"0.50*scale(feature_targets_per_game,4.00,10.00)+0.50*scale(feature_target_share,0.12,0.30)","0.55*scale(feature_ppg_per_target,0.80,2.50)+0.45*scale(feature_ppg,6.00,18.00)","0.40*scale(48.00-feature_finish,0.00,36.00)+0.60*scale(expected_ppg_baseline-feature_ppg,0.00,4.00)","0.65*scale(feature_games_played,8.00,17.00)+0.35*scale(feature_total_ppr,80.00,260.00)","0.50*scale(feature_ppg_minus_cohort_expected,0.00,6.00)+0.30*scale(expected_finish_from_cohort-feature_finish,0.00,36.00)+0.20*scale(cohort_player_count,1.00,18.00)","0.20*scale(route_participation_season_avg,0.50,0.95)+0.20*scale(target_share_season_avg,0.10,0.32)+0.15*scale(air_yard_share_season_avg,0.08,0.38)+0.15*scale(routes_consistency_index,0.60,0.95)+0.15*scale(target_earning_index,0.12,0.45)+0.15*scale(opportunity_concentration_score,0.18,0.56)","0.50*scale(12.00-feature_finish,0.00,12.00)+0.25*scale(11.00-feature_games_played,0.00,11.00)+0.25*scale(0.14-feature_target_share,0.00,0.14)"
00-0032881,T.Lewis,2020,2021,WR,0.0000,5.3921,0.0000,0.0000,0.0000,0.0000,40.9091,-1.6457,wr_signal_score_role_balanced_v1,"0.50*scale(feature_targets_per_game,4.00,10.00)+0.50*scale(feature_target_share,0.12,0.30)","0.55*scale(feature_ppg_per_target,0.80,2.50)+0.45*scale(feature_ppg,6.00,18.00)","0.40*scale(48.00-feature_finish,0.00,36.00)+0.60*scale(expected_ppg_baseline-feature_ppg,0.00,4.00)","0.65*scale(feature_games_played,8.00,17.00)+0.35*scale(feature_total_ppr,80.00,260.00)","0.50*scale(feature_ppg_minus_cohort_expected,0.00,6.00)+0.30*scale(expected_finish_from_cohort-feature_finish,0.00,36.00)+0.20*scale(cohort_player_count,1.00,18.00)","0.20*scale(route_participation_season_avg,0.50,0.95)+0.20*scale(target_share_season_avg,0.10,0.32)+0.15*scale(air_yard_share_season_avg,0.08,0.38)+0.15*scale(routes_consistency_index,0.60,0.95)+0.15*scale(target_earning_index,0.12,0.45)+0.15*scale(opportunity_concentration_score,0.18,0.56)","0.50*scale(12.00-feature_finish,0.00,12.00)+0.25*scale(11.00-feature_games_played,0.00,11.00)+0.25*scale(0.14-feature_target_share,0.00,0.14)"
00-0034510,R.Foster,2020,2021,WR,0.0000,4.8529,0.0000,0.0000,0.0000,0.0000,43.1818,-1.8630,wr_signal_score_role_balanced_v1,"0.50*scale(feature_targets_per_game,4.00,10.00)+0.50*scale(feature_target_share,0.12,0.30)","0.55*scale(feature_ppg_per_target,0.80,2.50)+0.45*scale(feature_ppg,6.00,18.00)","0.40*scale(48.00-feature_finish,0.00,36.00)+0.60*scale(expected_ppg_baseline-feature_ppg,0.00,4.00)","0.65*scale(feature_games_played,8.00,17.00)+0.35*scale(feature_total_ppr,80.00,260.00)","0.50*scale(feature_ppg_minus_cohort_expected,0.00,6.00)+0.30*scale(expected_finish_from_cohort-feature_finish,0.00,36.00)+0.20*scale(cohort_player_count,1.00,18.00)","0.20*scale(route_participation_season_avg,0.50,0.95)+0.20*scale(target_share_season_avg,0.10,0.32)+0.15*scale(air_yard_share_season_avg,0.08,0.38)+0.15*scale(routes_consistency_index,0.60,0.95)+0.15*scale(target_earning_index,0.12,0.45)+0.15*scale(opportunity_concentration_score,0.18,0.56)","0.50*scale(12.00-feature_finish,0.00,12.00)+0.25*scale(11.00-feature_games_played,0.00,11.00)+0.25*scale(0.14-feature_target_share,0.00,0.14)"
00-0033474,G.Dieter,2020,2021,WR,0.0000,6.4706,0.0000,0.0000,0.0000,0.0000,47.7273,-1.8930,wr_signal_score_role_balanced_v1,"0.50*scale(feature_targets_per_game,4.00,10.00)+0.50*scale(feature_target_share,0.12,0.30)","0.55*scale(feature_ppg_per_target,0.80,2.50)+0.45*scale(feature_ppg,6.00,18.00)","0.40*scale(48.00-feature_finish,0.00,36.00)+0.60*scale(expected_ppg_baseline-feature_ppg,0.00,4.00)","0.65*scale(feature_games_played,8.00,17.00)+0.35*scale(feature_total_ppr,80.00,260.00)","0.50*scale(feature_ppg_minus_cohort_expected,0.00,6.00)+0.30*scale(expected_finish_from_cohort-feature_finish,0.00,36.00)+0.20*scale(cohort_player_count,1.00,18.00)","0.20*scale(route_participation_season_avg,0.50,0.95)+0.20*scale(target_share_season_avg,0.10,0.32)+0.15*scale(air_yard_share_season_avg,0.08,0.38)+0.15*scale(routes_consistency_index,0.60,0.95)+0.15*scale(target_earning_index,0.12,0.45)+0.15*scale(opportunity_concentration_score,0.18,0.56)","0.50*scale(12.00-feature_finish,0.00,12.00)+0.25*scale(11.00-feature_games_played,0.00,11.00)+0.25*scale(0.14-feature_target_share,0.00,0.14)"
00-0033215,C.Grayson,2020,2021,WR,0.0000,0.0000,4.5000,0.0000,0.0000,0.0000,45.4545,-2.0073,wr_signal_score_role_balanced_v1,"0.50*scale(feature_targets_per_game,4.00,10.00)+0.50*scale(feature_target_share,0.12,0.30)","0.55*scale(feature_ppg_per_target,0.80,2.50)+0.45*scale(feature_ppg,6.00,18.00)","0.40*scale(48.00-feature_finish,0.00,36.00)+0.60*scale(expected_ppg_baseline-feature_ppg,0.00,4.00)","0.65*scale(feature_games_played,8.00,17.00)+0.35*scale(feature_total_ppr,80.00,260.00)","0.50*scale(feature_ppg_minus_cohort_expected,0.00,6.00)+0.30*scale(expected_finish_from_cohort-feature_finish,0.00,36.00)+0.20*scale(cohort_player_count,1.00,18.00)","0.20*scale(route_participation_season_avg,0.50,0.95)+0.20*scale(target_share_season_avg,0.10,0.32)+0.15*scale(air_yard_share_season_avg,0.08,0.38)+0.15*scale(routes_consistency_index,0.60,0.95)+0.15*scale(target_earning_index,0.12,0.45)+0.15*scale(opportunity_concentration_score,0.18,0.56)","0.50*scale(12.00-feature_finish,0.00,12.00)+0.25*scale(11.00-feature_games_played,0.00,11.00)+0.25*scale(0.14-feature_target_share,0.00,0.14)"
00-0032778,T.Sharpe,2020,2021,WR,0.0000,0.0000,3.0000,0.0000,0.0000,0.0000,43.1818,-2.1109,wr_signal_score_role_balanced_v1,"0.50*scale(feature_targets_per_game,4.00,10.00)+0.50*scale(feature_target_share,0.12,0.30)","0.55*scale(feature_ppg_per_target,0.80,2.50)+0.45*scale(feature_ppg,6.00,18.00)","0.40*scale(48.00-feature_finish,0.00,36.00)+0.60*scale(expected_ppg_baseline-feature_ppg,0.00,4.00)","0.65*scale(feature_games_played,8.00,17.00)+0.35*scale(feature_total_ppr,80.00,260.00)","0.50*scale(feature_ppg_minus_cohort_expected,0.00,6.00)+0.30*scale(expected_finish_from_cohort-feature_finish,0.00,36.00)+0.20*scale(cohort_player_count,1.00,18.00)","0.20*scale(route_participation_season_avg,0.50,0.95)+0.20*scale(target_share_season_avg,0.10,0.32)+0.15*scale(air_yard_share_season_avg,0.08,0.38)+0.15*scale(routes_consistency_index,0.60,0.95)+0.15*scale(target_earning_index,0.12,0.45)+0.15*scale(opportunity_concentration_score,0.18,0.56)","0.50*scale(12.00-feature_finish,0.00,12.00)+0.25*scale(11.00-feature_games_played,0.00,11.00)+0.25*scale(0.14-feature_target_share,0.00,0.14)"
00-0036340,A.Gandy-Golden,2020,2021,WR,0.0000,0.0000,1.3125,0.0000,0.0000,0.0000,40.9091,-2.2445,wr_signal_score_role_balanced_v1,"0.50*scale(feature_targets_per_game,4.00,10.00)+0.50*scale(feature_target_share,0.12,0.30)","0.55*scale(feature_ppg_per_target,0.80,2.50)+0.45*scale(feature_ppg,6.00,18.00)","0.40*scale(48.00-feature_finish,0.00,36.00)+0.60*scale(expected_ppg_baseline-feature_ppg,0.00,4.00)","0.65*scale(feature_games_played,8.00,17.00)+0.35*scale(feature_total_ppr,80.00,260.00)","0.50*scale(feature_ppg_minus_cohort_expected,0.00,6.00)+0.30*scale(expected_finish_from_cohort-feature_finish,0.00,36.00)+0.20*scale(cohort_player_count,1.00,18.00)","0.20*scale(route_participation_season_avg,0.50,0.95)+0.20*scale(target_share_season_avg,0.10,0.32)+0.15*scale(air_yard_share_season_avg,0.08,0.38)+0.15*scale(routes_consistency_index,0.60,0.95)+0.15*scale(target_earning_index,0.12,0.45)+0.15*scale(opportunity_concentration_score,0.18,0.56)","0.50*scale(12.00-feature_finish,0.00,12.00)+0.25*scale(11.00-feature_games_played,0.00,11.00)+0.25*scale(0.14-feature_target_share,0.00,0.14)"
00-0034660,R.Gafford,2020,2021,WR,0.0000,0.0000,3.0000,0.0000,0.0000,0.0000,45.4545,-2.2473,wr_signal_score_role_balanced_v1,"0.50*scale(feature_targets_per_game,4.00,10.00)+0.50*scale(feature_target_share,0.12,0.30)","0.55*scale(feature_ppg_per_target,0.80,2.50)+0.45*scale(feature_ppg,6.00,18.00)","0.40*scale(48.00-feature_finish,0.00,36.00)+0.60*scale(expected_ppg_baseline-feature_ppg,0.00,4.00)","0.65*scale(feature_games_played,8.00,17.00)+0.35*scale(feature_total_ppr,80.00,260.00)","0.50*scale(feature_ppg_minus_cohort_expected,0.00,6.00)+0.30*scale(expected_finish_from_cohort-feature_finish,0.00,36.00)+0.20*scale(cohort_player_count,1.00,18.00)","0.20*scale(route_participation_season_avg,0.50,0.95)+0.20*scale(target_share_season_avg,0.10,0.32)+0.15*scale(air_yard_share_season_avg,0.08,0.38)+0.15*scale(routes_consistency_index,0.60,0.95)+0.15*scale(target_earning_index,0.12,0.45)+0.15*scale(opportunity_concentration_score,0.18,0.56)","0.50*scale(12.00-feature_finish,0.00,12.00)+0.25*scale(11.00-feature_games_played,0.00,11.00)+0.25*scale(0.14-feature_target_share,0.00,0.14)"
00-0031763,D.Carter,2020,2021,WR,0.0000,3.2353,0.0000,0.0000,0.0000,0.0000,47.7273,-2.3783,wr_signal_score_role_balanced_v1,"0.50*scale(feature_targets_per_game,4.00,10.00)+0.50*scale(feature_target_share,0.12,0.30)","0.55*scale(feature_ppg_per_target,0.80,2.50)+0.45*scale(feature_ppg,6.00,18.00)","0.40*scale(48.00-feature_finish,0.00,36.00)+0.60*scale(expected_ppg_baseline-feature_ppg,0.00,4.00)","0.65*scale(feature_games_played,8.00,17.00)+0.35*scale(feature_total_ppr,80.00,260.00)","0.50*scale(feature_ppg_minus_cohort_expected,0.00,6.00)+0.30*scale(expected_finish_from_cohort-feature_finish,0.00,36.00)+0.20*scale(cohort_player_count,1.00,18.00)","0.20*scale(route_participation_season_avg,0.50,0.95)+0.20*scale(target_share_season_avg,0.10,0.32)+0.15*scale(air_yard_share_season_avg,0.08,0.38)+0.15*scale(routes_consistency_index,0.60,0.95)+0.15*scale(target_earning_index,0.12,0.45)+0.15*scale(opportunity_concentration_score,0.18,0.56)","0.50*scale(12.00-feature_finish,0.00,12.00)+0.25*scale(11.00-feature_games_played,0.00,11.00)+0.25*scale(0.14-feature_target_share,0.00,0.14)"
00-0033460,J.Ross,2020,2021,WR,0.0000,0.0000,2.1750,0.0000,0.0000,0.0000,45.4545,-2.3793,wr_signal_score_role_balanced_v1,"0.50*scale(feature_targets_per_game,4.00,10.00)+0.50*scale(feature_target_share,0.12,0.30)","0.55*scale(feature_ppg_per_target,0.80,2.50)+0.45*scale(feature_ppg,6.00,18.00)","0.40*scale(48.00-feature_finish,0.00,36.00)+0.60*scale(expected_ppg_baseline-feature_ppg,0.00,4.00)","0.65*scale(feature_games_played,8.00,17.00)+0.35*scale(feature_total_ppr,80.00,260.00)","0.50*scale(feature_ppg_minus_cohort_expected,0.00,6.00)+0.30*scale(expected_finish_from_cohort-feature_finish,0.00,36.00)+0.20*scale(cohort_player_count,1.00,18.00)","0.20*scale(route_participation_season_avg,0.50,0.95)+0.20*scale(target_share_season_avg,0.10,0.32)+0.15*scale(air_yard_share_season_avg,0.08,0.38)+0.15*scale(routes_consistency_index,0.60,0.95)+0.15*scale(target_earning_index,0.12,0.45)+0.15*scale(opportunity_concentration_score,0.18,0.56)","0.50*scale(12.00-feature_finish,0.00,12.00)+0.25*scale(11.00-feature_games_played,0.00,11.00)+0.25*scale(0.14-feature_target_share,0.00,0.14)"
00-0033911,T.Taylor,2020,2021,WR,0.0000,0.0000,3.0000,0.0000,0.0000,0.0000,47.7273,-2.3836,wr_signal_score_role_balanced_v1,"0.50*scale(feature_targets_per_game,4.00,10.00)+0.50*scale(feature_target_share,0.12,0.30)","0.55*scale(feature_ppg_per_target,0.80,2.50)+0.45*scale(feature_ppg,6.00,18.00)","0.40*scale(48.00-feature_finish,0.00,36.00)+0.60*scale(expected_ppg_baseline-feature_ppg,0.00,4.00)","0.65*scale(feature_games_played,8.00,17.00)+0.35*scale(feature_total_ppr,80.00,260.00)","0.50*scale(feature_ppg_minus_cohort_expected,0.00,6.00)+0.30*scale(expected_finish_from_cohort-feature_finish,0.00,36.00)+0.20*scale(cohort_player_count,1.00,18.00)","0.20*scale(route_participation_season_avg,0.50,0.95)+0.20*scale(target_share_season_avg,0.10,0.32)+0.15*scale(air_yard_share_season_avg,0.08,0.38)+0.15*scale(routes_consistency_index,0.60,0.95)+0.15*scale(target_earning_index,0.12,0.45)+0.15*scale(opportunity_concentration_score,0.18,0.56)","0.50*scale(12.00-feature_finish,0.00,12.00)+0.25*scale(11.00-feature_games_played,0.00,11.00)+0.25*scale(0.14-feature_target_share,0.00,0.14)"
00-0034207,J.Badet,2020,2021,WR,0.0000,0.0000,3.0000,0.0000,0.0000,0.0000,47.7273,-2.3836,wr_signal_score_role_balanced_v1,"0.50*scale(feature_targets_per_game,4.00,10.00)+0.50*scale(feature_target_share,0.12,0.30)","0.55*scale(feature_ppg_per_target,0.80,2.50)+0.45*scale(feature_ppg,6.00,18.00)","0.40*scale(48.00-feature_finish,0.00,36.00)+0.60*scale(expected_ppg_baseline-feature_ppg,0.00,4.00)","0.65*scale(feature_games_played,8.00,17.00)+0.35*scale(feature_total_ppr,80.00,260.00)","0.50*scale(feature_ppg_minus_cohort_expected,0.00,6.00)+0.30*scale(expected_finish_from_cohort-feature_finish,0.00,36.00)+0.20*scale(cohort_player_count,1.00,18.00)","0.20*scale(route_participation_season_avg,0.50,0.95)+0.20*scale(target_share_season_avg,0.10,0.32)+0.15*scale(air_yard_share_season_avg,0.08,0.38)+0.15*scale(routes_consistency_index,0.60,0.95)+0.15*scale(target_earning_index,0.12,0.45)+0.15*scale(opportunity_concentration_score,0.18,0.56)","0.50*scale(12.00-feature_finish,0.00,12.00)+0.25*scale(11.00-feature_games_played,0.00,11.00)+0.25*scale(0.14-feature_target_share,0.00,0.14)"
00-0035529,H.Butler,2020,2021,WR,0.0000,0.0000,3.0000,0.0000,0.0000,0.0000,47.7273,-2.3836,wr_signal_score_role_balanced_v1,"0.50*scale(feature_targets_per_game,4.00,10.00)+0.50*scale(feature_target_share,0.12,0.30)","0.55*scale(feature_ppg_per_target,0.80,2.50)+0.45*scale(feature_ppg,6.00,18.00)","0.40*scale(48.00-feature_finish,0.00,36.00)+0.60*scale(expected_ppg_baseline-feature_ppg,0.00,4.00)","0.65*scale(feature_games_played,8.00,17.00)+0.35*scale(feature_total_ppr,80.00,260.00)","0.50*scale(feature_ppg_minus_cohort_expected,0.00,6.00)+0.30*scale(expected_finish_from_cohort-feature_finish,0.00,36.00)+0.20*scale(cohort_player_count,1.00,18.00)","0.20*scale(route_participation_season_avg,0.50,0.95)+0.20*scale(target_share_season_avg,0.10,0.32)+0.15*scale(air_yard_share_season_avg,0.08,0.38)+0.15*scale(routes_consistency_index,0.60,0.95)+0.15*scale(target_earning_index,0.12,0.45)+0.15*scale(opportunity_concentration_score,0.18,0.56)","0.50*scale(12.00-feature_finish,0.00,12.00)+0.25*scale(11.00-feature_games_played,0.00,11.00)+0.25*scale(0.14-feature_target_share,0.00,0.14)"
00-0036133,J.Proche,2020,2021,WR,0.0000,0.0000,0.0000,0.0000,0.0000,0.0000,43.1818,-2.5909,wr_signal_score_role_balanced_v1,"0.50*scale(feature_targets_per_game,4.00,10.00)+0.50*scale(feature_target_share,0.12,0.30)","0.55*scale(feature_ppg_per_target,0.80,2.50)+0.45*scale(feature_ppg,6.00,18.00)","0.40*scale(48.00-feature_finish,0.00,36.00)+0.60*scale(expected_ppg_baseline-feature_ppg,0.00,4.00)","0.65*scale(feature_games_played,8.00,17.00)+0.35*scale(feature_total_ppr,80.00,260.00)","0.50*scale(feature_ppg_minus_cohort_expected,0.00,6.00)+0.30*scale(expected_finish_from_cohort-feature_finish,0.00,36.00)+0.20*scale(cohort_player_count,1.00,18.00)","0.20*scale(route_participation_season_avg,0.50,0.95)+0.20*scale(target_share_season_avg,0.10,0.32)+0.15*scale(air_yard_share_season_avg,0.08,0.38)+0.15*scale(routes_consistency_index,0.60,0.95)+0.15*scale(target_earning_index,0.12,0.45)+0.15*scale(opportunity_concentration_score,0.18,0.56)","0.50*scale(12.00-feature_finish,0.00,12.00)+0.25*scale(11.00-feature_games_played,0.00,11.00)+0.25*scale(0.14-feature_target_share,0.00,0.14)"
00-0034631,V.Smith,2020,2021,WR,0.0000,0.0000,0.0000,0.0000,0.0000,0.0000,45.4545,-2.7273,wr_signal_score_role_balanced_v1,"0.50*scale(feature_targets_per_game,4.00,10.00)+0.50*scale(feature_target_share,0.12,0.30)","0.55*scale(feature_ppg_per_target,0.80,2.50)+0.45*scale(feature_ppg,6.00,18.00)","0.40*scale(48.00-feature_finish,0.00,36.00)+0.60*scale(expected_ppg_baseline-feature_ppg,0.00,4.00)","0.65*scale(feature_games_played,8.00,17.00)+0.35*scale(feature_total_ppr,80.00,260.00)","0.50*scale(feature_ppg_minus_cohort_expected,0.00,6.00)+0.30*scale(expected_finish_from_cohort-feature_finish,0.00,36.00)+0.20*scale(cohort_player_count,1.00,18.00)","0.20*scale(route_participation_season_avg,0.50,0.95)+0.20*scale(target_share_season_avg,0.10,0.32)+0.15*scale(air_yard_share_season_avg,0.08,0.38)+0.15*scale(routes_consistency_index,0.60,0.95)+0.15*scale(target_earning_index,0.12,0.45)+0.15*scale(opportunity_concentration_score,0.18,0.56)","0.50*scale(12.00-feature_finish,0.00,12.00)+0.25*scale(11.00-feature_games_played,0.00,11.00)+0.25*scale(0.14-feature_target_share,0.00,0.14)"
00-0033266,J.Natson,2020,2021,WR,0.0000,0.0000,0.0000,0.0000,0.0000,0.0000,47.7273,-2.8636,wr_signal_score_role_balanced_v1,"0.50*scale(feature_targets_per_game,4.00,10.00)+0.50*scale(feature_target_share,0.12,0.30)","0.55*scale(feature_ppg_per_target,0.80,2.50)+0.45*scale(feature_ppg,6.00,18.00)","0.40*scale(48.00-feature_finish,0.00,36.00)+0.60*scale(expected_ppg_baseline-feature_ppg,0.00,4.00)","0.65*scale(feature_games_played,8.00,17.00)+0.35*scale(feature_total_ppr,80.00,260.00)","0.50*scale(feature_ppg_minus_cohort_expected,0.00,6.00)+0.30*scale(expected_finish_from_cohort-feature_finish,0.00,36.00)+0.20*scale(cohort_player_count,1.00,18.00)","0.20*scale(route_participation_season_avg,0.50,0.95)+0.20*scale(target_share_season_avg,0.10,0.32)+0.15*scale(air_yard_share_season_avg,0.08,0.38)+0.15*scale(routes_consistency_index,0.60,0.95)+0.15*scale(target_earning_index,0.12,0.45)+0.15*scale(opportunity_concentration_score,0.18,0.56)","0.50*scale(12.00-feature_finish,0.00,12.00)+0.25*scale(11.00-feature_games_played,0.00,11.00)+0.25*scale(0.14-feature_target_share,0.00,0.14)"
00-0035341,T.Irwin,2020,2021,WR,0.0000,0.0000,0.0000,0.0000,0.0000,0.0000,47.7273,-2.8636,wr_signal_score_role_balanced_v1,"0.50*scale(feature_targets_per_game,4.00,10.00)+0.50*scale(feature_target_share,0.12,0.30)","0.55*scale(feature_ppg_per_target,0.80,2.50)+0.45*scale(feature_ppg,6.00,18.00)","0.40*scale(48.00-feature_finish,0.00,36.00)+0.60*scale(expected_ppg_baseline-feature_ppg,0.00,4.00)","0.65*scale(feature_games_played,8.00,17.00)+0.35*scale(feature_total_ppr,80.00,260.00)","0.50*scale(feature_ppg_minus_cohort_expected,0.00,6.00)+0.30*scale(expected_finish_from_cohort-feature_finish,0.00,36.00)+0.20*scale(cohort_player_count,1.00,18.00)","0.20*scale(route_participation_season_avg,0.50,0.95)+0.20*scale(target_share_season_avg,0.10,0.32)+0.15*scale(air_yard_share_season_avg,0.08,0.38)+0.15*scale(routes_consistency_index,0.60,0.95)+0.15*scale(target_earning_index,0.12,0.45)+0.15*scale(opportunity_concentration_score,0.18,0.56)","0.50*scale(12.00-feature_finish,0.00,12.00)+0.25*scale(11.00-feature_games_played,0.00,11.00)+0.25*scale(0.14-feature_target_share,0.00,0.14)"
00-0036900,J.Chase,2021,2022,WR,29.4117,95.7986,40.0000,100.0000,100.0000,0.0000,50.0000,55.8286,wr_signal_score_role_balanced_v1,"0.50*scale(feature_targets_per_game,4.00,10.00)+0.50*scale(feature_target_share,0.12,0.30)","0.55*scale(feature_ppg_per_target,0.80,2.50)+0.45*scale(feature_ppg,6.00,18.00)","0.40*scale(48.00-feature_finish,0.00,36.00)+0.60*scale(expected_ppg_baseline-feature_ppg,0.00,4.00)","0.65*scale(feature_games_played,8.00,17.00)+0.35*scale(feature_total_ppr,80.00,260.00)","0.50*scale(feature_ppg_minus_cohort_expected,0.00,6.00)+0.30*scale(expected_finish_from_cohort-feature_finish,0.00,36.00)+0.20*scale(cohort_player_count,1.00,18.00)","0.20*scale(route_participation_season_avg,0.50,0.95)+0.20*scale(target_share_season_avg,0.10,0.32)+0.15*scale(air_yard_share_season_avg,0.08,0.38)+0.15*scale(routes_consistency_index,0.60,0.95)+0.15*scale(target_earning_index,0.12,0.45)+0.15*scale(opportunity_concentration_score,0.18,0.56)","0.50*scale(12.00-feature_finish,0.00,12.00)+0.25*scale(11.00-feature_games_played,0.00,11.00)+0.25*scale(0.14-feature_target_share,0.00,0.14)"
00-0036613,J.Waddle,2021,2022,WR,39.5834,66.9605,36.6667,90.4056,100.0000,0.0000,25.0000,53.6635,wr_signal_score_role_balanced_v1,"0.50*scale(feature_targets_per_game,4.00,10.00)+0.50*scale(feature_target_share,0.12,0.30)","0.55*scale(feature_ppg_per_target,0.80,2.50)+0.45*scale(feature_ppg,6.00,18.00)","0.40*scale(48.00-feature_finish,0.00,36.00)+0.60*scale(expected_ppg_baseline-feature_ppg,0.00,4.00)","0.65*scale(feature_games_played,8.00,17.00)+0.35*scale(feature_total_ppr,80.00,260.00)","0.50*scale(feature_ppg_minus_cohort_expected,0.00,6.00)+0.30*scale(expected_finish_from_cohort-feature_finish,0.00,36.00)+0.20*scale(cohort_player_count,1.00,18.00)","0.20*scale(route_participation_season_avg,0.50,0.95)+0.20*scale(target_share_season_avg,0.10,0.32)+0.15*scale(air_yard_share_season_avg,0.08,0.38)+0.15*scale(routes_consistency_index,0.60,0.95)+0.15*scale(target_earning_index,0.12,0.45)+0.15*scale(opportunity_concentration_score,0.18,0.56)","0.50*scale(12.00-feature_finish,0.00,12.00)+0.25*scale(11.00-feature_games_played,0.00,11.00)+0.25*scale(0.14-feature_target_share,0.00,0.14)"
00-0036963,A.St. Brown,2021,2022,WR,28.6458,66.6878,23.3333,86.4194,100.0000,0.0000,25.0000,48.3460,wr_signal_score_role_balanced_v1,"0.50*scale(feature_targets_per_game,4.00,10.00)+0.50*scale(feature_target_share,0.12,0.30)","0.55*scale(feature_ppg_per_target,0.80,2.50)+0.45*scale(feature_ppg,6.00,18.00)","0.40*scale(48.00-feature_finish,0.00,36.00)+0.60*scale(expected_ppg_baseline-feature_ppg,0.00,4.00)","0.65*scale(feature_games_played,8.00,17.00)+0.35*scale(feature_total_ppr,80.00,260.00)","0.50*scale(feature_ppg_minus_cohort_expected,0.00,6.00)+0.30*scale(expected_finish_from_cohort-feature_finish,0.00,36.00)+0.20*scale(cohort_player_count,1.00,18.00)","0.20*scale(route_participation_season_avg,0.50,0.95)+0.20*scale(target_share_season_avg,0.10,0.32)+0.15*scale(air_yard_share_season_avg,0.08,0.38)+0.15*scale(routes_consistency_index,0.60,0.95)+0.15*scale(target_earning_index,0.12,0.45)+0.15*scale(opportunity_concentration_score,0.18,0.56)","0.50*scale(12.00-feature_finish,0.00,12.00)+0.25*scale(11.00-feature_games_played,0.00,11.00)+0.25*scale(0.14-feature_target_share,0.00,0.14)"
00-0036183,K.Wilkerson,2021,2022,WR,33.3334,100.0000,40.0000,0.0000,100.0000,0.0000,81.0606,42.5364,wr_signal_score_role_balanced_v1,"0.50*scale(feature_targets_per_game,4.00,10.00)+0.50*scale(feature_target_share,0.12,0.30)","0.55*scale(feature_ppg_per_target,0.80,2.50)+0.45*scale(feature_ppg,6.00,18.00)","0.40*scale(48.00-feature_finish,0.00,36.00)+0.60*scale(expected_ppg_baseline-feature_ppg,0.00,4.00)","0.65*scale(feature_games_played,8.00,17.00)+0.35*scale(feature_total_ppr,80.00,260.00)","0.50*scale(feature_ppg_minus_cohort_expected,0.00,6.00)+0.30*scale(expected_finish_from_cohort-feature_finish,0.00,36.00)+0.20*scale(cohort_player_count,1.00,18.00)","0.20*scale(route_participation_season_avg,0.50,0.95)+0.20*scale(target_share_season_avg,0.10,0.32)+0.15*scale(air_yard_share_season_avg,0.08,0.38)+0.15*scale(routes_consistency_index,0.60,0.95)+0.15*scale(target_earning_index,0.12,0.45)+0.15*scale(opportunity_concentration_score,0.18,0.56)","0.50*scale(12.00-feature_finish,0.00,12.00)+0.25*scale(11.00-feature_games_played,0.00,11.00)+0.25*scale(0.14-feature_target_share,0.00,0.14)"
00-0033908,C.Kupp,2021,2022,WR,50.0000,93.5632,40.0000,100.0000,0.0000,0.0000,70.8333,41.1845,wr_signal_score_role_balanced_v1,"0.50*scale(feature_targets_per_game,4.00,10.00)+0.50*scale(feature_target_share,0.12,0.30)","0.55*scale(feature_ppg_per_target,0.80,2.50)+0.45*scale(feature_ppg,6.00,18.00)","0.40*scale(48.00-feature_finish,0.00,36.00)+0.60*scale(expected_ppg_baseline-feature_ppg,0.00,4.00)","0.65*scale(feature_games_played,8.00,17.00)+0.35*scale(feature_total_ppr,80.00,260.00)","0.50*scale(feature_ppg_minus_cohort_expected,0.00,6.00)+0.30*scale(expected_finish_from_cohort-feature_finish,0.00,36.00)+0.20*scale(cohort_player_count,1.00,18.00)","0.20*scale(route_participation_season_avg,0.50,0.95)+0.20*scale(target_share_season_avg,0.10,0.32)+0.15*scale(air_yard_share_season_avg,0.08,0.38)+0.15*scale(routes_consistency_index,0.60,0.95)+0.15*scale(target_earning_index,0.12,0.45)+0.15*scale(opportunity_concentration_score,0.18,0.56)","0.50*scale(12.00-feature_finish,0.00,12.00)+0.25*scale(11.00-feature_games_played,0.00,11.00)+0.25*scale(0.14-feature_target_share,0.00,0.14)"
00-0036322,J.Jefferson,2021,2022,WR,48.5292,83.1263,40.0000,100.0000,0.0000,0.0000,54.1667,40.2660,wr_signal_score_role_balanced_v1,"0.50*scale(feature_targets_per_game,4.00,10.00)+0.50*scale(feature_target_share,0.12,0.30)","0.55*scale(feature_ppg_per_target,0.80,2.50)+0.45*scale(feature_ppg,6.00,18.00)","0.40*scale(48.00-feature_finish,0.00,36.00)+0.60*scale(expected_ppg_baseline-feature_ppg,0.00,4.00)","0.65*scale(feature_games_played,8.00,17.00)+0.35*scale(feature_total_ppr,80.00,260.00)","0.50*scale(feature_ppg_minus_cohort_expected,0.00,6.00)+0.30*scale(expected_finish_from_cohort-feature_finish,0.00,36.00)+0.20*scale(cohort_player_count,1.00,18.00)","0.20*scale(route_participation_season_avg,0.50,0.95)+0.20*scale(target_share_season_avg,0.10,0.32)+0.15*scale(air_yard_share_season_avg,0.08,0.38)+0.15*scale(routes_consistency_index,0.60,0.95)+0.15*scale(target_earning_index,0.12,0.45)+0.15*scale(opportunity_concentration_score,0.18,0.56)","0.50*scale(12.00-feature_finish,0.00,12.00)+0.25*scale(11.00-feature_games_played,0.00,11.00)+0.25*scale(0.14-feature_target_share,0.00,0.14)"
00-0031588,S.Diggs,2021,2022,WR,47.0592,70.9170,40.0000,100.0000,0.0000,0.0000,29.1667,39.5818,wr_signal_score_role_balanced_v1,"0.50*scale(feature_targets_per_game,4.00,10.00)+0.50*scale(feature_target_share,0.12,0.30)","0.55*scale(feature_ppg_per_target,0.80,2.50)+0.45*scale(feature_ppg,6.00,18.00)","0.40*scale(48.00-feature_finish,0.00,36.00)+0.60*scale(expected_ppg_baseline-feature_ppg,0.00,4.00)","0.65*scale(feature_games_played,8.00,17.00)+0.35*scale(feature_total_ppr,80.00,260.00)","0.50*scale(feature_ppg_minus_cohort_expected,0.00,6.00)+0.30*scale(expected_finish_from_cohort-feature_finish,0.00,36.00)+0.20*scale(cohort_player_count,1.00,18.00)","0.20*scale(route_participation_season_avg,0.50,0.95)+0.20*scale(target_share_season_avg,0.10,0.32)+0.15*scale(air_yard_share_season_avg,0.08,0.38)+0.15*scale(routes_consistency_index,0.60,0.95)+0.15*scale(target_earning_index,0.12,0.45)+0.15*scale(opportunity_concentration_score,0.18,0.56)","0.50*scale(12.00-feature_finish,0.00,12.00)+0.25*scale(11.00-feature_games_played,0.00,11.00)+0.25*scale(0.14-feature_target_share,0.00,0.14)"
00-0031381,D.Adams,2021,2022,WR,50.0000,85.0296,40.0000,92.7778,0.0000,0.0000,66.6667,39.2156,wr_signal_score_role_balanced_v1,"0.50*scale(feature_targets_per_game,4.00,10.00)+0.50*scale(feature_target_share,0.12,0.30)","0.55*scale(feature_ppg_per_target,0.80,2.50)+0.45*scale(feature_ppg,6.00,18.00)","0.40*scale(48.00-feature_finish,0.00,36.00)+0.60*scale(expected_ppg_baseline-feature_ppg,0.00,4.00)","0.65*scale(feature_games_played,8.00,17.00)+0.35*scale(feature_total_ppr,80.00,260.00)","0.50*scale(feature_ppg_minus_cohort_expected,0.00,6.00)+0.30*scale(expected_finish_from_cohort-feature_finish,0.00,36.00)+0.20*scale(cohort_player_count,1.00,18.00)","0.20*scale(route_participation_season_avg,0.50,0.95)+0.20*scale(target_share_season_avg,0.10,0.32)+0.15*scale(air_yard_share_season_avg,0.08,0.38)+0.15*scale(routes_consistency_index,0.60,0.95)+0.15*scale(target_earning_index,0.12,0.45)+0.15*scale(opportunity_concentration_score,0.18,0.56)","0.50*scale(12.00-feature_finish,0.00,12.00)+0.25*scale(11.00-feature_games_played,0.00,11.00)+0.25*scale(0.14-feature_target_share,0.00,0.14)"
00-0033040,T.Hill,2021,2022,WR,44.6075,77.3535,40.0000,100.0000,0.0000,0.0000,45.8333,38.9588,wr_signal_score_role_balanced_v1,"0.50*scale(feature_targets_per_game,4.00,10.00)+0.50*scale(feature_target_share,0.12,0.30)","0.55*scale(feature_ppg_per_target,0.80,2.50)+0.45*scale(feature_ppg,6.00,18.00)","0.40*scale(48.00-feature_finish,0.00,36.00)+0.60*scale(expected_ppg_baseline-feature_ppg,0.00,4.00)","0.65*scale(feature_games_played,8.00,17.00)+0.35*scale(feature_total_ppr,80.00,260.00)","0.50*scale(feature_ppg_minus_cohort_expected,0.00,6.00)+0.30*scale(expected_finish_from_cohort-feature_finish,0.00,36.00)+0.20*scale(cohort_player_count,1.00,18.00)","0.20*scale(route_participation_season_avg,0.50,0.95)+0.20*scale(target_share_season_avg,0.10,0.32)+0.15*scale(air_yard_share_season_avg,0.08,0.38)+0.15*scale(routes_consistency_index,0.60,0.95)+0.15*scale(target_earning_index,0.12,0.45)+0.15*scale(opportunity_concentration_score,0.18,0.56)","0.50*scale(12.00-feature_finish,0.00,12.00)+0.25*scale(11.00-feature_games_played,0.00,11.00)+0.25*scale(0.14-feature_target_share,0.00,0.14)"
00-0035216,D.Johnson,2021,2022,WR,50.0000,68.4606,40.0000,92.7778,0.0000,0.0000,33.3333,38.7302,wr_signal_score_role_balanced_v1,"0.50*scale(feature_targets_per_game,4.00,10.00)+0.50*scale(feature_target_share,0.12,0.30)","0.55*scale(feature_ppg_per_target,0.80,2.50)+0.45*scale(feature_ppg,6.00,18.00)","0.40*scale(48.00-feature_finish,0.00,36.00)+0.60*scale(expected_ppg_baseline-feature_ppg,0.00,4.00)","0.65*scale(feature_games_played,8.00,17.00)+0.35*scale(feature_total_ppr,80.00,260.00)","0.50*scale(feature_ppg_minus_cohort_expected,0.00,6.00)+0.30*scale(expected_finish_from_cohort-feature_finish,0.00,36.00)+0.20*scale(cohort_player_count,1.00,18.00)","0.20*scale(route_participation_season_avg,0.50,0.95)+0.20*scale(target_share_season_avg,0.10,0.32)+0.15*scale(air_yard_share_season_avg,0.08,0.38)+0.15*scale(routes_consistency_index,0.60,0.95)+0.15*scale(target_earning_index,0.12,0.45)+0.15*scale(opportunity_concentration_score,0.18,0.56)","0.50*scale(12.00-feature_finish,0.00,12.00)+0.25*scale(11.00-feature_games_played,0.00,11.00)+0.25*scale(0.14-feature_target_share,0.00,0.14)"
00-0030279,K.Allen,2021,2022,WR,48.4375,65.1643,38.8889,92.3500,0.0000,0.0000,25.0000,38.1274,wr_signal_score_role_balanced_v1,"0.50*scale(feature_targets_per_game,4.00,10.00)+0.50*scale(feature_target_share,0.12,0.30)","0.55*scale(feature_ppg_per_target,0.80,2.50)+0.45*scale(feature_ppg,6.00,18.00)","0.40*scale(48.00-feature_finish,0.00,36.00)+0.60*scale(expected_ppg_baseline-feature_ppg,0.00,4.00)","0.65*scale(feature_games_played,8.00,17.00)+0.35*scale(feature_total_ppr,80.00,260.00)","0.50*scale(feature_ppg_minus_cohort_expected,0.00,6.00)+0.30*scale(expected_finish_from_cohort-feature_finish,0.00,36.00)+0.20*scale(cohort_player_count,1.00,18.00)","0.20*scale(route_participation_season_avg,0.50,0.95)+0.20*scale(target_share_season_avg,0.10,0.32)+0.15*scale(air_yard_share_season_avg,0.08,0.38)+0.15*scale(routes_consistency_index,0.60,0.95)+0.15*scale(target_earning_index,0.12,0.45)+0.15*scale(opportunity_concentration_score,0.18,0.56)","0.50*scale(12.00-feature_finish,0.00,12.00)+0.25*scale(11.00-feature_games_played,0.00,11.00)+0.25*scale(0.14-feature_target_share,0.00,0.14)"
00-0035719,D.Samuel,2021,2022,WR,29.6875,100.0000,40.0000,92.7778,0.0000,0.0000,62.5000,36.8361,wr_signal_score_role_balanced_v1,"0.50*scale(feature_targets_per_game,4.00,10.00)+0.50*scale(feature_target_share,0.12,0.30)","0.55*scale(feature_ppg_per_target,0.80,2.50)+0.45*scale(feature_ppg,6.00,18.00)","0.40*scale(48.00-feature_finish,0.00,36.00)+0.60*scale(expected_ppg_baseline-feature_ppg,0.00,4.00)","0.65*scale(feature_games_played,8.00,17.00)+0.35*scale(feature_total_ppr,80.00,260.00)","0.50*scale(feature_ppg_minus_cohort_expected,0.00,6.00)+0.30*scale(expected_finish_from_cohort-feature_finish,0.00,36.00)+0.20*scale(cohort_player_count,1.00,18.00)","0.20*scale(route_participation_season_avg,0.50,0.95)+0.20*scale(target_share_season_avg,0.10,0.32)+0.15*scale(air_yard_share_season_avg,0.08,0.38)+0.15*scale(routes_consistency_index,0.60,0.95)+0.15*scale(target_earning_index,0.12,0.45)+0.15*scale(opportunity_concentration_score,0.18,0.56)","0.50*scale(12.00-feature_finish,0.00,12.00)+0.25*scale(11.00-feature_games_played,0.00,11.00)+0.25*scale(0.14-feature_target_share,0.00,0.14)"
00-0031408,M.Evans,2021,2022,WR,26.0417,87.6378,40.0000,92.7778,0.0000,0.0000,25.0000,36.3568,wr_signal_score_role_balanced_v1,"0.50*scale(feature_targets_per_game,4.00,10.00)+0.50*scale(feature_target_share,0.12,0.30)","0.55*scale(feature_ppg_per_target,0.80,2.50)+0.45*scale(feature_ppg,6.00,18.00)","0.40*scale(48.00-feature_finish,0.00,36.00)+0.60*scale(expected_ppg_baseline-feature_ppg,0.00,4.00)","0.65*scale(feature_games_played,8.00,17.00)+0.35*scale(feature_total_ppr,80.00,260.00)","0.50*scale(feature_ppg_minus_cohort_expected,0.00,6.00)+0.30*scale(expected_finish_from_cohort-feature_finish,0.00,36.00)+0.20*scale(cohort_player_count,1.00,18.00)","0.20*scale(route_participation_season_avg,0.50,0.95)+0.20*scale(target_share_season_avg,0.10,0.32)+0.15*scale(air_yard_share_season_avg,0.08,0.38)+0.15*scale(routes_consistency_index,0.60,0.95)+0.15*scale(target_earning_index,0.12,0.45)+0.15*scale(opportunity_concentration_score,0.18,0.56)","0.50*scale(12.00-feature_finish,0.00,12.00)+0.25*scale(11.00-feature_games_played,0.00,11.00)+0.25*scale(0.14-feature_target_share,0.00,0.14)"
00-0036980,E.Moore,2021,2022,WR,25.0000,56.7984,14.4444,32.9833,92.0359,0.0000,25.0000,36.1852,wr_signal_score_role_balanced_v1,"0.50*scale(feature_targets_per_game,4.00,10.00)+0.50*scale(feature_target_share,0.12,0.30)","0.55*scale(feature_ppg_per_target,0.80,2.50)+0.45*scale(feature_ppg,6.00,18.00)","0.40*scale(48.00-feature_finish,0.00,36.00)+0.60*scale(expected_ppg_baseline-feature_ppg,0.00,4.00)","0.65*scale(feature_games_played,8.00,17.00)+0.35*scale(feature_total_ppr,80.00,260.00)","0.50*scale(feature_ppg_minus_cohort_expected,0.00,6.00)+0.30*scale(expected_finish_from_cohort-feature_finish,0.00,36.00)+0.20*scale(cohort_player_count,1.00,18.00)","0.20*scale(route_participation_season_avg,0.50,0.95)+0.20*scale(target_share_season_avg,0.10,0.32)+0.15*scale(air_yard_share_season_avg,0.08,0.38)+0.15*scale(routes_consistency_index,0.60,0.95)+0.15*scale(target_earning_index,0.12,0.45)+0.15*scale(opportunity_concentration_score,0.18,0.56)","0.50*scale(12.00-feature_finish,0.00,12.00)+0.25*scale(11.00-feature_games_played,0.00,11.00)+0.25*scale(0.14-feature_target_share,0.00,0.14)"
00-0033921,C.Godwin,2021,2022,WR,42.2617,78.2972,40.0000,74.9111,0.0000,0.0000,41.6667,35.5258,wr_signal_score_role_balanced_v1,"0.50*scale(feature_targets_per_game,4.00,10.00)+0.50*scale(feature_target_share,0.12,0.30)","0.55*scale(feature_ppg_per_target,0.80,2.50)+0.45*scale(feature_ppg,6.00,18.00)","0.40*scale(48.00-feature_finish,0.00,36.00)+0.60*scale(expected_ppg_baseline-feature_ppg,0.00,4.00)","0.65*scale(feature_games_played,8.00,17.00)+0.35*scale(feature_total_ppr,80.00,260.00)","0.50*scale(feature_ppg_minus_cohort_expected,0.00,6.00)+0.30*scale(expected_finish_from_cohort-feature_finish,0.00,36.00)+0.20*scale(cohort_player_count,1.00,18.00)","0.20*scale(route_participation_season_avg,0.50,0.95)+0.20*scale(target_share_season_avg,0.10,0.32)+0.15*scale(air_yard_share_season_avg,0.08,0.38)+0.15*scale(routes_consistency_index,0.60,0.95)+0.15*scale(target_earning_index,0.12,0.45)+0.15*scale(opportunity_concentration_score,0.18,0.56)","0.50*scale(12.00-feature_finish,0.00,12.00)+0.25*scale(11.00-feature_games_played,0.00,11.00)+0.25*scale(0.14-feature_target_share,0.00,0.14)"
00-0036912,D.Smith,2021,2022,WR,17.6467,50.2967,0.0000,85.5333,78.3192,0.0000,25.0000,35.4965,wr_signal_score_role_balanced_v1,"0.50*scale(feature_targets_per_game,4.00,10.00)+0.50*scale(feature_target_share,0.12,0.30)","0.55*scale(feature_ppg_per_target,0.80,2.50)+0.45*scale(feature_ppg,6.00,18.00)","0.40*scale(48.00-feature_finish,0.00,36.00)+0.60*scale(expected_ppg_baseline-feature_ppg,0.00,4.00)","0.65*scale(feature_games_played,8.00,17.00)+0.35*scale(feature_total_ppr,80.00,260.00)","0.50*scale(feature_ppg_minus_cohort_expected,0.00,6.00)+0.30*scale(expected_finish_from_cohort-feature_finish,0.00,36.00)+0.20*scale(cohort_player_count,1.00,18.00)","0.20*scale(route_participation_season_avg,0.50,0.95)+0.20*scale(target_share_season_avg,0.10,0.32)+0.15*scale(air_yard_share_season_avg,0.08,0.38)+0.15*scale(routes_consistency_index,0.60,0.95)+0.15*scale(target_earning_index,0.12,0.45)+0.15*scale(opportunity_concentration_score,0.18,0.56)","0.50*scale(12.00-feature_finish,0.00,12.00)+0.25*scale(11.00-feature_games_played,0.00,11.00)+0.25*scale(0.14-feature_target_share,0.00,0.14)"
00-0034983,H.Renfrow,2021,2022,WR,29.4117,74.2617,32.2222,99.8250,0.0000,0.0000,25.0000,34.8309,wr_signal_score_role_balanced_v1,"0.50*scale(feature_targets_per_game,4.00,10.00)+0.50*scale(feature_target_share,0.12,0.30)","0.55*scale(feature_ppg_per_target,0.80,2.50)+0.45*scale(feature_ppg,6.00,18.00)","0.40*scale(48.00-feature_finish,0.00,36.00)+0.60*scale(expected_ppg_baseline-feature_ppg,0.00,4.00)","0.65*scale(feature_games_played,8.00,17.00)+0.35*scale(feature_total_ppr,80.00,260.00)","0.50*scale(feature_ppg_minus_cohort_expected,0.00,6.00)+0.30*scale(expected_finish_from_cohort-feature_finish,0.00,36.00)+0.20*scale(cohort_player_count,1.00,18.00)","0.20*scale(route_participation_season_avg,0.50,0.95)+0.20*scale(target_share_season_avg,0.10,0.32)+0.15*scale(air_yard_share_season_avg,0.08,0.38)+0.15*scale(routes_consistency_index,0.60,0.95)+0.15*scale(target_earning_index,0.12,0.45)+0.15*scale(opportunity_concentration_score,0.18,0.56)","0.50*scale(12.00-feature_finish,0.00,12.00)+0.25*scale(11.00-feature_games_played,0.00,11.00)+0.25*scale(0.14-feature_target_share,0.00,0.14)"
00-0033536,M.Williams,2021,2022,WR,33.8541,71.2613,35.5556,90.1722,0.0000,0.0000,25.0000,34.7255,wr_signal_score_role_balanced_v1,"0.50*scale(feature_targets_per_game,4.00,10.00)+0.50*scale(feature_target_share,0.12,0.30)","0.55*scale(feature_ppg_per_target,0.80,2.50)+0.45*scale(feature_ppg,6.00,18.00)","0.40*scale(48.00-feature_finish,0.00,36.00)+0.60*scale(expected_ppg_baseline-feature_ppg,0.00,4.00)","0.65*scale(feature_games_played,8.00,17.00)+0.35*scale(feature_total_ppr,80.00,260.00)","0.50*scale(feature_ppg_minus_cohort_expected,0.00,6.00)+0.30*scale(expected_finish_from_cohort-feature_finish,0.00,36.00)+0.20*scale(cohort_player_count,1.00,18.00)","0.20*scale(route_participation_season_avg,0.50,0.95)+0.20*scale(target_share_season_avg,0.10,0.32)+0.15*scale(air_yard_share_season_avg,0.08,0.38)+0.15*scale(routes_consistency_index,0.60,0.95)+0.15*scale(target_earning_index,0.12,0.45)+0.15*scale(opportunity_concentration_score,0.18,0.56)","0.50*scale(12.00-feature_finish,0.00,12.00)+0.25*scale(11.00-feature_games_played,0.00,11.00)+0.25*scale(0.14-feature_target_share,0.00,0.14)"
00-0034827,D.Moore,2021,2022,WR,46.5684,51.1476,20.0000,95.6250,0.0000,0.0000,25.0000,32.9798,wr_signal_score_role_balanced_v1,"0.50*scale(feature_targets_per_game,4.00,10.00)+0.50*scale(feature_target_share,0.12,0.30)","0.55*scale(feature_ppg_per_target,0.80,2.50)+0.45*scale(feature_ppg,6.00,18.00)","0.40*scale(48.00-feature_finish,0.00,36.00)+0.60*scale(expected_ppg_baseline-feature_ppg,0.00,4.00)","0.65*scale(feature_games_played,8.00,17.00)+0.35*scale(feature_total_ppr,80.00,260.00)","0.50*scale(feature_ppg_minus_cohort_expected,0.00,6.00)+0.30*scale(expected_finish_from_cohort-feature_finish,0.00,36.00)+0.20*scale(cohort_player_count,1.00,18.00)","0.20*scale(route_participation_season_avg,0.50,0.95)+0.20*scale(target_share_season_avg,0.10,0.32)+0.15*scale(air_yard_share_season_avg,0.08,0.38)+0.15*scale(routes_consistency_index,0.60,0.95)+0.15*scale(target_earning_index,0.12,0.45)+0.15*scale(opportunity_concentration_score,0.18,0.56)","0.50*scale(12.00-feature_finish,0.00,12.00)+0.25*scale(11.00-feature_games_played,0.00,11.00)+0.25*scale(0.14-feature_target_share,0.00,0.14)"
00-0032211,T.Lockett,2021,2022,WR,22.3958,81.1865,31.1111,89.1611,0.0000,0.0000,25.0000,32.6217,wr_signal_score_role_balanced_v1,"0.50*scale(feature_targets_per_game,4.00,10.00)+0.50*scale(feature_target_share,0.12,0.30)","0.55*scale(feature_ppg_per_target,0.80,2.50)+0.45*scale(feature_ppg,6.00,18.00)","0.40*scale(48.00-feature_finish,0.00,36.00)+0.60*scale(expected_ppg_baseline-feature_ppg,0.00,4.00)","0.65*scale(feature_games_played,8.00,17.00)+0.35*scale(feature_total_ppr,80.00,260.00)","0.50*scale(feature_ppg_minus_cohort_expected,0.00,6.00)+0.30*scale(expected_finish_from_cohort-feature_finish,0.00,36.00)+0.20*scale(cohort_player_count,1.00,18.00)","0.20*scale(route_participation_season_avg,0.50,0.95)+0.20*scale(target_share_season_avg,0.10,0.32)+0.15*scale(air_yard_share_season_avg,0.08,0.38)+0.15*scale(routes_consistency_index,0.60,0.95)+0.15*scale(target_earning_index,0.12,0.45)+0.15*scale(opportunity_concentration_score,0.18,0.56)","0.50*scale(12.00-feature_finish,0.00,12.00)+0.25*scale(11.00-feature_games_played,0.00,11.00)+0.25*scale(0.14-feature_target_share,0.00,0.14)"
00-0036410,T.Higgins,2021,2022,WR,32.1425,74.7467,37.7778,70.3806,0.0000,0.0000,25.0000,32.6201,wr_signal_score_role_balanced_v1,"0.50*scale(feature_targets_per_game,4.00,10.00)+0.50*scale(feature_target_share,0.12,0.30)","0.55*scale(feature_ppg_per_target,0.80,2.50)+0.45*scale(feature_ppg,6.00,18.00)","0.40*scale(48.00-feature_finish,0.00,36.00)+0.60*scale(expected_ppg_baseline-feature_ppg,0.00,4.00)","0.65*scale(feature_games_played,8.00,17.00)+0.35*scale(feature_total_ppr,80.00,260.00)","0.50*scale(feature_ppg_minus_cohort_expected,0.00,6.00)+0.30*scale(expected_finish_from_cohort-feature_finish,0.00,36.00)+0.20*scale(cohort_player_count,1.00,18.00)","0.20*scale(route_participation_season_avg,0.50,0.95)+0.20*scale(target_share_season_avg,0.10,0.32)+0.15*scale(air_yard_share_season_avg,0.08,0.38)+0.15*scale(routes_consistency_index,0.60,0.95)+0.15*scale(target_earning_index,0.12,0.45)+0.15*scale(opportunity_concentration_score,0.18,0.56)","0.50*scale(12.00-feature_finish,0.00,12.00)+0.25*scale(11.00-feature_games_played,0.00,11.00)+0.25*scale(0.14-feature_target_share,0.00,0.14)"
00-0035640,D.Metcalf,2021,2022,WR,29.9017,66.7776,25.5556,96.9472,0.0000,0.0000,25.0000,32.3851,wr_signal_score_role_balanced_v1,"0.50*scale(feature_targets_per_game,4.00,10.00)+0.50*scale(feature_target_share,0.12,0.30)","0.55*scale(feature_ppg_per_target,0.80,2.50)+0.45*scale(feature_ppg,6.00,18.00)","0.40*scale(48.00-feature_finish,0.00,36.00)+0.60*scale(expected_ppg_baseline-feature_ppg,0.00,4.00)","0.65*scale(feature_games_played,8.00,17.00)+0.35*scale(feature_total_ppr,80.00,260.00)","0.50*scale(feature_ppg_minus_cohort_expected,0.00,6.00)+0.30*scale(expected_finish_from_cohort-feature_finish,0.00,36.00)+0.20*scale(cohort_player_count,1.00,18.00)","0.20*scale(route_participation_season_avg,0.50,0.95)+0.20*scale(target_share_season_avg,0.10,0.32)+0.15*scale(air_yard_share_season_avg,0.08,0.38)+0.15*scale(routes_consistency_index,0.60,0.95)+0.15*scale(target_earning_index,0.12,0.45)+0.15*scale(opportunity_concentration_score,0.18,0.56)","0.50*scale(12.00-feature_finish,0.00,12.00)+0.25*scale(11.00-feature_games_played,0.00,11.00)+0.25*scale(0.14-feature_target_share,0.00,0.14)"
00-0031236,B.Cooks,2021,2022,WR,36.4584,61.9115,26.6667,87.2944,0.0000,0.0000,25.0000,32.1517,wr_signal_score_role_balanced_v1,"0.50*scale(feature_targets_per_game,4.00,10.00)+0.50*scale(feature_target_share,0.12,0.30)","0.55*scale(feature_ppg_per_target,0.80,2.50)+0.45*scale(feature_ppg,6.00,18.00)","0.40*scale(48.00-feature_finish,0.00,36.00)+0.60*scale(expected_ppg_baseline-feature_ppg,0.00,4.00)","0.65*scale(feature_games_played,8.00,17.00)+0.35*scale(feature_total_ppr,80.00,260.00)","0.50*scale(feature_ppg_minus_cohort_expected,0.00,6.00)+0.30*scale(expected_finish_from_cohort-feature_finish,0.00,36.00)+0.20*scale(cohort_player_count,1.00,18.00)","0.20*scale(route_participation_season_avg,0.50,0.95)+0.20*scale(target_share_season_avg,0.10,0.32)+0.15*scale(air_yard_share_season_avg,0.08,0.38)+0.15*scale(routes_consistency_index,0.60,0.95)+0.15*scale(target_earning_index,0.12,0.45)+0.15*scale(opportunity_concentration_score,0.18,0.56)","0.50*scale(12.00-feature_finish,0.00,12.00)+0.25*scale(11.00-feature_games_played,0.00,11.00)+0.25*scale(0.14-feature_target_share,0.00,0.14)"
00-0035662,M.Brown,2021,2022,WR,42.7084,54.8036,22.2222,86.2250,0.0000,0.0000,25.0000,31.7354,wr_signal_score_role_balanced_v1,"0.50*scale(feature_targets_per_game,4.00,10.00)+0.50*scale(feature_target_share,0.12,0.30)","0.55*scale(feature_ppg_per_target,0.80,2.50)+0.45*scale(feature_ppg,6.00,18.00)","0.40*scale(48.00-feature_finish,0.00,36.00)+0.60*scale(expected_ppg_baseline-feature_ppg,0.00,4.00)","0.65*scale(feature_games_played,8.00,17.00)+0.35*scale(feature_total_ppr,80.00,260.00)","0.50*scale(feature_ppg_minus_cohort_expected,0.00,6.00)+0.30*scale(expected_finish_from_cohort-feature_finish,0.00,36.00)+0.20*scale(cohort_player_count,1.00,18.00)","0.20*scale(route_participation_season_avg,0.50,0.95)+0.20*scale(target_share_season_avg,0.10,0.32)+0.15*scale(air_yard_share_season_avg,0.08,0.38)+0.15*scale(routes_consistency_index,0.60,0.95)+0.15*scale(target_earning_index,0.12,0.45)+0.15*scale(opportunity_concentration_score,0.18,0.56)","0.50*scale(12.00-feature_finish,0.00,12.00)+0.25*scale(11.00-feature_games_played,0.00,11.00)+0.25*scale(0.14-feature_target_share,0.00,0.14)"
00-0036358,C.Lamb,2021,2022,WR,29.1667,68.9448,27.7778,87.4889,0.0000,0.0000,25.0000,31.6597,wr_signal_score_role_balanced_v1,"0.50*scale(feature_targets_per_game,4.00,10.00)+0.50*scale(feature_target_share,0.12,0.30)","0.55*scale(feature_ppg_per_target,0.80,2.50)+0.45*scale(feature_ppg,6.00,18.00)","0.40*scale(48.00-feature_finish,0.00,36.00)+0.60*scale(expected_ppg_baseline-feature_ppg,0.00,4.00)","0.65*scale(feature_games_played,8.00,17.00)+0.35*scale(feature_total_ppr,80.00,260.00)","0.50*scale(feature_ppg_minus_cohort_expected,0.00,6.00)+0.30*scale(expected_finish_from_cohort-feature_finish,0.00,36.00)+0.20*scale(cohort_player_count,1.00,18.00)","0.20*scale(route_participation_season_avg,0.50,0.95)+0.20*scale(target_share_season_avg,0.10,0.32)+0.15*scale(air_yard_share_season_avg,0.08,0.38)+0.15*scale(routes_consistency_index,0.60,0.95)+0.15*scale(target_earning_index,0.12,0.45)+0.15*scale(opportunity_concentration_score,0.18,0.56)","0.50*scale(12.00-feature_finish,0.00,12.00)+0.25*scale(11.00-feature_games_played,0.00,11.00)+0.25*scale(0.14-feature_target_share,0.00,0.14)"
00-0036252,M.Pittman,2021,2022,WR,29.9017,64.0907,21.1111,95.8389,0.0000,0.0000,25.0000,31.1268,wr_signal_score_role_balanced_v1,"0.50*scale(feature_targets_per_game,4.00,10.00)+0.50*scale(feature_target_share,0.12,0.30)","0.55*scale(feature_ppg_per_target,0.80,2.50)+0.45*scale(feature_ppg,6.00,18.00)","0.40*scale(48.00-feature_finish,0.00,36.00)+0.60*scale(expected_ppg_baseline-feature_ppg,0.00,4.00)","0.65*scale(feature_games_played,8.00,17.00)+0.35*scale(feature_total_ppr,80.00,260.00)","0.50*scale(feature_ppg_minus_cohort_expected,0.00,6.00)+0.30*scale(expected_finish_from_cohort-feature_finish,0.00,36.00)+0.20*scale(cohort_player_count,1.00,18.00)","0.20*scale(route_participation_season_avg,0.50,0.95)+0.20*scale(target_share_season_avg,0.10,0.32)+0.15*scale(air_yard_share_season_avg,0.08,0.38)+0.15*scale(routes_consistency_index,0.60,0.95)+0.15*scale(target_earning_index,0.12,0.45)+0.15*scale(opportunity_concentration_score,0.18,0.56)","0.50*scale(12.00-feature_finish,0.00,12.00)+0.25*scale(11.00-feature_games_played,0.00,11.00)+0.25*scale(0.14-feature_target_share,0.00,0.14)"
00-0030035,A.Thielen,2021,2022,WR,27.5642,77.2954,34.4444,59.4056,0.0000,0.0000,25.0000,29.9435,wr_signal_score_role_balanced_v1,"0.50*scale(feature_targets_per_game,4.00,10.00)+0.50*scale(feature_target_share,0.12,0.30)","0.55*scale(feature_ppg_per_target,0.80,2.50)+0.45*scale(feature_ppg,6.00,18.00)","0.40*scale(48.00-feature_finish,0.00,36.00)+0.60*scale(expected_ppg_baseline-feature_ppg,0.00,4.00)","0.65*scale(feature_games_played,8.00,17.00)+0.35*scale(feature_total_ppr,80.00,260.00)","0.50*scale(feature_ppg_minus_cohort_expected,0.00,6.00)+0.30*scale(expected_finish_from_cohort-feature_finish,0.00,36.00)+0.20*scale(cohort_player_count,1.00,18.00)","0.20*scale(route_participation_season_avg,0.50,0.95)+0.20*scale(target_share_season_avg,0.10,0.32)+0.15*scale(air_yard_share_season_avg,0.08,0.38)+0.15*scale(routes_consistency_index,0.60,0.95)+0.15*scale(target_earning_index,0.12,0.45)+0.15*scale(opportunity_concentration_score,0.18,0.56)","0.50*scale(12.00-feature_finish,0.00,12.00)+0.25*scale(11.00-feature_games_played,0.00,11.00)+0.25*scale(0.14-feature_target_share,0.00,0.14)"
00-0036345,K.Osborn,2021,2022,WR,6.8625,49.1170,0.0000,80.2639,65.0350,0.0000,25.0000,29.6552,wr_signal_score_role_balanced_v1,"0.50*scale(feature_targets_per_game,4.00,10.00)+0.50*scale(feature_target_share,0.12,0.30)","0.55*scale(feature_ppg_per_target,0.80,2.50)+0.45*scale(feature_ppg,6.00,18.00)","0.40*scale(48.00-feature_finish,0.00,36.00)+0.60*scale(expected_ppg_baseline-feature_ppg,0.00,4.00)","0.65*scale(feature_games_played,8.00,17.00)+0.35*scale(feature_total_ppr,80.00,260.00)","0.50*scale(feature_ppg_minus_cohort_expected,0.00,6.00)+0.30*scale(expected_finish_from_cohort-feature_finish,0.00,36.00)+0.20*scale(cohort_player_count,1.00,18.00)","0.20*scale(route_participation_season_avg,0.50,0.95)+0.20*scale(target_share_season_avg,0.10,0.32)+0.15*scale(air_yard_share_season_avg,0.08,0.38)+0.15*scale(routes_consistency_index,0.60,0.95)+0.15*scale(target_earning_index,0.12,0.45)+0.15*scale(opportunity_concentration_score,0.18,0.56)","0.50*scale(12.00-feature_finish,0.00,12.00)+0.25*scale(11.00-feature_games_played,0.00,11.00)+0.25*scale(0.14-feature_target_share,0.00,0.14)"
00-0036309,D.Mooney,2021,2022,WR,35.2942,50.8517,16.6667,92.1639,0.0000,0.0000,25.0000,29.2463,wr_signal_score_role_balanced_v1,"0.50*scale(feature_targets_per_game,4.00,10.00)+0.50*scale(feature_target_share,0.12,0.30)","0.55*scale(feature_ppg_per_target,0.80,2.50)+0.45*scale(feature_ppg,6.00,18.00)","0.40*scale(48.00-feature_finish,0.00,36.00)+0.60*scale(expected_ppg_baseline-feature_ppg,0.00,4.00)","0.65*scale(feature_games_played,8.00,17.00)+0.35*scale(feature_total_ppr,80.00,260.00)","0.50*scale(feature_ppg_minus_cohort_expected,0.00,6.00)+0.30*scale(expected_finish_from_cohort-feature_finish,0.00,36.00)+0.20*scale(cohort_player_count,1.00,18.00)","0.20*scale(route_participation_season_avg,0.50,0.95)+0.20*scale(target_share_season_avg,0.10,0.32)+0.15*scale(air_yard_share_season_avg,0.08,0.38)+0.15*scale(routes_consistency_index,0.60,0.95)+0.15*scale(target_earning_index,0.12,0.45)+0.15*scale(opportunity_concentration_score,0.18,0.56)","0.50*scale(12.00-feature_finish,0.00,12.00)+0.25*scale(11.00-feature_games_played,0.00,11.00)+0.25*scale(0.14-feature_target_share,0.00,0.14)"
00-0035659,T.McLaurin,2021,2022,WR,30.3925,51.8464,13.3333,90.9583,0.0000,0.0000,25.0000,27.5291,wr_signal_score_role_balanced_v1,"0.50*scale(feature_targets_per_game,4.00,10.00)+0.50*scale(feature_target_share,0.12,0.30)","0.55*scale(feature_ppg_per_target,0.80,2.50)+0.45*scale(feature_ppg,6.00,18.00)","0.40*scale(48.00-feature_finish,0.00,36.00)+0.60*scale(expected_ppg_baseline-feature_ppg,0.00,4.00)","0.65*scale(feature_games_played,8.00,17.00)+0.35*scale(feature_total_ppr,80.00,260.00)","0.50*scale(feature_ppg_minus_cohort_expected,0.00,6.00)+0.30*scale(expected_finish_from_cohort-feature_finish,0.00,36.00)+0.20*scale(cohort_player_count,1.00,18.00)","0.20*scale(route_participation_season_avg,0.50,0.95)+0.20*scale(target_share_season_avg,0.10,0.32)+0.15*scale(air_yard_share_season_avg,0.08,0.38)+0.15*scale(routes_consistency_index,0.60,0.95)+0.15*scale(target_earning_index,0.12,0.45)+0.15*scale(opportunity_concentration_score,0.18,0.56)","0.50*scale(12.00-feature_finish,0.00,12.00)+0.25*scale(11.00-feature_games_played,0.00,11.00)+0.25*scale(0.14-feature_target_share,0.00,0.14)"
00-0031544,A.Cooper,2021,2022,WR,24.4442,65.2378,17.7778,74.3750,0.0000,0.0000,25.0000,26.6655,wr_signal_score_role_balanced_v1,"0.50*scale(feature_targets_per_game,4.00,10.00)+0.50*scale(feature_target_share,0.12,0.30)","0.55*scale(feature_ppg_per_target,0.80,2.50)+0.45*scale(feature_ppg,6.00,18.00)","0.40*scale(48.00-feature_finish,0.00,36.00)+0.60*scale(expected_ppg_baseline-feature_ppg,0.00,4.00)","0.65*scale(feature_games_played,8.00,17.00)+0.35*scale(feature_total_ppr,80.00,260.00)","0.50*scale(feature_ppg_minus_cohort_expected,0.00,6.00)+0.30*scale(expected_finish_from_cohort-feature_finish,0.00,36.00)+0.20*scale(cohort_player_count,1.00,18.00)","0.20*scale(route_participation_season_avg,0.50,0.95)+0.20*scale(target_share_season_avg,0.10,0.32)+0.15*scale(air_yard_share_season_avg,0.08,0.38)+0.15*scale(routes_consistency_index,0.60,0.95)+0.15*scale(target_earning_index,0.12,0.45)+0.15*scale(opportunity_concentration_score,0.18,0.56)","0.50*scale(12.00-feature_finish,0.00,12.00)+0.25*scale(11.00-feature_games_played,0.00,11.00)+0.25*scale(0.14-feature_target_share,0.00,0.14)"
00-0027793,A.Brown,2021,2022,WR,40.4759,79.6856,40.0000,7.9917,0.0000,0.0000,46.5909,26.3105,wr_signal_score_role_balanced_v1,"0.50*scale(feature_targets_per_game,4.00,10.00)+0.50*scale(feature_target_share,0.12,0.30)","0.55*scale(feature_ppg_per_target,0.80,2.50)+0.45*scale(feature_ppg,6.00,18.00)","0.40*scale(48.00-feature_finish,0.00,36.00)+0.60*scale(expected_ppg_baseline-feature_ppg,0.00,4.00)","0.65*scale(feature_games_played,8.00,17.00)+0.35*scale(feature_total_ppr,80.00,260.00)","0.50*scale(feature_ppg_minus_cohort_expected,0.00,6.00)+0.30*scale(expected_finish_from_cohort-feature_finish,0.00,36.00)+0.20*scale(cohort_player_count,1.00,18.00)","0.20*scale(route_participation_season_avg,0.50,0.95)+0.20*scale(target_share_season_avg,0.10,0.32)+0.15*scale(air_yard_share_season_avg,0.08,0.38)+0.15*scale(routes_consistency_index,0.60,0.95)+0.15*scale(target_earning_index,0.12,0.45)+0.15*scale(opportunity_concentration_score,0.18,0.56)","0.50*scale(12.00-feature_finish,0.00,12.00)+0.25*scale(11.00-feature_games_played,0.00,11.00)+0.25*scale(0.14-feature_target_share,0.00,0.14)"
00-0035676,A.Brown,2021,2022,WR,33.9742,59.5401,18.8889,55.7306,0.0000,0.0000,25.0000,25.8520,wr_signal_score_role_balanced_v1,"0.50*scale(feature_targets_per_game,4.00,10.00)+0.50*scale(feature_target_share,0.12,0.30)","0.55*scale(feature_ppg_per_target,0.80,2.50)+0.45*scale(feature_ppg,6.00,18.00)","0.40*scale(48.00-feature_finish,0.00,36.00)+0.60*scale(expected_ppg_baseline-feature_ppg,0.00,4.00)","0.65*scale(feature_games_played,8.00,17.00)+0.35*scale(feature_total_ppr,80.00,260.00)","0.50*scale(feature_ppg_minus_cohort_expected,0.00,6.00)+0.30*scale(expected_finish_from_cohort-feature_finish,0.00,36.00)+0.20*scale(cohort_player_count,1.00,18.00)","0.20*scale(route_participation_season_avg,0.50,0.95)+0.20*scale(target_share_season_avg,0.10,0.32)+0.15*scale(air_yard_share_season_avg,0.08,0.38)+0.15*scale(routes_consistency_index,0.60,0.95)+0.15*scale(target_earning_index,0.12,0.45)+0.15*scale(opportunity_concentration_score,0.18,0.56)","0.50*scale(12.00-feature_finish,0.00,12.00)+0.25*scale(11.00-feature_games_played,0.00,11.00)+0.25*scale(0.14-feature_target_share,0.00,0.14)"
00-0034775,C.Kirk,2021,2022,WR,17.1566,62.6310,11.1111,89.8150,0.0000,0.0000,25.0000,25.4660,wr_signal_score_role_balanced_v1,"0.50*scale(feature_targets_per_game,4.00,10.00)+0.50*scale(feature_target_share,0.12,0.30)","0.55*scale(feature_ppg_per_target,0.80,2.50)+0.45*scale(feature_ppg,6.00,18.00)","0.40*scale(48.00-feature_finish,0.00,36.00)+0.60*scale(expected_ppg_baseline-feature_ppg,0.00,4.00)","0.65*scale(feature_games_played,8.00,17.00)+0.35*scale(feature_total_ppr,80.00,260.00)","0.50*scale(feature_ppg_minus_cohort_expected,0.00,6.00)+0.30*scale(expected_finish_from_cohort-feature_finish,0.00,36.00)+0.20*scale(cohort_player_count,1.00,18.00)","0.20*scale(route_participation_season_avg,0.50,0.95)+0.20*scale(target_share_season_avg,0.10,0.32)+0.15*scale(air_yard_share_season_avg,0.08,0.38)+0.15*scale(routes_consistency_index,0.60,0.95)+0.15*scale(target_earning_index,0.12,0.45)+0.15*scale(opportunity_concentration_score,0.18,0.56)","0.50*scale(12.00-feature_finish,0.00,12.00)+0.25*scale(11.00-feature_games_played,0.00,11.00)+0.25*scale(0.14-feature_target_share,0.00,0.14)"
00-0030431,R.Woods,2021,2022,WR,30.5558,73.1146,33.3333,18.3444,0.0000,0.0000,29.5454,24.2460,wr_signal_score_role_balanced_v1,"0.50*scale(feature_targets_per_game,4.00,10.00)+0.50*scale(feature_target_share,0.12,0.30)","0.55*scale(feature_ppg_per_target,0.80,2.50)+0.45*scale(feature_ppg,6.00,18.00)","0.40*scale(48.00-feature_finish,0.00,36.00)+0.60*scale(expected_ppg_baseline-feature_ppg,0.00,4.00)","0.65*scale(feature_games_played,8.00,17.00)+0.35*scale(feature_total_ppr,80.00,260.00)","0.50*scale(feature_ppg_minus_cohort_expected,0.00,6.00)+0.30*scale(expected_finish_from_cohort-feature_finish,0.00,36.00)+0.20*scale(cohort_player_count,1.00,18.00)","0.20*scale(route_participation_season_avg,0.50,0.95)+0.20*scale(target_share_season_avg,0.10,0.32)+0.15*scale(air_yard_share_season_avg,0.08,0.38)+0.15*scale(routes_consistency_index,0.60,0.95)+0.15*scale(target_earning_index,0.12,0.45)+0.15*scale(opportunity_concentration_score,0.18,0.56)","0.50*scale(12.00-feature_finish,0.00,12.00)+0.25*scale(11.00-feature_games_played,0.00,11.00)+0.25*scale(0.14-feature_target_share,0.00,0.14)"
00-0034960,J.Meyers,2021,2022,WR,32.2916,43.1181,7.7778,78.4472,0.0000,0.0000,25.0000,24.1603,wr_signal_score_role_balanced_v1,"0.50*scale(feature_targets_per_game,4.00,10.00)+0.50*scale(feature_target_share,0.12,0.30)","0.55*scale(feature_ppg_per_target,0.80,2.50)+0.45*scale(feature_ppg,6.00,18.00)","0.40*scale(48.00-feature_finish,0.00,36.00)+0.60*scale(expected_ppg_baseline-feature_ppg,0.00,4.00)","0.65*scale(feature_games_played,8.00,17.00)+0.35*scale(feature_total_ppr,80.00,260.00)","0.50*scale(feature_ppg_minus_cohort_expected,0.00,6.00)+0.30*scale(expected_finish_from_cohort-feature_finish,0.00,36.00)+0.20*scale(cohort_player_count,1.00,18.00)","0.20*scale(route_participation_season_avg,0.50,0.95)+0.20*scale(target_share_season_avg,0.10,0.32)+0.15*scale(air_yard_share_season_avg,0.08,0.38)+0.15*scale(routes_consistency_index,0.60,0.95)+0.15*scale(target_earning_index,0.12,0.45)+0.15*scale(opportunity_concentration_score,0.18,0.56)","0.50*scale(12.00-feature_finish,0.00,12.00)+0.25*scale(11.00-feature_games_played,0.00,11.00)+0.25*scale(0.14-feature_target_share,0.00,0.14)"
00-0030564,D.Hopkins,2021,2022,WR,20.0000,81.2294,28.8889,27.5111,0.0000,0.0000,27.2727,23.5467,wr_signal_score_role_balanced_v1,"0.50*scale(feature_targets_per_game,4.00,10.00)+0.50*scale(feature_target_share,0.12,0.30)","0.55*scale(feature_ppg_per_target,0.80,2.50)+0.45*scale(feature_ppg,6.00,18.00)","0.40*scale(48.00-feature_finish,0.00,36.00)+0.60*scale(expected_ppg_baseline-feature_ppg,0.00,4.00)","0.65*scale(feature_games_played,8.00,17.00)+0.35*scale(feature_total_ppr,80.00,260.00)","0.50*scale(feature_ppg_minus_cohort_expected,0.00,6.00)+0.30*scale(expected_finish_from_cohort-feature_finish,0.00,36.00)+0.20*scale(cohort_player_count,1.00,18.00)","0.20*scale(route_participation_season_avg,0.50,0.95)+0.20*scale(target_share_season_avg,0.10,0.32)+0.15*scale(air_yard_share_season_avg,0.08,0.38)+0.15*scale(routes_consistency_index,0.60,0.95)+0.15*scale(target_earning_index,0.12,0.45)+0.15*scale(opportunity_concentration_score,0.18,0.56)","0.50*scale(12.00-feature_finish,0.00,12.00)+0.25*scale(11.00-feature_games_played,0.00,11.00)+0.25*scale(0.14-feature_target_share,0.00,0.14)"
00-0033009,T.Boyd,2021,2022,WR,15.6250,57.9793,5.5556,77.9689,0.0000,0.0000,25.0000,21.9717,wr_signal_score_role_balanced_v1,"0.50*scale(feature_targets_per_game,4.00,10.00)+0.50*scale(feature_target_share,0.12,0.30)","0.55*scale(feature_ppg_per_target,0.80,2.50)+0.45*scale(feature_ppg,6.00,18.00)","0.40*scale(48.00-feature_finish,0.00,36.00)+0.60*scale(expected_ppg_baseline-feature_ppg,0.00,4.00)","0.65*scale(feature_games_played,8.00,17.00)+0.35*scale(feature_total_ppr,80.00,260.00)","0.50*scale(feature_ppg_minus_cohort_expected,0.00,6.00)+0.30*scale(expected_finish_from_cohort-feature_finish,0.00,36.00)+0.20*scale(cohort_player_count,1.00,18.00)","0.20*scale(route_participation_season_avg,0.50,0.95)+0.20*scale(target_share_season_avg,0.10,0.32)+0.15*scale(air_yard_share_season_avg,0.08,0.38)+0.15*scale(routes_consistency_index,0.60,0.95)+0.15*scale(target_earning_index,0.12,0.45)+0.15*scale(opportunity_concentration_score,0.18,0.56)","0.50*scale(12.00-feature_finish,0.00,12.00)+0.25*scale(11.00-feature_games_played,0.00,11.00)+0.25*scale(0.14-feature_target_share,0.00,0.14)"
00-0034411,R.Gage,2021,2022,WR,26.9233,54.7381,12.2222,52.2500,0.0000,0.0000,25.0000,21.9204,wr_signal_score_role_balanced_v1,"0.50*scale(feature_targets_per_game,4.00,10.00)+0.50*scale(feature_target_share,0.12,0.30)","0.55*scale(feature_ppg_per_target,0.80,2.50)+0.45*scale(feature_ppg,6.00,18.00)","0.40*scale(48.00-feature_finish,0.00,36.00)+0.60*scale(expected_ppg_baseline-feature_ppg,0.00,4.00)","0.65*scale(feature_games_played,8.00,17.00)+0.35*scale(feature_total_ppr,80.00,260.00)","0.50*scale(feature_ppg_minus_cohort_expected,0.00,6.00)+0.30*scale(expected_finish_from_cohort-feature_finish,0.00,36.00)+0.20*scale(cohort_player_count,1.00,18.00)","0.20*scale(route_participation_season_avg,0.50,0.95)+0.20*scale(target_share_season_avg,0.10,0.32)+0.15*scale(air_yard_share_season_avg,0.08,0.38)+0.15*scale(routes_consistency_index,0.60,0.95)+0.15*scale(target_earning_index,0.12,0.45)+0.15*scale(opportunity_concentration_score,0.18,0.56)","0.50*scale(12.00-feature_finish,0.00,12.00)+0.25*scale(11.00-feature_games_played,0.00,11.00)+0.25*scale(0.14-feature_target_share,0.00,0.14)"
00-0036550,R.Bateman,2021,2022,WR,13.8892,33.2042,0.0000,33.4583,57.9473,0.0000,25.0000,21.5941,wr_signal_score_role_balanced_v1,"0.50*scale(feature_targets_per_game,4.00,10.00)+0.50*scale(feature_target_share,0.12,0.30)","0.55*scale(feature_ppg_per_target,0.80,2.50)+0.45*scale(feature_ppg,6.00,18.00)","0.40*scale(48.00-feature_finish,0.00,36.00)+0.60*scale(expected_ppg_baseline-feature_ppg,0.00,4.00)","0.65*scale(feature_games_played,8.00,17.00)+0.35*scale(feature_total_ppr,80.00,260.00)","0.50*scale(feature_ppg_minus_cohort_expected,0.00,6.00)+0.30*scale(expected_finish_from_cohort-feature_finish,0.00,36.00)+0.20*scale(cohort_player_count,1.00,18.00)","0.20*scale(route_participation_season_avg,0.50,0.95)+0.20*scale(target_share_season_avg,0.10,0.32)+0.15*scale(air_yard_share_season_avg,0.08,0.38)+0.15*scale(routes_consistency_index,0.60,0.95)+0.15*scale(target_earning_index,0.12,0.45)+0.15*scale(opportunity_concentration_score,0.18,0.56)","0.50*scale(12.00-feature_finish,0.00,12.00)+0.25*scale(11.00-feature_games_played,0.00,11.00)+0.25*scale(0.14-feature_target_share,0.00,0.14)"
00-0029293,M.Jones,2021,2022,WR,25.4900,39.9511,0.0000,84.4833,0.0000,0.0000,25.0000,21.5931,wr_signal_score_role_balanced_v1,"0.50*scale(feature_targets_per_game,4.00,10.00)+0.50*scale(feature_target_share,0.12,0.30)","0.55*scale(feature_ppg_per_target,0.80,2.50)+0.45*scale(feature_ppg,6.00,18.00)","0.40*scale(48.00-feature_finish,0.00,36.00)+0.60*scale(expected_ppg_baseline-feature_ppg,0.00,4.00)","0.65*scale(feature_games_played,8.00,17.00)+0.35*scale(feature_total_ppr,80.00,260.00)","0.50*scale(feature_ppg_minus_cohort_expected,0.00,6.00)+0.30*scale(expected_finish_from_cohort-feature_finish,0.00,36.00)+0.20*scale(cohort_player_count,1.00,18.00)","0.20*scale(route_participation_season_avg,0.50,0.95)+0.20*scale(target_share_season_avg,0.10,0.32)+0.15*scale(air_yard_share_season_avg,0.08,0.38)+0.15*scale(routes_consistency_index,0.60,0.95)+0.15*scale(target_earning_index,0.12,0.45)+0.15*scale(opportunity_concentration_score,0.18,0.56)","0.50*scale(12.00-feature_finish,0.00,12.00)+0.25*scale(11.00-feature_games_played,0.00,11.00)+0.25*scale(0.14-feature_target_share,0.00,0.14)"
00-0034837,C.Ridley,2021,2022,WR,50.0000,49.1791,24.4444,0.0000,0.0000,0.0000,38.6364,20.9698,wr_signal_score_role_balanced_v1,"0.50*scale(feature_targets_per_game,4.00,10.00)+0.50*scale(feature_target_share,0.12,0.30)","0.55*scale(feature_ppg_per_target,0.80,2.50)+0.45*scale(feature_ppg,6.00,18.00)","0.40*scale(48.00-feature_finish,0.00,36.00)+0.60*scale(expected_ppg_baseline-feature_ppg,0.00,4.00)","0.65*scale(feature_games_played,8.00,17.00)+0.35*scale(feature_total_ppr,80.00,260.00)","0.50*scale(feature_ppg_minus_cohort_expected,0.00,6.00)+0.30*scale(expected_finish_from_cohort-feature_finish,0.00,36.00)+0.20*scale(cohort_player_count,1.00,18.00)","0.20*scale(route_participation_season_avg,0.50,0.95)+0.20*scale(target_share_season_avg,0.10,0.32)+0.15*scale(air_yard_share_season_avg,0.08,0.38)+0.15*scale(routes_consistency_index,0.60,0.95)+0.15*scale(target_earning_index,0.12,0.45)+0.15*scale(opportunity_concentration_score,0.18,0.56)","0.50*scale(12.00-feature_finish,0.00,12.00)+0.25*scale(11.00-feature_games_played,0.00,11.00)+0.25*scale(0.14-feature_target_share,0.00,0.14)"
00-0033307,K.Bourne,2021,2022,WR,0.9800,72.3160,0.0000,84.5417,0.0000,0.0000,25.0000,20.5730,wr_signal_score_role_balanced_v1,"0.50*scale(feature_targets_per_game,4.00,10.00)+0.50*scale(feature_target_share,0.12,0.30)","0.55*scale(feature_ppg_per_target,0.80,2.50)+0.45*scale(feature_ppg,6.00,18.00)","0.40*scale(48.00-feature_finish,0.00,36.00)+0.60*scale(expected_ppg_baseline-feature_ppg,0.00,4.00)","0.65*scale(feature_games_played,8.00,17.00)+0.35*scale(feature_total_ppr,80.00,260.00)","0.50*scale(feature_ppg_minus_cohort_expected,0.00,6.00)+0.30*scale(expected_finish_from_cohort-feature_finish,0.00,36.00)+0.20*scale(cohort_player_count,1.00,18.00)","0.20*scale(route_participation_season_avg,0.50,0.95)+0.20*scale(target_share_season_avg,0.10,0.32)+0.15*scale(air_yard_share_season_avg,0.08,0.38)+0.15*scale(routes_consistency_index,0.60,0.95)+0.15*scale(target_earning_index,0.12,0.45)+0.15*scale(opportunity_concentration_score,0.18,0.56)","0.50*scale(12.00-feature_finish,0.00,12.00)+0.25*scale(11.00-feature_games_played,0.00,11.00)+0.25*scale(0.14-feature_target_share,0.00,0.14)"
00-0036326,C.Claypool,2021,2022,WR,25.0000,44.6011,3.3333,67.3945,0.0000,0.0000,25.0000,20.4848,wr_signal_score_role_balanced_v1,"0.50*scale(feature_targets_per_game,4.00,10.00)+0.50*scale(feature_target_share,0.12,0.30)","0.55*scale(feature_ppg_per_target,0.80,2.50)+0.45*scale(feature_ppg,6.00,18.00)","0.40*scale(48.00-feature_finish,0.00,36.00)+0.60*scale(expected_ppg_baseline-feature_ppg,0.00,4.00)","0.65*scale(feature_games_played,8.00,17.00)+0.35*scale(feature_total_ppr,80.00,260.00)","0.50*scale(feature_ppg_minus_cohort_expected,0.00,6.00)+0.30*scale(expected_finish_from_cohort-feature_finish,0.00,36.00)+0.20*scale(cohort_player_count,1.00,18.00)","0.20*scale(route_participation_season_avg,0.50,0.95)+0.20*scale(target_share_season_avg,0.10,0.32)+0.15*scale(air_yard_share_season_avg,0.08,0.38)+0.15*scale(routes_consistency_index,0.60,0.95)+0.15*scale(target_earning_index,0.12,0.45)+0.15*scale(opportunity_concentration_score,0.18,0.56)","0.50*scale(12.00-feature_finish,0.00,12.00)+0.25*scale(11.00-feature_games_played,0.00,11.00)+0.25*scale(0.14-feature_target_share,0.00,0.14)"
00-0036913,K.Toney,2021,2022,WR,19.4442,32.6817,0.0000,7.6811,63.5983,0.0000,29.5454,20.2424,wr_signal_score_role_balanced_v1,"0.50*scale(feature_targets_per_game,4.00,10.00)+0.50*scale(feature_target_share,0.12,0.30)","0.55*scale(feature_ppg_per_target,0.80,2.50)+0.45*scale(feature_ppg,6.00,18.00)","0.40*scale(48.00-feature_finish,0.00,36.00)+0.60*scale(expected_ppg_baseline-feature_ppg,0.00,4.00)","0.65*scale(feature_games_played,8.00,17.00)+0.35*scale(feature_total_ppr,80.00,260.00)","0.50*scale(feature_ppg_minus_cohort_expected,0.00,6.00)+0.30*scale(expected_finish_from_cohort-feature_finish,0.00,36.00)+0.20*scale(cohort_player_count,1.00,18.00)","0.20*scale(route_participation_season_avg,0.50,0.95)+0.20*scale(target_share_season_avg,0.10,0.32)+0.15*scale(air_yard_share_season_avg,0.08,0.38)+0.15*scale(routes_consistency_index,0.60,0.95)+0.15*scale(target_earning_index,0.12,0.45)+0.15*scale(opportunity_concentration_score,0.18,0.56)","0.50*scale(12.00-feature_finish,0.00,12.00)+0.25*scale(11.00-feature_games_played,0.00,11.00)+0.25*scale(0.14-feature_target_share,0.00,0.14)"
00-0036635,I.Smith-Marsette,2021,2022,WR,0.0000,68.2499,0.0000,0.0000,66.7833,0.0000,43.1818,19.6676,wr_signal_score_role_balanced_v1,"0.50*scale(feature_targets_per_game,4.00,10.00)+0.50*scale(feature_target_share,0.12,0.30)","0.55*scale(feature_ppg_per_target,0.80,2.50)+0.45*scale(feature_ppg,6.00,18.00)","0.40*scale(48.00-feature_finish,0.00,36.00)+0.60*scale(expected_ppg_baseline-feature_ppg,0.00,4.00)","0.65*scale(feature_games_played,8.00,17.00)+0.35*scale(feature_total_ppr,80.00,260.00)","0.50*scale(feature_ppg_minus_cohort_expected,0.00,6.00)+0.30*scale(expected_finish_from_cohort-feature_finish,0.00,36.00)+0.20*scale(cohort_player_count,1.00,18.00)","0.20*scale(route_participation_season_avg,0.50,0.95)+0.20*scale(target_share_season_avg,0.10,0.32)+0.15*scale(air_yard_share_season_avg,0.08,0.38)+0.15*scale(routes_consistency_index,0.60,0.95)+0.15*scale(target_earning_index,0.12,0.45)+0.15*scale(opportunity_concentration_score,0.18,0.56)","0.50*scale(12.00-feature_finish,0.00,12.00)+0.25*scale(11.00-feature_games_played,0.00,11.00)+0.25*scale(0.14-feature_target_share,0.00,0.14)"
00-0036261,B.Aiyuk,2021,2022,WR,10.4167,57.1233,0.0000,75.3361,0.0000,0.0000,25.0000,19.3622,wr_signal_score_role_balanced_v1,"0.50*scale(feature_targets_per_game,4.00,10.00)+0.50*scale(feature_target_share,0.12,0.30)","0.55*scale(feature_ppg_per_target,0.80,2.50)+0.45*scale(feature_ppg,6.00,18.00)","0.40*scale(48.00-feature_finish,0.00,36.00)+0.60*scale(expected_ppg_baseline-feature_ppg,0.00,4.00)","0.65*scale(feature_games_played,8.00,17.00)+0.35*scale(feature_total_ppr,80.00,260.00)","0.50*scale(feature_ppg_minus_cohort_expected,0.00,6.00)+0.30*scale(expected_finish_from_cohort-feature_finish,0.00,36.00)+0.20*scale(cohort_player_count,1.00,18.00)","0.20*scale(route_participation_season_avg,0.50,0.95)+0.20*scale(target_share_season_avg,0.10,0.32)+0.15*scale(air_yard_share_season_avg,0.08,0.38)+0.15*scale(routes_consistency_index,0.60,0.95)+0.15*scale(target_earning_index,0.12,0.45)+0.15*scale(opportunity_concentration_score,0.18,0.56)","0.50*scale(12.00-feature_finish,0.00,12.00)+0.25*scale(11.00-feature_games_played,0.00,11.00)+0.25*scale(0.14-feature_target_share,0.00,0.14)"
00-0029000,C.Beasley,2021,2022,WR,25.0000,34.9696,0.0000,73.1972,0.0000,0.0000,25.0000,19.2611,wr_signal_score_role_balanced_v1,"0.50*scale(feature_targets_per_game,4.00,10.00)+0.50*scale(feature_target_share,0.12,0.30)","0.55*scale(feature_ppg_per_target,0.80,2.50)+0.45*scale(feature_ppg,6.00,18.00)","0.40*scale(48.00-feature_finish,0.00,36.00)+0.60*scale(expected_ppg_baseline-feature_ppg,0.00,4.00)","0.65*scale(feature_games_played,8.00,17.00)+0.35*scale(feature_total_ppr,80.00,260.00)","0.50*scale(feature_ppg_minus_cohort_expected,0.00,6.00)+0.30*scale(expected_finish_from_cohort-feature_finish,0.00,36.00)+0.20*scale(cohort_player_count,1.00,18.00)","0.20*scale(route_participation_season_avg,0.50,0.95)+0.20*scale(target_share_season_avg,0.10,0.32)+0.15*scale(air_yard_share_season_avg,0.08,0.38)+0.15*scale(routes_consistency_index,0.60,0.95)+0.15*scale(target_earning_index,0.12,0.45)+0.15*scale(opportunity_concentration_score,0.18,0.56)","0.50*scale(12.00-feature_finish,0.00,12.00)+0.25*scale(11.00-feature_games_played,0.00,11.00)+0.25*scale(0.14-feature_target_share,0.00,0.14)"
00-0036415,V.Jefferson,2021,2022,WR,10.2942,49.8639,0.0000,82.1500,0.0000,0.0000,25.0000,19.1297,wr_signal_score_role_balanced_v1,"0.50*scale(feature_targets_per_game,4.00,10.00)+0.50*scale(feature_target_share,0.12,0.30)","0.55*scale(feature_ppg_per_target,0.80,2.50)+0.45*scale(feature_ppg,6.00,18.00)","0.40*scale(48.00-feature_finish,0.00,36.00)+0.60*scale(expected_ppg_baseline-feature_ppg,0.00,4.00)","0.65*scale(feature_games_played,8.00,17.00)+0.35*scale(feature_total_ppr,80.00,260.00)","0.50*scale(feature_ppg_minus_cohort_expected,0.00,6.00)+0.30*scale(expected_finish_from_cohort-feature_finish,0.00,36.00)+0.20*scale(cohort_player_count,1.00,18.00)","0.20*scale(route_participation_season_avg,0.50,0.95)+0.20*scale(target_share_season_avg,0.10,0.32)+0.15*scale(air_yard_share_season_avg,0.08,0.38)+0.15*scale(routes_consistency_index,0.60,0.95)+0.15*scale(target_earning_index,0.12,0.45)+0.15*scale(opportunity_concentration_score,0.18,0.56)","0.50*scale(12.00-feature_finish,0.00,12.00)+0.25*scale(11.00-feature_games_played,0.00,11.00)+0.25*scale(0.14-feature_target_share,0.00,0.14)"
00-0036936,R.Moore,2021,2022,WR,4.7617,37.5395,0.0000,49.3806,40.5365,0.0000,25.0000,18.9898,wr_signal_score_role_balanced_v1,"0.50*scale(feature_targets_per_game,4.00,10.00)+0.50*scale(feature_target_share,0.12,0.30)","0.55*scale(feature_ppg_per_target,0.80,2.50)+0.45*scale(feature_ppg,6.00,18.00)","0.40*scale(48.00-feature_finish,0.00,36.00)+0.60*scale(expected_ppg_baseline-feature_ppg,0.00,4.00)","0.65*scale(feature_games_played,8.00,17.00)+0.35*scale(feature_total_ppr,80.00,260.00)","0.50*scale(feature_ppg_minus_cohort_expected,0.00,6.00)+0.30*scale(expected_finish_from_cohort-feature_finish,0.00,36.00)+0.20*scale(cohort_player_count,1.00,18.00)","0.20*scale(route_participation_season_avg,0.50,0.95)+0.20*scale(target_share_season_avg,0.10,0.32)+0.15*scale(air_yard_share_season_avg,0.08,0.38)+0.15*scale(routes_consistency_index,0.60,0.95)+0.15*scale(target_earning_index,0.12,0.45)+0.15*scale(opportunity_concentration_score,0.18,0.56)","0.50*scale(12.00-feature_finish,0.00,12.00)+0.25*scale(11.00-feature_games_played,0.00,11.00)+0.25*scale(0.14-feature_target_share,0.00,0.14)"
00-0027942,A.Green,2021,2022,WR,14.5833,43.5083,0.0000,72.7111,0.0000,0.0000,25.0000,17.9787,wr_signal_score_role_balanced_v1,"0.50*scale(feature_targets_per_game,4.00,10.00)+0.50*scale(feature_target_share,0.12,0.30)","0.55*scale(feature_ppg_per_target,0.80,2.50)+0.45*scale(feature_ppg,6.00,18.00)","0.40*scale(48.00-feature_finish,0.00,36.00)+0.60*scale(expected_ppg_baseline-feature_ppg,0.00,4.00)","0.65*scale(feature_games_played,8.00,17.00)+0.35*scale(feature_total_ppr,80.00,260.00)","0.50*scale(feature_ppg_minus_cohort_expected,0.00,6.00)+0.30*scale(expected_finish_from_cohort-feature_finish,0.00,36.00)+0.20*scale(cohort_player_count,1.00,18.00)","0.20*scale(route_participation_season_avg,0.50,0.95)+0.20*scale(target_share_season_avg,0.10,0.32)+0.15*scale(air_yard_share_season_avg,0.08,0.38)+0.15*scale(routes_consistency_index,0.60,0.95)+0.15*scale(target_earning_index,0.12,0.45)+0.15*scale(opportunity_concentration_score,0.18,0.56)","0.50*scale(12.00-feature_finish,0.00,12.00)+0.25*scale(11.00-feature_games_played,0.00,11.00)+0.25*scale(0.14-feature_target_share,0.00,0.14)"
00-0033375,T.Patrick,2021,2022,WR,10.9375,47.8033,0.0000,72.6333,0.0000,0.0000,25.0000,17.7378,wr_signal_score_role_balanced_v1,"0.50*scale(feature_targets_per_game,4.00,10.00)+0.50*scale(feature_target_share,0.12,0.30)","0.55*scale(feature_ppg_per_target,0.80,2.50)+0.45*scale(feature_ppg,6.00,18.00)","0.40*scale(48.00-feature_finish,0.00,36.00)+0.60*scale(expected_ppg_baseline-feature_ppg,0.00,4.00)","0.65*scale(feature_games_played,8.00,17.00)+0.35*scale(feature_total_ppr,80.00,260.00)","0.50*scale(feature_ppg_minus_cohort_expected,0.00,6.00)+0.30*scale(expected_finish_from_cohort-feature_finish,0.00,36.00)+0.20*scale(cohort_player_count,1.00,18.00)","0.20*scale(route_participation_season_avg,0.50,0.95)+0.20*scale(target_share_season_avg,0.10,0.32)+0.15*scale(air_yard_share_season_avg,0.08,0.38)+0.15*scale(routes_consistency_index,0.60,0.95)+0.15*scale(target_earning_index,0.12,0.45)+0.15*scale(opportunity_concentration_score,0.18,0.56)","0.50*scale(12.00-feature_finish,0.00,12.00)+0.25*scale(11.00-feature_games_played,0.00,11.00)+0.25*scale(0.14-feature_target_share,0.00,0.14)"
00-0034348,C.Sutton,2021,2022,WR,14.7058,34.3577,0.0000,78.6578,0.0000,0.0000,25.0000,17.4086,wr_signal_score_role_balanced_v1,"0.50*scale(feature_targets_per_game,4.00,10.00)+0.50*scale(feature_target_share,0.12,0.30)","0.55*scale(feature_ppg_per_target,0.80,2.50)+0.45*scale(feature_ppg,6.00,18.00)","0.40*scale(48.00-feature_finish,0.00,36.00)+0.60*scale(expected_ppg_baseline-feature_ppg,0.00,4.00)","0.65*scale(feature_games_played,8.00,17.00)+0.35*scale(feature_total_ppr,80.00,260.00)","0.50*scale(feature_ppg_minus_cohort_expected,0.00,6.00)+0.30*scale(expected_finish_from_cohort-feature_finish,0.00,36.00)+0.20*scale(cohort_player_count,1.00,18.00)","0.20*scale(route_participation_season_avg,0.50,0.95)+0.20*scale(target_share_season_avg,0.10,0.32)+0.15*scale(air_yard_share_season_avg,0.08,0.38)+0.15*scale(routes_consistency_index,0.60,0.95)+0.15*scale(target_earning_index,0.12,0.45)+0.15*scale(opportunity_concentration_score,0.18,0.56)","0.50*scale(12.00-feature_finish,0.00,12.00)+0.25*scale(11.00-feature_games_played,0.00,11.00)+0.25*scale(0.14-feature_target_share,0.00,0.14)"
00-0036219,M.Callaway,2021,2022,WR,7.8434,43.5690,0.0000,78.9611,0.0000,0.0000,25.0000,17.1827,wr_signal_score_role_balanced_v1,"0.50*scale(feature_targets_per_game,4.00,10.00)+0.50*scale(feature_target_share,0.12,0.30)","0.55*scale(feature_ppg_per_target,0.80,2.50)+0.45*scale(feature_ppg,6.00,18.00)","0.40*scale(48.00-feature_finish,0.00,36.00)+0.60*scale(expected_ppg_baseline-feature_ppg,0.00,4.00)","0.65*scale(feature_games_played,8.00,17.00)+0.35*scale(feature_total_ppr,80.00,260.00)","0.50*scale(feature_ppg_minus_cohort_expected,0.00,6.00)+0.30*scale(expected_finish_from_cohort-feature_finish,0.00,36.00)+0.20*scale(cohort_player_count,1.00,18.00)","0.20*scale(route_participation_season_avg,0.50,0.95)+0.20*scale(target_share_season_avg,0.10,0.32)+0.15*scale(air_yard_share_season_avg,0.08,0.38)+0.15*scale(routes_consistency_index,0.60,0.95)+0.15*scale(target_earning_index,0.12,0.45)+0.15*scale(opportunity_concentration_score,0.18,0.56)","0.50*scale(12.00-feature_finish,0.00,12.00)+0.25*scale(11.00-feature_games_played,0.00,11.00)+0.25*scale(0.14-feature_target_share,0.00,0.14)"
00-0034418,C.Wilson,2021,2022,WR,2.9758,69.6134,0.0000,56.5206,0.0000,0.0000,25.0000,17.0039,wr_signal_score_role_balanced_v1,"0.50*scale(feature_targets_per_game,4.00,10.00)+0.50*scale(feature_target_share,0.12,0.30)","0.55*scale(feature_ppg_per_target,0.80,2.50)+0.45*scale(feature_ppg,6.00,18.00)","0.40*scale(48.00-feature_finish,0.00,36.00)+0.60*scale(expected_ppg_baseline-feature_ppg,0.00,4.00)","0.65*scale(feature_games_played,8.00,17.00)+0.35*scale(feature_total_ppr,80.00,260.00)","0.50*scale(feature_ppg_minus_cohort_expected,0.00,6.00)+0.30*scale(expected_finish_from_cohort-feature_finish,0.00,36.00)+0.20*scale(cohort_player_count,1.00,18.00)","0.20*scale(route_participation_season_avg,0.50,0.95)+0.20*scale(target_share_season_avg,0.10,0.32)+0.15*scale(air_yard_share_season_avg,0.08,0.38)+0.15*scale(routes_consistency_index,0.60,0.95)+0.15*scale(target_earning_index,0.12,0.45)+0.15*scale(opportunity_concentration_score,0.18,0.56)","0.50*scale(12.00-feature_finish,0.00,12.00)+0.25*scale(11.00-feature_games_played,0.00,11.00)+0.25*scale(0.14-feature_target_share,0.00,0.14)"
00-0032688,R.Chosen,2021,2022,WR,20.5883,22.9045,0.0000,76.3750,0.0000,0.0000,25.0000,16.8056,wr_signal_score_role_balanced_v1,"0.50*scale(feature_targets_per_game,4.00,10.00)+0.50*scale(feature_target_share,0.12,0.30)","0.55*scale(feature_ppg_per_target,0.80,2.50)+0.45*scale(feature_ppg,6.00,18.00)","0.40*scale(48.00-feature_finish,0.00,36.00)+0.60*scale(expected_ppg_baseline-feature_ppg,0.00,4.00)","0.65*scale(feature_games_played,8.00,17.00)+0.35*scale(feature_total_ppr,80.00,260.00)","0.50*scale(feature_ppg_minus_cohort_expected,0.00,6.00)+0.30*scale(expected_finish_from_cohort-feature_finish,0.00,36.00)+0.20*scale(cohort_player_count,1.00,18.00)","0.20*scale(route_participation_season_avg,0.50,0.95)+0.20*scale(target_share_season_avg,0.10,0.32)+0.15*scale(air_yard_share_season_avg,0.08,0.38)+0.15*scale(routes_consistency_index,0.60,0.95)+0.15*scale(target_earning_index,0.12,0.45)+0.15*scale(opportunity_concentration_score,0.18,0.56)","0.50*scale(12.00-feature_finish,0.00,12.00)+0.25*scale(11.00-feature_games_played,0.00,11.00)+0.25*scale(0.14-feature_target_share,0.00,0.14)"
00-0031382,J.Landry,2021,2022,WR,27.0833,42.6391,1.1111,39.1944,0.0000,0.0000,25.0000,16.6689,wr_signal_score_role_balanced_v1,"0.50*scale(feature_targets_per_game,4.00,10.00)+0.50*scale(feature_target_share,0.12,0.30)","0.55*scale(feature_ppg_per_target,0.80,2.50)+0.45*scale(feature_ppg,6.00,18.00)","0.40*scale(48.00-feature_finish,0.00,36.00)+0.60*scale(expected_ppg_baseline-feature_ppg,0.00,4.00)","0.65*scale(feature_games_played,8.00,17.00)+0.35*scale(feature_total_ppr,80.00,260.00)","0.50*scale(feature_ppg_minus_cohort_expected,0.00,6.00)+0.30*scale(expected_finish_from_cohort-feature_finish,0.00,36.00)+0.20*scale(cohort_player_count,1.00,18.00)","0.20*scale(route_participation_season_avg,0.50,0.95)+0.20*scale(target_share_season_avg,0.10,0.32)+0.15*scale(air_yard_share_season_avg,0.08,0.38)+0.15*scale(routes_consistency_index,0.60,0.95)+0.15*scale(target_earning_index,0.12,0.45)+0.15*scale(opportunity_concentration_score,0.18,0.56)","0.50*scale(12.00-feature_finish,0.00,12.00)+0.25*scale(11.00-feature_games_played,0.00,11.00)+0.25*scale(0.14-feature_target_share,0.00,0.14)"
00-0034521,A.Lazard,2021,2022,WR,2.3809,66.6259,0.0000,55.4861,0.0000,0.0000,25.0000,16.2785,wr_signal_score_role_balanced_v1,"0.50*scale(feature_targets_per_game,4.00,10.00)+0.50*scale(feature_target_share,0.12,0.30)","0.55*scale(feature_ppg_per_target,0.80,2.50)+0.45*scale(feature_ppg,6.00,18.00)","0.40*scale(48.00-feature_finish,0.00,36.00)+0.60*scale(expected_ppg_baseline-feature_ppg,0.00,4.00)","0.65*scale(feature_games_played,8.00,17.00)+0.35*scale(feature_total_ppr,80.00,260.00)","0.50*scale(feature_ppg_minus_cohort_expected,0.00,6.00)+0.30*scale(expected_finish_from_cohort-feature_finish,0.00,36.00)+0.20*scale(cohort_player_count,1.00,18.00)","0.20*scale(route_participation_season_avg,0.50,0.95)+0.20*scale(target_share_season_avg,0.10,0.32)+0.15*scale(air_yard_share_season_avg,0.08,0.38)+0.15*scale(routes_consistency_index,0.60,0.95)+0.15*scale(target_earning_index,0.12,0.45)+0.15*scale(opportunity_concentration_score,0.18,0.56)","0.50*scale(12.00-feature_finish,0.00,12.00)+0.25*scale(11.00-feature_games_played,0.00,11.00)+0.25*scale(0.14-feature_target_share,0.00,0.14)"
00-0035140,M.Hardman,2021,2022,WR,7.3533,37.6199,0.0000,76.8417,0.0000,0.0000,25.0000,15.8972,wr_signal_score_role_balanced_v1,"0.50*scale(feature_targets_per_game,4.00,10.00)+0.50*scale(feature_target_share,0.12,0.30)","0.55*scale(feature_ppg_per_target,0.80,2.50)+0.45*scale(feature_ppg,6.00,18.00)","0.40*scale(48.00-feature_finish,0.00,36.00)+0.60*scale(expected_ppg_baseline-feature_ppg,0.00,4.00)","0.65*scale(feature_games_played,8.00,17.00)+0.35*scale(feature_total_ppr,80.00,260.00)","0.50*scale(feature_ppg_minus_cohort_expected,0.00,6.00)+0.30*scale(expected_finish_from_cohort-feature_finish,0.00,36.00)+0.20*scale(cohort_player_count,1.00,18.00)","0.20*scale(route_participation_season_avg,0.50,0.95)+0.20*scale(target_share_season_avg,0.10,0.32)+0.15*scale(air_yard_share_season_avg,0.08,0.38)+0.15*scale(routes_consistency_index,0.60,0.95)+0.15*scale(target_earning_index,0.12,0.45)+0.15*scale(opportunity_concentration_score,0.18,0.56)","0.50*scale(12.00-feature_finish,0.00,12.00)+0.25*scale(11.00-feature_games_played,0.00,11.00)+0.25*scale(0.14-feature_target_share,0.00,0.14)"
00-0033215,C.Grayson,2021,2022,WR,0.0000,88.2501,30.0000,0.0000,0.0000,0.0000,43.1818,15.4466,wr_signal_score_role_balanced_v1,"0.50*scale(feature_targets_per_game,4.00,10.00)+0.50*scale(feature_target_share,0.12,0.30)","0.55*scale(feature_ppg_per_target,0.80,2.50)+0.45*scale(feature_ppg,6.00,18.00)","0.40*scale(48.00-feature_finish,0.00,36.00)+0.60*scale(expected_ppg_baseline-feature_ppg,0.00,4.00)","0.65*scale(feature_games_played,8.00,17.00)+0.35*scale(feature_total_ppr,80.00,260.00)","0.50*scale(feature_ppg_minus_cohort_expected,0.00,6.00)+0.30*scale(expected_finish_from_cohort-feature_finish,0.00,36.00)+0.20*scale(cohort_player_count,1.00,18.00)","0.20*scale(route_participation_season_avg,0.50,0.95)+0.20*scale(target_share_season_avg,0.10,0.32)+0.15*scale(air_yard_share_season_avg,0.08,0.38)+0.15*scale(routes_consistency_index,0.60,0.95)+0.15*scale(target_earning_index,0.12,0.45)+0.15*scale(opportunity_concentration_score,0.18,0.56)","0.50*scale(12.00-feature_finish,0.00,12.00)+0.25*scale(11.00-feature_games_played,0.00,11.00)+0.25*scale(0.14-feature_target_share,0.00,0.14)"
00-0034860,D.Pettis,2021,2022,WR,33.3334,50.3691,15.5556,0.0000,0.0000,0.0000,45.4545,15.3170,wr_signal_score_role_balanced_v1,"0.50*scale(feature_targets_per_game,4.00,10.00)+0.50*scale(feature_target_share,0.12,0.30)","0.55*scale(feature_ppg_per_target,0.80,2.50)+0.45*scale(feature_ppg,6.00,18.00)","0.40*scale(48.00-feature_finish,0.00,36.00)+0.60*scale(expected_ppg_baseline-feature_ppg,0.00,4.00)","0.65*scale(feature_games_played,8.00,17.00)+0.35*scale(feature_total_ppr,80.00,260.00)","0.50*scale(feature_ppg_minus_cohort_expected,0.00,6.00)+0.30*scale(expected_finish_from_cohort-feature_finish,0.00,36.00)+0.20*scale(cohort_player_count,1.00,18.00)","0.20*scale(route_participation_season_avg,0.50,0.95)+0.20*scale(target_share_season_avg,0.10,0.32)+0.15*scale(air_yard_share_season_avg,0.08,0.38)+0.15*scale(routes_consistency_index,0.60,0.95)+0.15*scale(target_earning_index,0.12,0.45)+0.15*scale(opportunity_concentration_score,0.18,0.56)","0.50*scale(12.00-feature_finish,0.00,12.00)+0.25*scale(11.00-feature_games_played,0.00,11.00)+0.25*scale(0.14-feature_target_share,0.00,0.14)"
00-0035432,J.Moore,2021,2022,WR,0.0000,53.4265,0.0000,0.0000,56.0724,0.0000,47.7273,15.2434,wr_signal_score_role_balanced_v1,"0.50*scale(feature_targets_per_game,4.00,10.00)+0.50*scale(feature_target_share,0.12,0.30)","0.55*scale(feature_ppg_per_target,0.80,2.50)+0.45*scale(feature_ppg,6.00,18.00)","0.40*scale(48.00-feature_finish,0.00,36.00)+0.60*scale(expected_ppg_baseline-feature_ppg,0.00,4.00)","0.65*scale(feature_games_played,8.00,17.00)+0.35*scale(feature_total_ppr,80.00,260.00)","0.50*scale(feature_ppg_minus_cohort_expected,0.00,6.00)+0.30*scale(expected_finish_from_cohort-feature_finish,0.00,36.00)+0.20*scale(cohort_player_count,1.00,18.00)","0.20*scale(route_participation_season_avg,0.50,0.95)+0.20*scale(target_share_season_avg,0.10,0.32)+0.15*scale(air_yard_share_season_avg,0.08,0.38)+0.15*scale(routes_consistency_index,0.60,0.95)+0.15*scale(target_earning_index,0.12,0.45)+0.15*scale(opportunity_concentration_score,0.18,0.56)","0.50*scale(12.00-feature_finish,0.00,12.00)+0.25*scale(11.00-feature_games_played,0.00,11.00)+0.25*scale(0.14-feature_target_share,0.00,0.14)"
00-0031547,D.Parker,2021,2022,WR,34.2591,40.6130,6.6667,11.7917,0.0000,0.0000,29.5454,15.1410,wr_signal_score_role_balanced_v1,"0.50*scale(feature_targets_per_game,4.00,10.00)+0.50*scale(feature_target_share,0.12,0.30)","0.55*scale(feature_ppg_per_target,0.80,2.50)+0.45*scale(feature_ppg,6.00,18.00)","0.40*scale(48.00-feature_finish,0.00,36.00)+0.60*scale(expected_ppg_baseline-feature_ppg,0.00,4.00)","0.65*scale(feature_games_played,8.00,17.00)+0.35*scale(feature_total_ppr,80.00,260.00)","0.50*scale(feature_ppg_minus_cohort_expected,0.00,6.00)+0.30*scale(expected_finish_from_cohort-feature_finish,0.00,36.00)+0.20*scale(cohort_player_count,1.00,18.00)","0.20*scale(route_participation_season_avg,0.50,0.95)+0.20*scale(target_share_season_avg,0.10,0.32)+0.15*scale(air_yard_share_season_avg,0.08,0.38)+0.15*scale(routes_consistency_index,0.60,0.95)+0.15*scale(target_earning_index,0.12,0.45)+0.15*scale(opportunity_concentration_score,0.18,0.56)","0.50*scale(12.00-feature_finish,0.00,12.00)+0.25*scale(11.00-feature_games_played,0.00,11.00)+0.25*scale(0.14-feature_target_share,0.00,0.14)"
00-0036268,L.Shenault,2021,2022,WR,18.7500,22.4715,0.0000,66.9167,0.0000,0.0000,25.0000,15.0699,wr_signal_score_role_balanced_v1,"0.50*scale(feature_targets_per_game,4.00,10.00)+0.50*scale(feature_target_share,0.12,0.30)","0.55*scale(feature_ppg_per_target,0.80,2.50)+0.45*scale(feature_ppg,6.00,18.00)","0.40*scale(48.00-feature_finish,0.00,36.00)+0.60*scale(expected_ppg_baseline-feature_ppg,0.00,4.00)","0.65*scale(feature_games_played,8.00,17.00)+0.35*scale(feature_total_ppr,80.00,260.00)","0.50*scale(feature_ppg_minus_cohort_expected,0.00,6.00)+0.30*scale(expected_finish_from_cohort-feature_finish,0.00,36.00)+0.20*scale(cohort_player_count,1.00,18.00)","0.20*scale(route_participation_season_avg,0.50,0.95)+0.20*scale(target_share_season_avg,0.10,0.32)+0.15*scale(air_yard_share_season_avg,0.08,0.38)+0.15*scale(routes_consistency_index,0.60,0.95)+0.15*scale(target_earning_index,0.12,0.45)+0.15*scale(opportunity_concentration_score,0.18,0.56)","0.50*scale(12.00-feature_finish,0.00,12.00)+0.25*scale(11.00-feature_games_played,0.00,11.00)+0.25*scale(0.14-feature_target_share,0.00,0.14)"
00-0034297,B.Pringle,2021,2022,WR,0.0000,51.2561,0.0000,67.2667,0.0000,0.0000,25.0000,14.9331,wr_signal_score_role_balanced_v1,"0.50*scale(feature_targets_per_game,4.00,10.00)+0.50*scale(feature_target_share,0.12,0.30)","0.55*scale(feature_ppg_per_target,0.80,2.50)+0.45*scale(feature_ppg,6.00,18.00)","0.40*scale(48.00-feature_finish,0.00,36.00)+0.60*scale(expected_ppg_baseline-feature_ppg,0.00,4.00)","0.65*scale(feature_games_played,8.00,17.00)+0.35*scale(feature_total_ppr,80.00,260.00)","0.50*scale(feature_ppg_minus_cohort_expected,0.00,6.00)+0.30*scale(expected_finish_from_cohort-feature_finish,0.00,36.00)+0.20*scale(cohort_player_count,1.00,18.00)","0.20*scale(route_participation_season_avg,0.50,0.95)+0.20*scale(target_share_season_avg,0.10,0.32)+0.15*scale(air_yard_share_season_avg,0.08,0.38)+0.15*scale(routes_consistency_index,0.60,0.95)+0.15*scale(target_earning_index,0.12,0.45)+0.15*scale(opportunity_concentration_score,0.18,0.56)","0.50*scale(12.00-feature_finish,0.00,12.00)+0.25*scale(11.00-feature_games_played,0.00,11.00)+0.25*scale(0.14-feature_target_share,0.00,0.14)"
00-0031235,O.Beckham,2021,2022,WR,15.4758,37.1344,0.0000,52.8806,0.0000,0.0000,25.0000,14.6588,wr_signal_score_role_balanced_v1,"0.50*scale(feature_targets_per_game,4.00,10.00)+0.50*scale(feature_target_share,0.12,0.30)","0.55*scale(feature_ppg_per_target,0.80,2.50)+0.45*scale(feature_ppg,6.00,18.00)","0.40*scale(48.00-feature_finish,0.00,36.00)+0.60*scale(expected_ppg_baseline-feature_ppg,0.00,4.00)","0.65*scale(feature_games_played,8.00,17.00)+0.35*scale(feature_total_ppr,80.00,260.00)","0.50*scale(feature_ppg_minus_cohort_expected,0.00,6.00)+0.30*scale(expected_finish_from_cohort-feature_finish,0.00,36.00)+0.20*scale(cohort_player_count,1.00,18.00)","0.20*scale(route_participation_season_avg,0.50,0.95)+0.20*scale(target_share_season_avg,0.10,0.32)+0.15*scale(air_yard_share_season_avg,0.08,0.38)+0.15*scale(routes_consistency_index,0.60,0.95)+0.15*scale(target_earning_index,0.12,0.45)+0.15*scale(opportunity_concentration_score,0.18,0.56)","0.50*scale(12.00-feature_finish,0.00,12.00)+0.25*scale(11.00-feature_games_played,0.00,11.00)+0.25*scale(0.14-feature_target_share,0.00,0.14)"
00-0032464,K.Raymond,2021,2022,WR,3.6458,42.9803,0.0000,67.9667,0.0000,0.0000,25.0000,14.6577,wr_signal_score_role_balanced_v1,"0.50*scale(feature_targets_per_game,4.00,10.00)+0.50*scale(feature_target_share,0.12,0.30)","0.55*scale(feature_ppg_per_target,0.80,2.50)+0.45*scale(feature_ppg,6.00,18.00)","0.40*scale(48.00-feature_finish,0.00,36.00)+0.60*scale(expected_ppg_baseline-feature_ppg,0.00,4.00)","0.65*scale(feature_games_played,8.00,17.00)+0.35*scale(feature_total_ppr,80.00,260.00)","0.50*scale(feature_ppg_minus_cohort_expected,0.00,6.00)+0.30*scale(expected_finish_from_cohort-feature_finish,0.00,36.00)+0.20*scale(cohort_player_count,1.00,18.00)","0.20*scale(route_participation_season_avg,0.50,0.95)+0.20*scale(target_share_season_avg,0.10,0.32)+0.15*scale(air_yard_share_season_avg,0.08,0.38)+0.15*scale(routes_consistency_index,0.60,0.95)+0.15*scale(target_earning_index,0.12,0.45)+0.15*scale(opportunity_concentration_score,0.18,0.56)","0.50*scale(12.00-feature_finish,0.00,12.00)+0.25*scale(11.00-feature_games_played,0.00,11.00)+0.25*scale(0.14-feature_target_share,0.00,0.14)"
00-0027685,E.Sanders,2021,2022,WR,9.5242,46.0727,0.0000,53.3861,0.0000,0.0000,25.0000,14.6369,wr_signal_score_role_balanced_v1,"0.50*scale(feature_targets_per_game,4.00,10.00)+0.50*scale(feature_target_share,0.12,0.30)","0.55*scale(feature_ppg_per_target,0.80,2.50)+0.45*scale(feature_ppg,6.00,18.00)","0.40*scale(48.00-feature_finish,0.00,36.00)+0.60*scale(expected_ppg_baseline-feature_ppg,0.00,4.00)","0.65*scale(feature_games_played,8.00,17.00)+0.35*scale(feature_total_ppr,80.00,260.00)","0.50*scale(feature_ppg_minus_cohort_expected,0.00,6.00)+0.30*scale(expected_finish_from_cohort-feature_finish,0.00,36.00)+0.20*scale(cohort_player_count,1.00,18.00)","0.20*scale(route_participation_season_avg,0.50,0.95)+0.20*scale(target_share_season_avg,0.10,0.32)+0.15*scale(air_yard_share_season_avg,0.08,0.38)+0.15*scale(routes_consistency_index,0.60,0.95)+0.15*scale(target_earning_index,0.12,0.45)+0.15*scale(opportunity_concentration_score,0.18,0.56)","0.50*scale(12.00-feature_finish,0.00,12.00)+0.25*scale(11.00-feature_games_played,0.00,11.00)+0.25*scale(0.14-feature_target_share,0.00,0.14)"
00-0036988,J.Palmer,2021,2022,WR,0.0000,36.1804,0.0000,53.0639,20.0000,0.0000,25.0000,14.4254,wr_signal_score_role_balanced_v1,"0.50*scale(feature_targets_per_game,4.00,10.00)+0.50*scale(feature_target_share,0.12,0.30)","0.55*scale(feature_ppg_per_target,0.80,2.50)+0.45*scale(feature_ppg,6.00,18.00)","0.40*scale(48.00-feature_finish,0.00,36.00)+0.60*scale(expected_ppg_baseline-feature_ppg,0.00,4.00)","0.65*scale(feature_games_played,8.00,17.00)+0.35*scale(feature_total_ppr,80.00,260.00)","0.50*scale(feature_ppg_minus_cohort_expected,0.00,6.00)+0.30*scale(expected_finish_from_cohort-feature_finish,0.00,36.00)+0.20*scale(cohort_player_count,1.00,18.00)","0.20*scale(route_participation_season_avg,0.50,0.95)+0.20*scale(target_share_season_avg,0.10,0.32)+0.15*scale(air_yard_share_season_avg,0.08,0.38)+0.15*scale(routes_consistency_index,0.60,0.95)+0.15*scale(target_earning_index,0.12,0.45)+0.15*scale(opportunity_concentration_score,0.18,0.56)","0.50*scale(12.00-feature_finish,0.00,12.00)+0.25*scale(11.00-feature_games_played,0.00,11.00)+0.25*scale(0.14-feature_target_share,0.00,0.14)"
00-0033871,C.Davis,2021,2022,WR,21.2966,53.1376,8.8889,12.1222,0.0000,0.0000,29.5454,14.3072,wr_signal_score_role_balanced_v1,"0.50*scale(feature_targets_per_game,4.00,10.00)+0.50*scale(feature_target_share,0.12,0.30)","0.55*scale(feature_ppg_per_target,0.80,2.50)+0.45*scale(feature_ppg,6.00,18.00)","0.40*scale(48.00-feature_finish,0.00,36.00)+0.60*scale(expected_ppg_baseline-feature_ppg,0.00,4.00)","0.65*scale(feature_games_played,8.00,17.00)+0.35*scale(feature_total_ppr,80.00,260.00)","0.50*scale(feature_ppg_minus_cohort_expected,0.00,6.00)+0.30*scale(expected_finish_from_cohort-feature_finish,0.00,36.00)+0.20*scale(cohort_player_count,1.00,18.00)","0.20*scale(route_participation_season_avg,0.50,0.95)+0.20*scale(target_share_season_avg,0.10,0.32)+0.15*scale(air_yard_share_season_avg,0.08,0.38)+0.15*scale(routes_consistency_index,0.60,0.95)+0.15*scale(target_earning_index,0.12,0.45)+0.15*scale(opportunity_concentration_score,0.18,0.56)","0.50*scale(12.00-feature_finish,0.00,12.00)+0.25*scale(11.00-feature_games_played,0.00,11.00)+0.25*scale(0.14-feature_target_share,0.00,0.14)"
00-0036259,J.Jennings,2021,2022,WR,0.0000,45.3133,0.0000,36.5389,21.2332,0.0000,25.0000,13.8690,wr_signal_score_role_balanced_v1,"0.50*scale(feature_targets_per_game,4.00,10.00)+0.50*scale(feature_target_share,0.12,0.30)","0.55*scale(feature_ppg_per_target,0.80,2.50)+0.45*scale(feature_ppg,6.00,18.00)","0.40*scale(48.00-feature_finish,0.00,36.00)+0.60*scale(expected_ppg_baseline-feature_ppg,0.00,4.00)","0.65*scale(feature_games_played,8.00,17.00)+0.35*scale(feature_total_ppr,80.00,260.00)","0.50*scale(feature_ppg_minus_cohort_expected,0.00,6.00)+0.30*scale(expected_finish_from_cohort-feature_finish,0.00,36.00)+0.20*scale(cohort_player_count,1.00,18.00)","0.20*scale(route_participation_season_avg,0.50,0.95)+0.20*scale(target_share_season_avg,0.10,0.32)+0.15*scale(air_yard_share_season_avg,0.08,0.38)+0.15*scale(routes_consistency_index,0.60,0.95)+0.15*scale(target_earning_index,0.12,0.45)+0.15*scale(opportunity_concentration_score,0.18,0.56)","0.50*scale(12.00-feature_finish,0.00,12.00)+0.25*scale(11.00-feature_games_played,0.00,11.00)+0.25*scale(0.14-feature_target_share,0.00,0.14)"
00-0036196,G.Davis,2021,2022,WR,1.6666,47.7471,0.0000,59.4806,0.0000,0.0000,25.0000,13.7945,wr_signal_score_role_balanced_v1,"0.50*scale(feature_targets_per_game,4.00,10.00)+0.50*scale(feature_target_share,0.12,0.30)","0.55*scale(feature_ppg_per_target,0.80,2.50)+0.45*scale(feature_ppg,6.00,18.00)","0.40*scale(48.00-feature_finish,0.00,36.00)+0.60*scale(expected_ppg_baseline-feature_ppg,0.00,4.00)","0.65*scale(feature_games_played,8.00,17.00)+0.35*scale(feature_total_ppr,80.00,260.00)","0.50*scale(feature_ppg_minus_cohort_expected,0.00,6.00)+0.30*scale(expected_finish_from_cohort-feature_finish,0.00,36.00)+0.20*scale(cohort_player_count,1.00,18.00)","0.20*scale(route_participation_season_avg,0.50,0.95)+0.20*scale(target_share_season_avg,0.10,0.32)+0.15*scale(air_yard_share_season_avg,0.08,0.38)+0.15*scale(routes_consistency_index,0.60,0.95)+0.15*scale(target_earning_index,0.12,0.45)+0.15*scale(opportunity_concentration_score,0.18,0.56)","0.50*scale(12.00-feature_finish,0.00,12.00)+0.25*scale(11.00-feature_games_played,0.00,11.00)+0.25*scale(0.14-feature_target_share,0.00,0.14)"
00-0036271,Q.Watkins,2021,2022,WR,0.0000,37.7364,0.0000,72.0000,0.0000,0.0000,25.0000,13.5205,wr_signal_score_role_balanced_v1,"0.50*scale(feature_targets_per_game,4.00,10.00)+0.50*scale(feature_target_share,0.12,0.30)","0.55*scale(feature_ppg_per_target,0.80,2.50)+0.45*scale(feature_ppg,6.00,18.00)","0.40*scale(48.00-feature_finish,0.00,36.00)+0.60*scale(expected_ppg_baseline-feature_ppg,0.00,4.00)","0.65*scale(feature_games_played,8.00,17.00)+0.35*scale(feature_total_ppr,80.00,260.00)","0.50*scale(feature_ppg_minus_cohort_expected,0.00,6.00)+0.30*scale(expected_finish_from_cohort-feature_finish,0.00,36.00)+0.20*scale(cohort_player_count,1.00,18.00)","0.20*scale(route_participation_season_avg,0.50,0.95)+0.20*scale(target_share_season_avg,0.10,0.32)+0.15*scale(air_yard_share_season_avg,0.08,0.38)+0.15*scale(routes_consistency_index,0.60,0.95)+0.15*scale(target_earning_index,0.12,0.45)+0.15*scale(opportunity_concentration_score,0.18,0.56)","0.50*scale(12.00-feature_finish,0.00,12.00)+0.25*scale(11.00-feature_games_played,0.00,11.00)+0.25*scale(0.14-feature_target_share,0.00,0.14)"
00-0032355,C.Rogers,2021,2022,WR,0.0000,24.5280,0.0000,57.7778,20.0000,0.0000,25.0000,13.2903,wr_signal_score_role_balanced_v1,"0.50*scale(feature_targets_per_game,4.00,10.00)+0.50*scale(feature_target_share,0.12,0.30)","0.55*scale(feature_ppg_per_target,0.80,2.50)+0.45*scale(feature_ppg,6.00,18.00)","0.40*scale(48.00-feature_finish,0.00,36.00)+0.60*scale(expected_ppg_baseline-feature_ppg,0.00,4.00)","0.65*scale(feature_games_played,8.00,17.00)+0.35*scale(feature_total_ppr,80.00,260.00)","0.50*scale(feature_ppg_minus_cohort_expected,0.00,6.00)+0.30*scale(expected_finish_from_cohort-feature_finish,0.00,36.00)+0.20*scale(cohort_player_count,1.00,18.00)","0.20*scale(route_participation_season_avg,0.50,0.95)+0.20*scale(target_share_season_avg,0.10,0.32)+0.15*scale(air_yard_share_season_avg,0.08,0.38)+0.15*scale(routes_consistency_index,0.60,0.95)+0.15*scale(target_earning_index,0.12,0.45)+0.15*scale(opportunity_concentration_score,0.18,0.56)","0.50*scale(12.00-feature_finish,0.00,12.00)+0.25*scale(11.00-feature_games_played,0.00,11.00)+0.25*scale(0.14-feature_target_share,0.00,0.14)"
00-0034419,B.Berrios,2021,2022,WR,2.7775,42.1690,0.0000,58.5472,0.0000,0.0000,25.0000,13.1031,wr_signal_score_role_balanced_v1,"0.50*scale(feature_targets_per_game,4.00,10.00)+0.50*scale(feature_target_share,0.12,0.30)","0.55*scale(feature_ppg_per_target,0.80,2.50)+0.45*scale(feature_ppg,6.00,18.00)","0.40*scale(48.00-feature_finish,0.00,36.00)+0.60*scale(expected_ppg_baseline-feature_ppg,0.00,4.00)","0.65*scale(feature_games_played,8.00,17.00)+0.35*scale(feature_total_ppr,80.00,260.00)","0.50*scale(feature_ppg_minus_cohort_expected,0.00,6.00)+0.30*scale(expected_finish_from_cohort-feature_finish,0.00,36.00)+0.20*scale(cohort_player_count,1.00,18.00)","0.20*scale(route_participation_season_avg,0.50,0.95)+0.20*scale(target_share_season_avg,0.10,0.32)+0.15*scale(air_yard_share_season_avg,0.08,0.38)+0.15*scale(routes_consistency_index,0.60,0.95)+0.15*scale(target_earning_index,0.12,0.45)+0.15*scale(opportunity_concentration_score,0.18,0.56)","0.50*scale(12.00-feature_finish,0.00,12.00)+0.25*scale(11.00-feature_games_played,0.00,11.00)+0.25*scale(0.14-feature_target_share,0.00,0.14)"
00-0036357,H.Ruggs,2021,2022,WR,9.5242,72.8243,10.0000,0.8750,0.0000,0.0000,34.0909,12.8777,wr_signal_score_role_balanced_v1,"0.50*scale(feature_targets_per_game,4.00,10.00)+0.50*scale(feature_target_share,0.12,0.30)","0.55*scale(feature_ppg_per_target,0.80,2.50)+0.45*scale(feature_ppg,6.00,18.00)","0.40*scale(48.00-feature_finish,0.00,36.00)+0.60*scale(expected_ppg_baseline-feature_ppg,0.00,4.00)","0.65*scale(feature_games_played,8.00,17.00)+0.35*scale(feature_total_ppr,80.00,260.00)","0.50*scale(feature_ppg_minus_cohort_expected,0.00,6.00)+0.30*scale(expected_finish_from_cohort-feature_finish,0.00,36.00)+0.20*scale(cohort_player_count,1.00,18.00)","0.20*scale(route_participation_season_avg,0.50,0.95)+0.20*scale(target_share_season_avg,0.10,0.32)+0.15*scale(air_yard_share_season_avg,0.08,0.38)+0.15*scale(routes_consistency_index,0.60,0.95)+0.15*scale(target_earning_index,0.12,0.45)+0.15*scale(opportunity_concentration_score,0.18,0.56)","0.50*scale(12.00-feature_finish,0.00,12.00)+0.25*scale(11.00-feature_games_played,0.00,11.00)+0.25*scale(0.14-feature_target_share,0.00,0.14)"
00-0036247,F.Swain,2021,2022,WR,0.0000,44.0809,0.0000,59.0417,0.0000,0.0000,25.0000,12.7876,wr_signal_score_role_balanced_v1,"0.50*scale(feature_targets_per_game,4.00,10.00)+0.50*scale(feature_target_share,0.12,0.30)","0.55*scale(feature_ppg_per_target,0.80,2.50)+0.45*scale(feature_ppg,6.00,18.00)","0.40*scale(48.00-feature_finish,0.00,36.00)+0.60*scale(expected_ppg_baseline-feature_ppg,0.00,4.00)","0.65*scale(feature_games_played,8.00,17.00)+0.35*scale(feature_total_ppr,80.00,260.00)","0.50*scale(feature_ppg_minus_cohort_expected,0.00,6.00)+0.30*scale(expected_finish_from_cohort-feature_finish,0.00,36.00)+0.20*scale(cohort_player_count,1.00,18.00)","0.20*scale(route_participation_season_avg,0.50,0.95)+0.20*scale(target_share_season_avg,0.10,0.32)+0.15*scale(air_yard_share_season_avg,0.08,0.38)+0.15*scale(routes_consistency_index,0.60,0.95)+0.15*scale(target_earning_index,0.12,0.45)+0.15*scale(opportunity_concentration_score,0.18,0.56)","0.50*scale(12.00-feature_finish,0.00,12.00)+0.25*scale(11.00-feature_games_played,0.00,11.00)+0.25*scale(0.14-feature_target_share,0.00,0.14)"
00-0035414,J.Guyton,2021,2022,WR,0.0000,39.9136,0.0000,61.1222,0.0000,0.0000,25.0000,12.4329,wr_signal_score_role_balanced_v1,"0.50*scale(feature_targets_per_game,4.00,10.00)+0.50*scale(feature_target_share,0.12,0.30)","0.55*scale(feature_ppg_per_target,0.80,2.50)+0.45*scale(feature_ppg,6.00,18.00)","0.40*scale(48.00-feature_finish,0.00,36.00)+0.60*scale(expected_ppg_baseline-feature_ppg,0.00,4.00)","0.65*scale(feature_games_played,8.00,17.00)+0.35*scale(feature_total_ppr,80.00,260.00)","0.50*scale(feature_ppg_minus_cohort_expected,0.00,6.00)+0.30*scale(expected_finish_from_cohort-feature_finish,0.00,36.00)+0.20*scale(cohort_player_count,1.00,18.00)","0.20*scale(route_participation_season_avg,0.50,0.95)+0.20*scale(target_share_season_avg,0.10,0.32)+0.15*scale(air_yard_share_season_avg,0.08,0.38)+0.15*scale(routes_consistency_index,0.60,0.95)+0.15*scale(target_earning_index,0.12,0.45)+0.15*scale(opportunity_concentration_score,0.18,0.56)","0.50*scale(12.00-feature_finish,0.00,12.00)+0.25*scale(11.00-feature_games_played,0.00,11.00)+0.25*scale(0.14-feature_target_share,0.00,0.14)"
00-0035215,D.Harty,2021,2022,WR,4.4875,47.9345,0.0000,42.9361,0.0000,0.0000,25.0000,12.3489,wr_signal_score_role_balanced_v1,"0.50*scale(feature_targets_per_game,4.00,10.00)+0.50*scale(feature_target_share,0.12,0.30)","0.55*scale(feature_ppg_per_target,0.80,2.50)+0.45*scale(feature_ppg,6.00,18.00)","0.40*scale(48.00-feature_finish,0.00,36.00)+0.60*scale(expected_ppg_baseline-feature_ppg,0.00,4.00)","0.65*scale(feature_games_played,8.00,17.00)+0.35*scale(feature_total_ppr,80.00,260.00)","0.50*scale(feature_ppg_minus_cohort_expected,0.00,6.00)+0.30*scale(expected_finish_from_cohort-feature_finish,0.00,36.00)+0.20*scale(cohort_player_count,1.00,18.00)","0.20*scale(route_participation_season_avg,0.50,0.95)+0.20*scale(target_share_season_avg,0.10,0.32)+0.15*scale(air_yard_share_season_avg,0.08,0.38)+0.15*scale(routes_consistency_index,0.60,0.95)+0.15*scale(target_earning_index,0.12,0.45)+0.15*scale(opportunity_concentration_score,0.18,0.56)","0.50*scale(12.00-feature_finish,0.00,12.00)+0.25*scale(11.00-feature_games_played,0.00,11.00)+0.25*scale(0.14-feature_target_share,0.00,0.14)"
00-0036365,B.Edwards,2021,2022,WR,0.0000,37.0133,0.0000,63.4361,0.0000,0.0000,25.0000,12.2987,wr_signal_score_role_balanced_v1,"0.50*scale(feature_targets_per_game,4.00,10.00)+0.50*scale(feature_target_share,0.12,0.30)","0.55*scale(feature_ppg_per_target,0.80,2.50)+0.45*scale(feature_ppg,6.00,18.00)","0.40*scale(48.00-feature_finish,0.00,36.00)+0.60*scale(expected_ppg_baseline-feature_ppg,0.00,4.00)","0.65*scale(feature_games_played,8.00,17.00)+0.35*scale(feature_total_ppr,80.00,260.00)","0.50*scale(feature_ppg_minus_cohort_expected,0.00,6.00)+0.30*scale(expected_finish_from_cohort-feature_finish,0.00,36.00)+0.20*scale(cohort_player_count,1.00,18.00)","0.20*scale(route_participation_season_avg,0.50,0.95)+0.20*scale(target_share_season_avg,0.10,0.32)+0.15*scale(air_yard_share_season_avg,0.08,0.38)+0.15*scale(routes_consistency_index,0.60,0.95)+0.15*scale(target_earning_index,0.12,0.45)+0.15*scale(opportunity_concentration_score,0.18,0.56)","0.50*scale(12.00-feature_finish,0.00,12.00)+0.25*scale(11.00-feature_games_played,0.00,11.00)+0.25*scale(0.14-feature_target_share,0.00,0.14)"
00-0031941,J.Crowder,2021,2022,WR,15.9725,35.8863,0.0000,34.6639,0.0000,0.0000,25.0000,12.2227,wr_signal_score_role_balanced_v1,"0.50*scale(feature_targets_per_game,4.00,10.00)+0.50*scale(feature_target_share,0.12,0.30)","0.55*scale(feature_ppg_per_target,0.80,2.50)+0.45*scale(feature_ppg,6.00,18.00)","0.40*scale(48.00-feature_finish,0.00,36.00)+0.60*scale(expected_ppg_baseline-feature_ppg,0.00,4.00)","0.65*scale(feature_games_played,8.00,17.00)+0.35*scale(feature_total_ppr,80.00,260.00)","0.50*scale(feature_ppg_minus_cohort_expected,0.00,6.00)+0.30*scale(expected_finish_from_cohort-feature_finish,0.00,36.00)+0.20*scale(cohort_player_count,1.00,18.00)","0.20*scale(route_participation_season_avg,0.50,0.95)+0.20*scale(target_share_season_avg,0.10,0.32)+0.15*scale(air_yard_share_season_avg,0.08,0.38)+0.15*scale(routes_consistency_index,0.60,0.95)+0.15*scale(target_earning_index,0.12,0.45)+0.15*scale(opportunity_concentration_score,0.18,0.56)","0.50*scale(12.00-feature_finish,0.00,12.00)+0.25*scale(11.00-feature_games_played,0.00,11.00)+0.25*scale(0.14-feature_target_share,0.00,0.14)"
00-0032398,C.Moore,2021,2022,WR,0.0000,58.6094,0.0000,0.0000,29.5665,0.0000,31.8182,12.2043,wr_signal_score_role_balanced_v1,"0.50*scale(feature_targets_per_game,4.00,10.00)+0.50*scale(feature_target_share,0.12,0.30)","0.55*scale(feature_ppg_per_target,0.80,2.50)+0.45*scale(feature_ppg,6.00,18.00)","0.40*scale(48.00-feature_finish,0.00,36.00)+0.60*scale(expected_ppg_baseline-feature_ppg,0.00,4.00)","0.65*scale(feature_games_played,8.00,17.00)+0.35*scale(feature_total_ppr,80.00,260.00)","0.50*scale(feature_ppg_minus_cohort_expected,0.00,6.00)+0.30*scale(expected_finish_from_cohort-feature_finish,0.00,36.00)+0.20*scale(cohort_player_count,1.00,18.00)","0.20*scale(route_participation_season_avg,0.50,0.95)+0.20*scale(target_share_season_avg,0.10,0.32)+0.15*scale(air_yard_share_season_avg,0.08,0.38)+0.15*scale(routes_consistency_index,0.60,0.95)+0.15*scale(target_earning_index,0.12,0.45)+0.15*scale(opportunity_concentration_score,0.18,0.56)","0.50*scale(12.00-feature_finish,0.00,12.00)+0.25*scale(11.00-feature_games_played,0.00,11.00)+0.25*scale(0.14-feature_target_share,0.00,0.14)"
00-0036182,N.Westbrook-Ikhine,2021,2022,WR,0.0000,39.5908,0.0000,55.9222,0.0000,0.0000,25.0000,11.7085,wr_signal_score_role_balanced_v1,"0.50*scale(feature_targets_per_game,4.00,10.00)+0.50*scale(feature_target_share,0.12,0.30)","0.55*scale(feature_ppg_per_target,0.80,2.50)+0.45*scale(feature_ppg,6.00,18.00)","0.40*scale(48.00-feature_finish,0.00,36.00)+0.60*scale(expected_ppg_baseline-feature_ppg,0.00,4.00)","0.65*scale(feature_games_played,8.00,17.00)+0.35*scale(feature_total_ppr,80.00,260.00)","0.50*scale(feature_ppg_minus_cohort_expected,0.00,6.00)+0.30*scale(expected_finish_from_cohort-feature_finish,0.00,36.00)+0.20*scale(cohort_player_count,1.00,18.00)","0.20*scale(route_participation_season_avg,0.50,0.95)+0.20*scale(target_share_season_avg,0.10,0.32)+0.15*scale(air_yard_share_season_avg,0.08,0.38)+0.15*scale(routes_consistency_index,0.60,0.95)+0.15*scale(target_earning_index,0.12,0.45)+0.15*scale(opportunity_concentration_score,0.18,0.56)","0.50*scale(12.00-feature_finish,0.00,12.00)+0.25*scale(11.00-feature_games_played,0.00,11.00)+0.25*scale(0.14-feature_target_share,0.00,0.14)"
00-0034777,D.Chark,2021,2022,WR,27.7775,45.2062,4.4444,0.0000,0.0000,0.0000,43.1818,11.5677,wr_signal_score_role_balanced_v1,"0.50*scale(feature_targets_per_game,4.00,10.00)+0.50*scale(feature_target_share,0.12,0.30)","0.55*scale(feature_ppg_per_target,0.80,2.50)+0.45*scale(feature_ppg,6.00,18.00)","0.40*scale(48.00-feature_finish,0.00,36.00)+0.60*scale(expected_ppg_baseline-feature_ppg,0.00,4.00)","0.65*scale(feature_games_played,8.00,17.00)+0.35*scale(feature_total_ppr,80.00,260.00)","0.50*scale(feature_ppg_minus_cohort_expected,0.00,6.00)+0.30*scale(expected_finish_from_cohort-feature_finish,0.00,36.00)+0.20*scale(cohort_player_count,1.00,18.00)","0.20*scale(route_participation_season_avg,0.50,0.95)+0.20*scale(target_share_season_avg,0.10,0.32)+0.15*scale(air_yard_share_season_avg,0.08,0.38)+0.15*scale(routes_consistency_index,0.60,0.95)+0.15*scale(target_earning_index,0.12,0.45)+0.15*scale(opportunity_concentration_score,0.18,0.56)","0.50*scale(12.00-feature_finish,0.00,12.00)+0.25*scale(11.00-feature_games_played,0.00,11.00)+0.25*scale(0.14-feature_target_share,0.00,0.14)"
00-0032385,S.Shepard,2021,2022,WR,29.7616,40.6735,2.2222,0.0000,0.0000,0.0000,34.0909,11.5539,wr_signal_score_role_balanced_v1,"0.50*scale(feature_targets_per_game,4.00,10.00)+0.50*scale(feature_target_share,0.12,0.30)","0.55*scale(feature_ppg_per_target,0.80,2.50)+0.45*scale(feature_ppg,6.00,18.00)","0.40*scale(48.00-feature_finish,0.00,36.00)+0.60*scale(expected_ppg_baseline-feature_ppg,0.00,4.00)","0.65*scale(feature_games_played,8.00,17.00)+0.35*scale(feature_total_ppr,80.00,260.00)","0.50*scale(feature_ppg_minus_cohort_expected,0.00,6.00)+0.30*scale(expected_finish_from_cohort-feature_finish,0.00,36.00)+0.20*scale(cohort_player_count,1.00,18.00)","0.20*scale(route_participation_season_avg,0.50,0.95)+0.20*scale(target_share_season_avg,0.10,0.32)+0.15*scale(air_yard_share_season_avg,0.08,0.38)+0.15*scale(routes_consistency_index,0.60,0.95)+0.15*scale(target_earning_index,0.12,0.45)+0.15*scale(opportunity_concentration_score,0.18,0.56)","0.50*scale(12.00-feature_finish,0.00,12.00)+0.25*scale(11.00-feature_games_played,0.00,11.00)+0.25*scale(0.14-feature_target_share,0.00,0.14)"
00-0036233,D.Peoples-Jones,2021,2022,WR,3.8458,44.4542,0.0000,41.8861,0.0000,0.0000,25.0000,11.5363,wr_signal_score_role_balanced_v1,"0.50*scale(feature_targets_per_game,4.00,10.00)+0.50*scale(feature_target_share,0.12,0.30)","0.55*scale(feature_ppg_per_target,0.80,2.50)+0.45*scale(feature_ppg,6.00,18.00)","0.40*scale(48.00-feature_finish,0.00,36.00)+0.60*scale(expected_ppg_baseline-feature_ppg,0.00,4.00)","0.65*scale(feature_games_played,8.00,17.00)+0.35*scale(feature_total_ppr,80.00,260.00)","0.50*scale(feature_ppg_minus_cohort_expected,0.00,6.00)+0.30*scale(expected_finish_from_cohort-feature_finish,0.00,36.00)+0.20*scale(cohort_player_count,1.00,18.00)","0.20*scale(route_participation_season_avg,0.50,0.95)+0.20*scale(target_share_season_avg,0.10,0.32)+0.15*scale(air_yard_share_season_avg,0.08,0.38)+0.15*scale(routes_consistency_index,0.60,0.95)+0.15*scale(target_earning_index,0.12,0.45)+0.15*scale(opportunity_concentration_score,0.18,0.56)","0.50*scale(12.00-feature_finish,0.00,12.00)+0.25*scale(11.00-feature_games_played,0.00,11.00)+0.25*scale(0.14-feature_target_share,0.00,0.14)"
00-0036554,N.Collins,2021,2022,WR,2.3809,19.1962,0.0000,44.0334,20.0000,0.0000,25.0000,11.2752,wr_signal_score_role_balanced_v1,"0.50*scale(feature_targets_per_game,4.00,10.00)+0.50*scale(feature_target_share,0.12,0.30)","0.55*scale(feature_ppg_per_target,0.80,2.50)+0.45*scale(feature_ppg,6.00,18.00)","0.40*scale(48.00-feature_finish,0.00,36.00)+0.60*scale(expected_ppg_baseline-feature_ppg,0.00,4.00)","0.65*scale(feature_games_played,8.00,17.00)+0.35*scale(feature_total_ppr,80.00,260.00)","0.50*scale(feature_ppg_minus_cohort_expected,0.00,6.00)+0.30*scale(expected_finish_from_cohort-feature_finish,0.00,36.00)+0.20*scale(cohort_player_count,1.00,18.00)","0.20*scale(route_participation_season_avg,0.50,0.95)+0.20*scale(target_share_season_avg,0.10,0.32)+0.15*scale(air_yard_share_season_avg,0.08,0.38)+0.15*scale(routes_consistency_index,0.60,0.95)+0.15*scale(target_earning_index,0.12,0.45)+0.15*scale(opportunity_concentration_score,0.18,0.56)","0.50*scale(12.00-feature_finish,0.00,12.00)+0.25*scale(11.00-feature_games_played,0.00,11.00)+0.25*scale(0.14-feature_target_share,0.00,0.14)"
00-0028002,R.Cobb,2021,2022,WR,0.0000,63.5137,0.0000,24.7000,0.0000,0.0000,25.0000,11.2381,wr_signal_score_role_balanced_v1,"0.50*scale(feature_targets_per_game,4.00,10.00)+0.50*scale(feature_target_share,0.12,0.30)","0.55*scale(feature_ppg_per_target,0.80,2.50)+0.45*scale(feature_ppg,6.00,18.00)","0.40*scale(48.00-feature_finish,0.00,36.00)+0.60*scale(expected_ppg_baseline-feature_ppg,0.00,4.00)","0.65*scale(feature_games_played,8.00,17.00)+0.35*scale(feature_total_ppr,80.00,260.00)","0.50*scale(feature_ppg_minus_cohort_expected,0.00,6.00)+0.30*scale(expected_finish_from_cohort-feature_finish,0.00,36.00)+0.20*scale(cohort_player_count,1.00,18.00)","0.20*scale(route_participation_season_avg,0.50,0.95)+0.20*scale(target_share_season_avg,0.10,0.32)+0.15*scale(air_yard_share_season_avg,0.08,0.38)+0.15*scale(routes_consistency_index,0.60,0.95)+0.15*scale(target_earning_index,0.12,0.45)+0.15*scale(opportunity_concentration_score,0.18,0.56)","0.50*scale(12.00-feature_finish,0.00,12.00)+0.25*scale(11.00-feature_games_played,0.00,11.00)+0.25*scale(0.14-feature_target_share,0.00,0.14)"
00-0033891,Z.Jones,2021,2022,WR,5.5559,27.0376,0.0000,55.5917,0.0000,0.0000,25.0000,11.1160,wr_signal_score_role_balanced_v1,"0.50*scale(feature_targets_per_game,4.00,10.00)+0.50*scale(feature_target_share,0.12,0.30)","0.55*scale(feature_ppg_per_target,0.80,2.50)+0.45*scale(feature_ppg,6.00,18.00)","0.40*scale(48.00-feature_finish,0.00,36.00)+0.60*scale(expected_ppg_baseline-feature_ppg,0.00,4.00)","0.65*scale(feature_games_played,8.00,17.00)+0.35*scale(feature_total_ppr,80.00,260.00)","0.50*scale(feature_ppg_minus_cohort_expected,0.00,6.00)+0.30*scale(expected_finish_from_cohort-feature_finish,0.00,36.00)+0.20*scale(cohort_player_count,1.00,18.00)","0.20*scale(route_participation_season_avg,0.50,0.95)+0.20*scale(target_share_season_avg,0.10,0.32)+0.15*scale(air_yard_share_season_avg,0.08,0.38)+0.15*scale(routes_consistency_index,0.60,0.95)+0.15*scale(target_earning_index,0.12,0.45)+0.15*scale(opportunity_concentration_score,0.18,0.56)","0.50*scale(12.00-feature_finish,0.00,12.00)+0.25*scale(11.00-feature_games_played,0.00,11.00)+0.25*scale(0.14-feature_target_share,0.00,0.14)"
00-0026189,D.Jackson,2021,2022,WR,0.0000,46.2448,0.0000,43.3334,0.0000,0.0000,25.0000,11.0701,wr_signal_score_role_balanced_v1,"0.50*scale(feature_targets_per_game,4.00,10.00)+0.50*scale(feature_target_share,0.12,0.30)","0.55*scale(feature_ppg_per_target,0.80,2.50)+0.45*scale(feature_ppg,6.00,18.00)","0.40*scale(48.00-feature_finish,0.00,36.00)+0.60*scale(expected_ppg_baseline-feature_ppg,0.00,4.00)","0.65*scale(feature_games_played,8.00,17.00)+0.35*scale(feature_total_ppr,80.00,260.00)","0.50*scale(feature_ppg_minus_cohort_expected,0.00,6.00)+0.30*scale(expected_finish_from_cohort-feature_finish,0.00,36.00)+0.20*scale(cohort_player_count,1.00,18.00)","0.20*scale(route_participation_season_avg,0.50,0.95)+0.20*scale(target_share_season_avg,0.10,0.32)+0.15*scale(air_yard_share_season_avg,0.08,0.38)+0.15*scale(routes_consistency_index,0.60,0.95)+0.15*scale(target_earning_index,0.12,0.45)+0.15*scale(opportunity_concentration_score,0.18,0.56)","0.50*scale(12.00-feature_finish,0.00,12.00)+0.25*scale(11.00-feature_games_played,0.00,11.00)+0.25*scale(0.14-feature_target_share,0.00,0.14)"
00-0031763,D.Carter,2021,2022,WR,0.0000,37.7213,0.0000,51.8195,0.0000,0.0000,25.0000,10.8947,wr_signal_score_role_balanced_v1,"0.50*scale(feature_targets_per_game,4.00,10.00)+0.50*scale(feature_target_share,0.12,0.30)","0.55*scale(feature_ppg_per_target,0.80,2.50)+0.45*scale(feature_ppg,6.00,18.00)","0.40*scale(48.00-feature_finish,0.00,36.00)+0.60*scale(expected_ppg_baseline-feature_ppg,0.00,4.00)","0.65*scale(feature_games_played,8.00,17.00)+0.35*scale(feature_total_ppr,80.00,260.00)","0.50*scale(feature_ppg_minus_cohort_expected,0.00,6.00)+0.30*scale(expected_finish_from_cohort-feature_finish,0.00,36.00)+0.20*scale(cohort_player_count,1.00,18.00)","0.20*scale(route_participation_season_avg,0.50,0.95)+0.20*scale(target_share_season_avg,0.10,0.32)+0.15*scale(air_yard_share_season_avg,0.08,0.38)+0.15*scale(routes_consistency_index,0.60,0.95)+0.15*scale(target_earning_index,0.12,0.45)+0.15*scale(opportunity_concentration_score,0.18,0.56)","0.50*scale(12.00-feature_finish,0.00,12.00)+0.25*scale(11.00-feature_games_played,0.00,11.00)+0.25*scale(0.14-feature_target_share,0.00,0.14)"
00-0034764,M.Gallup,2021,2022,WR,24.0741,37.4894,0.0000,9.4583,0.0000,0.0000,29.5454,10.8580,wr_signal_score_role_balanced_v1,"0.50*scale(feature_targets_per_game,4.00,10.00)+0.50*scale(feature_target_share,0.12,0.30)","0.55*scale(feature_ppg_per_target,0.80,2.50)+0.45*scale(feature_ppg,6.00,18.00)","0.40*scale(48.00-feature_finish,0.00,36.00)+0.60*scale(expected_ppg_baseline-feature_ppg,0.00,4.00)","0.65*scale(feature_games_played,8.00,17.00)+0.35*scale(feature_total_ppr,80.00,260.00)","0.50*scale(feature_ppg_minus_cohort_expected,0.00,6.00)+0.30*scale(expected_finish_from_cohort-feature_finish,0.00,36.00)+0.20*scale(cohort_player_count,1.00,18.00)","0.20*scale(route_participation_season_avg,0.50,0.95)+0.20*scale(target_share_season_avg,0.10,0.32)+0.15*scale(air_yard_share_season_avg,0.08,0.38)+0.15*scale(routes_consistency_index,0.60,0.95)+0.15*scale(target_earning_index,0.12,0.45)+0.15*scale(opportunity_concentration_score,0.18,0.56)","0.50*scale(12.00-feature_finish,0.00,12.00)+0.25*scale(11.00-feature_games_played,0.00,11.00)+0.25*scale(0.14-feature_target_share,0.00,0.14)"
00-0030068,M.Goodwin,2021,2022,WR,0.0000,20.3831,0.0000,43.3334,20.0000,0.0000,25.0000,10.7908,wr_signal_score_role_balanced_v1,"0.50*scale(feature_targets_per_game,4.00,10.00)+0.50*scale(feature_target_share,0.12,0.30)","0.55*scale(feature_ppg_per_target,0.80,2.50)+0.45*scale(feature_ppg,6.00,18.00)","0.40*scale(48.00-feature_finish,0.00,36.00)+0.60*scale(expected_ppg_baseline-feature_ppg,0.00,4.00)","0.65*scale(feature_games_played,8.00,17.00)+0.35*scale(feature_total_ppr,80.00,260.00)","0.50*scale(feature_ppg_minus_cohort_expected,0.00,6.00)+0.30*scale(expected_finish_from_cohort-feature_finish,0.00,36.00)+0.20*scale(cohort_player_count,1.00,18.00)","0.20*scale(route_participation_season_avg,0.50,0.95)+0.20*scale(target_share_season_avg,0.10,0.32)+0.15*scale(air_yard_share_season_avg,0.08,0.38)+0.15*scale(routes_consistency_index,0.60,0.95)+0.15*scale(target_earning_index,0.12,0.45)+0.15*scale(opportunity_concentration_score,0.18,0.56)","0.50*scale(12.00-feature_finish,0.00,12.00)+0.25*scale(11.00-feature_games_played,0.00,11.00)+0.25*scale(0.14-feature_target_share,0.00,0.14)"
00-0034867,M.Turner,2021,2022,WR,0.0000,56.5536,0.0000,0.0000,23.7332,0.0000,34.0909,10.7096,wr_signal_score_role_balanced_v1,"0.50*scale(feature_targets_per_game,4.00,10.00)+0.50*scale(feature_target_share,0.12,0.30)","0.55*scale(feature_ppg_per_target,0.80,2.50)+0.45*scale(feature_ppg,6.00,18.00)","0.40*scale(48.00-feature_finish,0.00,36.00)+0.60*scale(expected_ppg_baseline-feature_ppg,0.00,4.00)","0.65*scale(feature_games_played,8.00,17.00)+0.35*scale(feature_total_ppr,80.00,260.00)","0.50*scale(feature_ppg_minus_cohort_expected,0.00,6.00)+0.30*scale(expected_finish_from_cohort-feature_finish,0.00,36.00)+0.20*scale(cohort_player_count,1.00,18.00)","0.20*scale(route_participation_season_avg,0.50,0.95)+0.20*scale(target_share_season_avg,0.10,0.32)+0.15*scale(air_yard_share_season_avg,0.08,0.38)+0.15*scale(routes_consistency_index,0.60,0.95)+0.15*scale(target_earning_index,0.12,0.45)+0.15*scale(opportunity_concentration_score,0.18,0.56)","0.50*scale(12.00-feature_finish,0.00,12.00)+0.25*scale(11.00-feature_games_played,0.00,11.00)+0.25*scale(0.14-feature_target_share,0.00,0.14)"
00-0031549,N.Agholor,2021,2022,WR,4.7617,31.5846,0.0000,47.8834,0.0000,0.0000,25.0000,10.6053,wr_signal_score_role_balanced_v1,"0.50*scale(feature_targets_per_game,4.00,10.00)+0.50*scale(feature_target_share,0.12,0.30)","0.55*scale(feature_ppg_per_target,0.80,2.50)+0.45*scale(feature_ppg,6.00,18.00)","0.40*scale(48.00-feature_finish,0.00,36.00)+0.60*scale(expected_ppg_baseline-feature_ppg,0.00,4.00)","0.65*scale(feature_games_played,8.00,17.00)+0.35*scale(feature_total_ppr,80.00,260.00)","0.50*scale(feature_ppg_minus_cohort_expected,0.00,6.00)+0.30*scale(expected_finish_from_cohort-feature_finish,0.00,36.00)+0.20*scale(cohort_player_count,1.00,18.00)","0.20*scale(route_participation_season_avg,0.50,0.95)+0.20*scale(target_share_season_avg,0.10,0.32)+0.15*scale(air_yard_share_season_avg,0.08,0.38)+0.15*scale(routes_consistency_index,0.60,0.95)+0.15*scale(target_earning_index,0.12,0.45)+0.15*scale(opportunity_concentration_score,0.18,0.56)","0.50*scale(12.00-feature_finish,0.00,12.00)+0.25*scale(11.00-feature_games_played,0.00,11.00)+0.25*scale(0.14-feature_target_share,0.00,0.14)"
00-0035021,A.Dulin,2021,2022,WR,0.0000,41.0306,0.0000,43.3334,0.0000,0.0000,25.0000,10.2879,wr_signal_score_role_balanced_v1,"0.50*scale(feature_targets_per_game,4.00,10.00)+0.50*scale(feature_target_share,0.12,0.30)","0.55*scale(feature_ppg_per_target,0.80,2.50)+0.45*scale(feature_ppg,6.00,18.00)","0.40*scale(48.00-feature_finish,0.00,36.00)+0.60*scale(expected_ppg_baseline-feature_ppg,0.00,4.00)","0.65*scale(feature_games_played,8.00,17.00)+0.35*scale(feature_total_ppr,80.00,260.00)","0.50*scale(feature_ppg_minus_cohort_expected,0.00,6.00)+0.30*scale(expected_finish_from_cohort-feature_finish,0.00,36.00)+0.20*scale(cohort_player_count,1.00,18.00)","0.20*scale(route_participation_season_avg,0.50,0.95)+0.20*scale(target_share_season_avg,0.10,0.32)+0.15*scale(air_yard_share_season_avg,0.08,0.38)+0.15*scale(routes_consistency_index,0.60,0.95)+0.15*scale(target_earning_index,0.12,0.45)+0.15*scale(opportunity_concentration_score,0.18,0.56)","0.50*scale(12.00-feature_finish,0.00,12.00)+0.25*scale(11.00-feature_games_played,0.00,11.00)+0.25*scale(0.14-feature_target_share,0.00,0.14)"
00-0033251,Z.Pascal,2021,2022,WR,2.6042,18.4271,0.0000,60.5972,0.0000,0.0000,25.0000,9.7667,wr_signal_score_role_balanced_v1,"0.50*scale(feature_targets_per_game,4.00,10.00)+0.50*scale(feature_target_share,0.12,0.30)","0.55*scale(feature_ppg_per_target,0.80,2.50)+0.45*scale(feature_ppg,6.00,18.00)","0.40*scale(48.00-feature_finish,0.00,36.00)+0.60*scale(expected_ppg_baseline-feature_ppg,0.00,4.00)","0.65*scale(feature_games_played,8.00,17.00)+0.35*scale(feature_total_ppr,80.00,260.00)","0.50*scale(feature_ppg_minus_cohort_expected,0.00,6.00)+0.30*scale(expected_finish_from_cohort-feature_finish,0.00,36.00)+0.20*scale(cohort_player_count,1.00,18.00)","0.20*scale(route_participation_season_avg,0.50,0.95)+0.20*scale(target_share_season_avg,0.10,0.32)+0.15*scale(air_yard_share_season_avg,0.08,0.38)+0.15*scale(routes_consistency_index,0.60,0.95)+0.15*scale(target_earning_index,0.12,0.45)+0.15*scale(opportunity_concentration_score,0.18,0.56)","0.50*scale(12.00-feature_finish,0.00,12.00)+0.25*scale(11.00-feature_games_played,0.00,11.00)+0.25*scale(0.14-feature_target_share,0.00,0.14)"
00-0033555,M.Hollins,2021,2022,WR,0.0000,43.7935,0.0000,36.1111,0.0000,0.0000,25.0000,9.7635,wr_signal_score_role_balanced_v1,"0.50*scale(feature_targets_per_game,4.00,10.00)+0.50*scale(feature_target_share,0.12,0.30)","0.55*scale(feature_ppg_per_target,0.80,2.50)+0.45*scale(feature_ppg,6.00,18.00)","0.40*scale(48.00-feature_finish,0.00,36.00)+0.60*scale(expected_ppg_baseline-feature_ppg,0.00,4.00)","0.65*scale(feature_games_played,8.00,17.00)+0.35*scale(feature_total_ppr,80.00,260.00)","0.50*scale(feature_ppg_minus_cohort_expected,0.00,6.00)+0.30*scale(expected_finish_from_cohort-feature_finish,0.00,36.00)+0.20*scale(cohort_player_count,1.00,18.00)","0.20*scale(route_participation_season_avg,0.50,0.95)+0.20*scale(target_share_season_avg,0.10,0.32)+0.15*scale(air_yard_share_season_avg,0.08,0.38)+0.15*scale(routes_consistency_index,0.60,0.95)+0.15*scale(target_earning_index,0.12,0.45)+0.15*scale(opportunity_concentration_score,0.18,0.56)","0.50*scale(12.00-feature_finish,0.00,12.00)+0.25*scale(11.00-feature_games_played,0.00,11.00)+0.25*scale(0.14-feature_target_share,0.00,0.14)"
00-0036387,J.Reagor,2021,2022,WR,0.0000,18.4474,0.0000,65.0000,0.0000,0.0000,25.0000,9.7171,wr_signal_score_role_balanced_v1,"0.50*scale(feature_targets_per_game,4.00,10.00)+0.50*scale(feature_target_share,0.12,0.30)","0.55*scale(feature_ppg_per_target,0.80,2.50)+0.45*scale(feature_ppg,6.00,18.00)","0.40*scale(48.00-feature_finish,0.00,36.00)+0.60*scale(expected_ppg_baseline-feature_ppg,0.00,4.00)","0.65*scale(feature_games_played,8.00,17.00)+0.35*scale(feature_total_ppr,80.00,260.00)","0.50*scale(feature_ppg_minus_cohort_expected,0.00,6.00)+0.30*scale(expected_finish_from_cohort-feature_finish,0.00,36.00)+0.20*scale(cohort_player_count,1.00,18.00)","0.20*scale(route_participation_season_avg,0.50,0.95)+0.20*scale(target_share_season_avg,0.10,0.32)+0.15*scale(air_yard_share_season_avg,0.08,0.38)+0.15*scale(routes_consistency_index,0.60,0.95)+0.15*scale(target_earning_index,0.12,0.45)+0.15*scale(opportunity_concentration_score,0.18,0.56)","0.50*scale(12.00-feature_finish,0.00,12.00)+0.25*scale(11.00-feature_games_played,0.00,11.00)+0.25*scale(0.14-feature_target_share,0.00,0.14)"
00-0035208,O.Zaccheaus,2021,2022,WR,0.0000,28.9351,0.0000,52.4611,0.0000,0.0000,25.0000,9.6602,wr_signal_score_role_balanced_v1,"0.50*scale(feature_targets_per_game,4.00,10.00)+0.50*scale(feature_target_share,0.12,0.30)","0.55*scale(feature_ppg_per_target,0.80,2.50)+0.45*scale(feature_ppg,6.00,18.00)","0.40*scale(48.00-feature_finish,0.00,36.00)+0.60*scale(expected_ppg_baseline-feature_ppg,0.00,4.00)","0.65*scale(feature_games_played,8.00,17.00)+0.35*scale(feature_total_ppr,80.00,260.00)","0.50*scale(feature_ppg_minus_cohort_expected,0.00,6.00)+0.30*scale(expected_finish_from_cohort-feature_finish,0.00,36.00)+0.20*scale(cohort_player_count,1.00,18.00)","0.20*scale(route_participation_season_avg,0.50,0.95)+0.20*scale(target_share_season_avg,0.10,0.32)+0.15*scale(air_yard_share_season_avg,0.08,0.38)+0.15*scale(routes_consistency_index,0.60,0.95)+0.15*scale(target_earning_index,0.12,0.45)+0.15*scale(opportunity_concentration_score,0.18,0.56)","0.50*scale(12.00-feature_finish,0.00,12.00)+0.25*scale(11.00-feature_games_played,0.00,11.00)+0.25*scale(0.14-feature_target_share,0.00,0.14)"
00-0035126,A.Wesley,2021,2022,WR,0.0000,37.1489,0.0000,0.0000,32.8998,0.0000,31.8182,9.5852,wr_signal_score_role_balanced_v1,"0.50*scale(feature_targets_per_game,4.00,10.00)+0.50*scale(feature_target_share,0.12,0.30)","0.55*scale(feature_ppg_per_target,0.80,2.50)+0.45*scale(feature_ppg,6.00,18.00)","0.40*scale(48.00-feature_finish,0.00,36.00)+0.60*scale(expected_ppg_baseline-feature_ppg,0.00,4.00)","0.65*scale(feature_games_played,8.00,17.00)+0.35*scale(feature_total_ppr,80.00,260.00)","0.50*scale(feature_ppg_minus_cohort_expected,0.00,6.00)+0.30*scale(expected_finish_from_cohort-feature_finish,0.00,36.00)+0.20*scale(cohort_player_count,1.00,18.00)","0.20*scale(route_participation_season_avg,0.50,0.95)+0.20*scale(target_share_season_avg,0.10,0.32)+0.15*scale(air_yard_share_season_avg,0.08,0.38)+0.15*scale(routes_consistency_index,0.60,0.95)+0.15*scale(target_earning_index,0.12,0.45)+0.15*scale(opportunity_concentration_score,0.18,0.56)","0.50*scale(12.00-feature_finish,0.00,12.00)+0.25*scale(11.00-feature_games_played,0.00,11.00)+0.25*scale(0.14-feature_target_share,0.00,0.14)"
00-0036228,D.Patmon,2021,2022,WR,0.0000,55.0000,0.0000,0.0000,20.0000,0.0000,40.9091,9.3955,wr_signal_score_role_balanced_v1,"0.50*scale(feature_targets_per_game,4.00,10.00)+0.50*scale(feature_target_share,0.12,0.30)","0.55*scale(feature_ppg_per_target,0.80,2.50)+0.45*scale(feature_ppg,6.00,18.00)","0.40*scale(48.00-feature_finish,0.00,36.00)+0.60*scale(expected_ppg_baseline-feature_ppg,0.00,4.00)","0.65*scale(feature_games_played,8.00,17.00)+0.35*scale(feature_total_ppr,80.00,260.00)","0.50*scale(feature_ppg_minus_cohort_expected,0.00,6.00)+0.30*scale(expected_finish_from_cohort-feature_finish,0.00,36.00)+0.20*scale(cohort_player_count,1.00,18.00)","0.20*scale(route_participation_season_avg,0.50,0.95)+0.20*scale(target_share_season_avg,0.10,0.32)+0.15*scale(air_yard_share_season_avg,0.08,0.38)+0.15*scale(routes_consistency_index,0.60,0.95)+0.15*scale(target_earning_index,0.12,0.45)+0.15*scale(opportunity_concentration_score,0.18,0.56)","0.50*scale(12.00-feature_finish,0.00,12.00)+0.25*scale(11.00-feature_games_played,0.00,11.00)+0.25*scale(0.14-feature_target_share,0.00,0.14)"
00-0032009,A.Humphries,2021,2022,WR,0.0000,15.4976,0.0000,65.0000,0.0000,0.0000,25.0000,9.2746,wr_signal_score_role_balanced_v1,"0.50*scale(feature_targets_per_game,4.00,10.00)+0.50*scale(feature_target_share,0.12,0.30)","0.55*scale(feature_ppg_per_target,0.80,2.50)+0.45*scale(feature_ppg,6.00,18.00)","0.40*scale(48.00-feature_finish,0.00,36.00)+0.60*scale(expected_ppg_baseline-feature_ppg,0.00,4.00)","0.65*scale(feature_games_played,8.00,17.00)+0.35*scale(feature_total_ppr,80.00,260.00)","0.50*scale(feature_ppg_minus_cohort_expected,0.00,6.00)+0.30*scale(expected_finish_from_cohort-feature_finish,0.00,36.00)+0.20*scale(cohort_player_count,1.00,18.00)","0.20*scale(route_participation_season_avg,0.50,0.95)+0.20*scale(target_share_season_avg,0.10,0.32)+0.15*scale(air_yard_share_season_avg,0.08,0.38)+0.15*scale(routes_consistency_index,0.60,0.95)+0.15*scale(target_earning_index,0.12,0.45)+0.15*scale(opportunity_concentration_score,0.18,0.56)","0.50*scale(12.00-feature_finish,0.00,12.00)+0.25*scale(11.00-feature_games_played,0.00,11.00)+0.25*scale(0.14-feature_target_share,0.00,0.14)"
00-0033932,K.Golladay,2021,2022,WR,11.9050,13.4131,0.0000,45.1028,0.0000,0.0000,25.0000,9.2325,wr_signal_score_role_balanced_v1,"0.50*scale(feature_targets_per_game,4.00,10.00)+0.50*scale(feature_target_share,0.12,0.30)","0.55*scale(feature_ppg_per_target,0.80,2.50)+0.45*scale(feature_ppg,6.00,18.00)","0.40*scale(48.00-feature_finish,0.00,36.00)+0.60*scale(expected_ppg_baseline-feature_ppg,0.00,4.00)","0.65*scale(feature_games_played,8.00,17.00)+0.35*scale(feature_total_ppr,80.00,260.00)","0.50*scale(feature_ppg_minus_cohort_expected,0.00,6.00)+0.30*scale(expected_finish_from_cohort-feature_finish,0.00,36.00)+0.20*scale(cohort_player_count,1.00,18.00)","0.20*scale(route_participation_season_avg,0.50,0.95)+0.20*scale(target_share_season_avg,0.10,0.32)+0.15*scale(air_yard_share_season_avg,0.08,0.38)+0.15*scale(routes_consistency_index,0.60,0.95)+0.15*scale(target_earning_index,0.12,0.45)+0.15*scale(opportunity_concentration_score,0.18,0.56)","0.50*scale(12.00-feature_finish,0.00,12.00)+0.25*scale(11.00-feature_games_played,0.00,11.00)+0.25*scale(0.14-feature_target_share,0.00,0.14)"
00-0036331,D.Duvernay,2021,2022,WR,0.0000,27.2597,0.0000,50.5556,0.0000,0.0000,25.0000,9.1612,wr_signal_score_role_balanced_v1,"0.50*scale(feature_targets_per_game,4.00,10.00)+0.50*scale(feature_target_share,0.12,0.30)","0.55*scale(feature_ppg_per_target,0.80,2.50)+0.45*scale(feature_ppg,6.00,18.00)","0.40*scale(48.00-feature_finish,0.00,36.00)+0.60*scale(expected_ppg_baseline-feature_ppg,0.00,4.00)","0.65*scale(feature_games_played,8.00,17.00)+0.35*scale(feature_total_ppr,80.00,260.00)","0.50*scale(feature_ppg_minus_cohort_expected,0.00,6.00)+0.30*scale(expected_finish_from_cohort-feature_finish,0.00,36.00)+0.20*scale(cohort_player_count,1.00,18.00)","0.20*scale(route_participation_season_avg,0.50,0.95)+0.20*scale(target_share_season_avg,0.10,0.32)+0.15*scale(air_yard_share_season_avg,0.08,0.38)+0.15*scale(routes_consistency_index,0.60,0.95)+0.15*scale(target_earning_index,0.12,0.45)+0.15*scale(opportunity_concentration_score,0.18,0.56)","0.50*scale(12.00-feature_finish,0.00,12.00)+0.25*scale(11.00-feature_games_played,0.00,11.00)+0.25*scale(0.14-feature_target_share,0.00,0.14)"
00-0036999,A.Schwartz,2021,2022,WR,0.0000,21.0989,0.0000,28.8889,20.0000,0.0000,25.0000,9.0204,wr_signal_score_role_balanced_v1,"0.50*scale(feature_targets_per_game,4.00,10.00)+0.50*scale(feature_target_share,0.12,0.30)","0.55*scale(feature_ppg_per_target,0.80,2.50)+0.45*scale(feature_ppg,6.00,18.00)","0.40*scale(48.00-feature_finish,0.00,36.00)+0.60*scale(expected_ppg_baseline-feature_ppg,0.00,4.00)","0.65*scale(feature_games_played,8.00,17.00)+0.35*scale(feature_total_ppr,80.00,260.00)","0.50*scale(feature_ppg_minus_cohort_expected,0.00,6.00)+0.30*scale(expected_finish_from_cohort-feature_finish,0.00,36.00)+0.20*scale(cohort_player_count,1.00,18.00)","0.20*scale(route_participation_season_avg,0.50,0.95)+0.20*scale(target_share_season_avg,0.10,0.32)+0.15*scale(air_yard_share_season_avg,0.08,0.38)+0.15*scale(routes_consistency_index,0.60,0.95)+0.15*scale(target_earning_index,0.12,0.45)+0.15*scale(opportunity_concentration_score,0.18,0.56)","0.50*scale(12.00-feature_finish,0.00,12.00)+0.25*scale(11.00-feature_games_played,0.00,11.00)+0.25*scale(0.14-feature_target_share,0.00,0.14)"
00-0036657,S.Williams,2021,2022,WR,0.0000,55.0000,0.0000,0.0000,20.0000,0.0000,47.7273,8.9864,wr_signal_score_role_balanced_v1,"0.50*scale(feature_targets_per_game,4.00,10.00)+0.50*scale(feature_target_share,0.12,0.30)","0.55*scale(feature_ppg_per_target,0.80,2.50)+0.45*scale(feature_ppg,6.00,18.00)","0.40*scale(48.00-feature_finish,0.00,36.00)+0.60*scale(expected_ppg_baseline-feature_ppg,0.00,4.00)","0.65*scale(feature_games_played,8.00,17.00)+0.35*scale(feature_total_ppr,80.00,260.00)","0.50*scale(feature_ppg_minus_cohort_expected,0.00,6.00)+0.30*scale(expected_finish_from_cohort-feature_finish,0.00,36.00)+0.20*scale(cohort_player_count,1.00,18.00)","0.20*scale(route_participation_season_avg,0.50,0.95)+0.20*scale(target_share_season_avg,0.10,0.32)+0.15*scale(air_yard_share_season_avg,0.08,0.38)+0.15*scale(routes_consistency_index,0.60,0.95)+0.15*scale(target_earning_index,0.12,0.45)+0.15*scale(opportunity_concentration_score,0.18,0.56)","0.50*scale(12.00-feature_finish,0.00,12.00)+0.25*scale(11.00-feature_games_played,0.00,11.00)+0.25*scale(0.14-feature_target_share,0.00,0.14)"
00-0032128,C.Conley,2021,2022,WR,0.0000,30.6032,0.0000,43.3334,0.0000,0.0000,25.0000,8.7238,wr_signal_score_role_balanced_v1,"0.50*scale(feature_targets_per_game,4.00,10.00)+0.50*scale(feature_target_share,0.12,0.30)","0.55*scale(feature_ppg_per_target,0.80,2.50)+0.45*scale(feature_ppg,6.00,18.00)","0.40*scale(48.00-feature_finish,0.00,36.00)+0.60*scale(expected_ppg_baseline-feature_ppg,0.00,4.00)","0.65*scale(feature_games_played,8.00,17.00)+0.35*scale(feature_total_ppr,80.00,260.00)","0.50*scale(feature_ppg_minus_cohort_expected,0.00,6.00)+0.30*scale(expected_finish_from_cohort-feature_finish,0.00,36.00)+0.20*scale(cohort_player_count,1.00,18.00)","0.20*scale(route_participation_season_avg,0.50,0.95)+0.20*scale(target_share_season_avg,0.10,0.32)+0.15*scale(air_yard_share_season_avg,0.08,0.38)+0.15*scale(routes_consistency_index,0.60,0.95)+0.15*scale(target_earning_index,0.12,0.45)+0.15*scale(opportunity_concentration_score,0.18,0.56)","0.50*scale(12.00-feature_finish,0.00,12.00)+0.25*scale(11.00-feature_games_played,0.00,11.00)+0.25*scale(0.14-feature_target_share,0.00,0.14)"
00-0031428,A.Robinson,2021,2022,WR,12.5000,21.4522,0.0000,30.2500,0.0000,0.0000,25.0000,8.6503,wr_signal_score_role_balanced_v1,"0.50*scale(feature_targets_per_game,4.00,10.00)+0.50*scale(feature_target_share,0.12,0.30)","0.55*scale(feature_ppg_per_target,0.80,2.50)+0.45*scale(feature_ppg,6.00,18.00)","0.40*scale(48.00-feature_finish,0.00,36.00)+0.60*scale(expected_ppg_baseline-feature_ppg,0.00,4.00)","0.65*scale(feature_games_played,8.00,17.00)+0.35*scale(feature_total_ppr,80.00,260.00)","0.50*scale(feature_ppg_minus_cohort_expected,0.00,6.00)+0.30*scale(expected_finish_from_cohort-feature_finish,0.00,36.00)+0.20*scale(cohort_player_count,1.00,18.00)","0.20*scale(route_participation_season_avg,0.50,0.95)+0.20*scale(target_share_season_avg,0.10,0.32)+0.15*scale(air_yard_share_season_avg,0.08,0.38)+0.15*scale(routes_consistency_index,0.60,0.95)+0.15*scale(target_earning_index,0.12,0.45)+0.15*scale(opportunity_concentration_score,0.18,0.56)","0.50*scale(12.00-feature_finish,0.00,12.00)+0.25*scale(11.00-feature_games_played,0.00,11.00)+0.25*scale(0.14-feature_target_share,0.00,0.14)"
00-0034765,T.Smith,2021,2022,WR,8.3333,41.2522,0.0000,15.9417,0.0000,0.0000,27.2727,8.6239,wr_signal_score_role_balanced_v1,"0.50*scale(feature_targets_per_game,4.00,10.00)+0.50*scale(feature_target_share,0.12,0.30)","0.55*scale(feature_ppg_per_target,0.80,2.50)+0.45*scale(feature_ppg,6.00,18.00)","0.40*scale(48.00-feature_finish,0.00,36.00)+0.60*scale(expected_ppg_baseline-feature_ppg,0.00,4.00)","0.65*scale(feature_games_played,8.00,17.00)+0.35*scale(feature_total_ppr,80.00,260.00)","0.50*scale(feature_ppg_minus_cohort_expected,0.00,6.00)+0.30*scale(expected_finish_from_cohort-feature_finish,0.00,36.00)+0.20*scale(cohort_player_count,1.00,18.00)","0.20*scale(route_participation_season_avg,0.50,0.95)+0.20*scale(target_share_season_avg,0.10,0.32)+0.15*scale(air_yard_share_season_avg,0.08,0.38)+0.15*scale(routes_consistency_index,0.60,0.95)+0.15*scale(target_earning_index,0.12,0.45)+0.15*scale(opportunity_concentration_score,0.18,0.56)","0.50*scale(12.00-feature_finish,0.00,12.00)+0.25*scale(11.00-feature_games_played,0.00,11.00)+0.25*scale(0.14-feature_target_share,0.00,0.14)"
00-0032775,D.Robinson,2021,2022,WR,0.0000,28.8804,0.0000,43.3334,0.0000,0.0000,25.0000,8.4654,wr_signal_score_role_balanced_v1,"0.50*scale(feature_targets_per_game,4.00,10.00)+0.50*scale(feature_target_share,0.12,0.30)","0.55*scale(feature_ppg_per_target,0.80,2.50)+0.45*scale(feature_ppg,6.00,18.00)","0.40*scale(48.00-feature_finish,0.00,36.00)+0.60*scale(expected_ppg_baseline-feature_ppg,0.00,4.00)","0.65*scale(feature_games_played,8.00,17.00)+0.35*scale(feature_total_ppr,80.00,260.00)","0.50*scale(feature_ppg_minus_cohort_expected,0.00,6.00)+0.30*scale(expected_finish_from_cohort-feature_finish,0.00,36.00)+0.20*scale(cohort_player_count,1.00,18.00)","0.20*scale(route_participation_season_avg,0.50,0.95)+0.20*scale(target_share_season_avg,0.10,0.32)+0.15*scale(air_yard_share_season_avg,0.08,0.38)+0.15*scale(routes_consistency_index,0.60,0.95)+0.15*scale(target_earning_index,0.12,0.45)+0.15*scale(opportunity_concentration_score,0.18,0.56)","0.50*scale(12.00-feature_finish,0.00,12.00)+0.25*scale(11.00-feature_games_played,0.00,11.00)+0.25*scale(0.14-feature_target_share,0.00,0.14)"
00-0036407,J.Jeudy,2021,2022,WR,13.3333,32.5998,0.0000,15.4167,0.0000,0.0000,27.2727,8.4578,wr_signal_score_role_balanced_v1,"0.50*scale(feature_targets_per_game,4.00,10.00)+0.50*scale(feature_target_share,0.12,0.30)","0.55*scale(feature_ppg_per_target,0.80,2.50)+0.45*scale(feature_ppg,6.00,18.00)","0.40*scale(48.00-feature_finish,0.00,36.00)+0.60*scale(expected_ppg_baseline-feature_ppg,0.00,4.00)","0.65*scale(feature_games_played,8.00,17.00)+0.35*scale(feature_total_ppr,80.00,260.00)","0.50*scale(feature_ppg_minus_cohort_expected,0.00,6.00)+0.30*scale(expected_finish_from_cohort-feature_finish,0.00,36.00)+0.20*scale(cohort_player_count,1.00,18.00)","0.20*scale(route_participation_season_avg,0.50,0.95)+0.20*scale(target_share_season_avg,0.10,0.32)+0.15*scale(air_yard_share_season_avg,0.08,0.38)+0.15*scale(routes_consistency_index,0.60,0.95)+0.15*scale(target_earning_index,0.12,0.45)+0.15*scale(opportunity_concentration_score,0.18,0.56)","0.50*scale(12.00-feature_finish,0.00,12.00)+0.25*scale(11.00-feature_games_played,0.00,11.00)+0.25*scale(0.14-feature_target_share,0.00,0.14)"
00-0034676,J.Washington,2021,2022,WR,0.0000,22.5006,0.0000,50.5556,0.0000,0.0000,25.0000,8.4473,wr_signal_score_role_balanced_v1,"0.50*scale(feature_targets_per_game,4.00,10.00)+0.50*scale(feature_target_share,0.12,0.30)","0.55*scale(feature_ppg_per_target,0.80,2.50)+0.45*scale(feature_ppg,6.00,18.00)","0.40*scale(48.00-feature_finish,0.00,36.00)+0.60*scale(expected_ppg_baseline-feature_ppg,0.00,4.00)","0.65*scale(feature_games_played,8.00,17.00)+0.35*scale(feature_total_ppr,80.00,260.00)","0.50*scale(feature_ppg_minus_cohort_expected,0.00,6.00)+0.30*scale(expected_finish_from_cohort-feature_finish,0.00,36.00)+0.20*scale(cohort_player_count,1.00,18.00)","0.20*scale(route_participation_season_avg,0.50,0.95)+0.20*scale(target_share_season_avg,0.10,0.32)+0.15*scale(air_yard_share_season_avg,0.08,0.38)+0.15*scale(routes_consistency_index,0.60,0.95)+0.15*scale(target_earning_index,0.12,0.45)+0.15*scale(opportunity_concentration_score,0.18,0.56)","0.50*scale(12.00-feature_finish,0.00,12.00)+0.25*scale(11.00-feature_games_played,0.00,11.00)+0.25*scale(0.14-feature_target_share,0.00,0.14)"
00-0034272,M.Valdes-Scantling,2021,2022,WR,8.3333,32.4533,0.0000,23.0278,0.0000,0.0000,25.0000,8.3616,wr_signal_score_role_balanced_v1,"0.50*scale(feature_targets_per_game,4.00,10.00)+0.50*scale(feature_target_share,0.12,0.30)","0.55*scale(feature_ppg_per_target,0.80,2.50)+0.45*scale(feature_ppg,6.00,18.00)","0.40*scale(48.00-feature_finish,0.00,36.00)+0.60*scale(expected_ppg_baseline-feature_ppg,0.00,4.00)","0.65*scale(feature_games_played,8.00,17.00)+0.35*scale(feature_total_ppr,80.00,260.00)","0.50*scale(feature_ppg_minus_cohort_expected,0.00,6.00)+0.30*scale(expected_finish_from_cohort-feature_finish,0.00,36.00)+0.20*scale(cohort_player_count,1.00,18.00)","0.20*scale(route_participation_season_avg,0.50,0.95)+0.20*scale(target_share_season_avg,0.10,0.32)+0.15*scale(air_yard_share_season_avg,0.08,0.38)+0.15*scale(routes_consistency_index,0.60,0.95)+0.15*scale(target_earning_index,0.12,0.45)+0.15*scale(opportunity_concentration_score,0.18,0.56)","0.50*scale(12.00-feature_finish,0.00,12.00)+0.25*scale(11.00-feature_games_played,0.00,11.00)+0.25*scale(0.14-feature_target_share,0.00,0.14)"
00-0035500,G.Dortch,2021,2022,WR,0.0000,48.5294,0.0000,0.0000,20.0000,0.0000,45.4545,8.1521,wr_signal_score_role_balanced_v1,"0.50*scale(feature_targets_per_game,4.00,10.00)+0.50*scale(feature_target_share,0.12,0.30)","0.55*scale(feature_ppg_per_target,0.80,2.50)+0.45*scale(feature_ppg,6.00,18.00)","0.40*scale(48.00-feature_finish,0.00,36.00)+0.60*scale(expected_ppg_baseline-feature_ppg,0.00,4.00)","0.65*scale(feature_games_played,8.00,17.00)+0.35*scale(feature_total_ppr,80.00,260.00)","0.50*scale(feature_ppg_minus_cohort_expected,0.00,6.00)+0.30*scale(expected_finish_from_cohort-feature_finish,0.00,36.00)+0.20*scale(cohort_player_count,1.00,18.00)","0.20*scale(route_participation_season_avg,0.50,0.95)+0.20*scale(target_share_season_avg,0.10,0.32)+0.15*scale(air_yard_share_season_avg,0.08,0.38)+0.15*scale(routes_consistency_index,0.60,0.95)+0.15*scale(target_earning_index,0.12,0.45)+0.15*scale(opportunity_concentration_score,0.18,0.56)","0.50*scale(12.00-feature_finish,0.00,12.00)+0.25*scale(11.00-feature_games_played,0.00,11.00)+0.25*scale(0.14-feature_target_share,0.00,0.14)"
00-0033572,J.Agnew,2021,2022,WR,2.7775,53.8089,0.0000,7.6111,0.0000,0.0000,29.5454,7.9547,wr_signal_score_role_balanced_v1,"0.50*scale(feature_targets_per_game,4.00,10.00)+0.50*scale(feature_target_share,0.12,0.30)","0.55*scale(feature_ppg_per_target,0.80,2.50)+0.45*scale(feature_ppg,6.00,18.00)","0.40*scale(48.00-feature_finish,0.00,36.00)+0.60*scale(expected_ppg_baseline-feature_ppg,0.00,4.00)","0.65*scale(feature_games_played,8.00,17.00)+0.35*scale(feature_total_ppr,80.00,260.00)","0.50*scale(feature_ppg_minus_cohort_expected,0.00,6.00)+0.30*scale(expected_finish_from_cohort-feature_finish,0.00,36.00)+0.20*scale(cohort_player_count,1.00,18.00)","0.20*scale(route_participation_season_avg,0.50,0.95)+0.20*scale(target_share_season_avg,0.10,0.32)+0.15*scale(air_yard_share_season_avg,0.08,0.38)+0.15*scale(routes_consistency_index,0.60,0.95)+0.15*scale(target_earning_index,0.12,0.45)+0.15*scale(opportunity_concentration_score,0.18,0.56)","0.50*scale(12.00-feature_finish,0.00,12.00)+0.25*scale(11.00-feature_games_played,0.00,11.00)+0.25*scale(0.14-feature_target_share,0.00,0.14)"
00-0033471,I.Ford,2021,2022,WR,0.0000,50.4325,0.0000,14.4444,0.0000,0.0000,27.2727,7.8063,wr_signal_score_role_balanced_v1,"0.50*scale(feature_targets_per_game,4.00,10.00)+0.50*scale(feature_target_share,0.12,0.30)","0.55*scale(feature_ppg_per_target,0.80,2.50)+0.45*scale(feature_ppg,6.00,18.00)","0.40*scale(48.00-feature_finish,0.00,36.00)+0.60*scale(expected_ppg_baseline-feature_ppg,0.00,4.00)","0.65*scale(feature_games_played,8.00,17.00)+0.35*scale(feature_total_ppr,80.00,260.00)","0.50*scale(feature_ppg_minus_cohort_expected,0.00,6.00)+0.30*scale(expected_finish_from_cohort-feature_finish,0.00,36.00)+0.20*scale(cohort_player_count,1.00,18.00)","0.20*scale(route_participation_season_avg,0.50,0.95)+0.20*scale(target_share_season_avg,0.10,0.32)+0.15*scale(air_yard_share_season_avg,0.08,0.38)+0.15*scale(routes_consistency_index,0.60,0.95)+0.15*scale(target_earning_index,0.12,0.45)+0.15*scale(opportunity_concentration_score,0.18,0.56)","0.50*scale(12.00-feature_finish,0.00,12.00)+0.25*scale(11.00-feature_games_played,0.00,11.00)+0.25*scale(0.14-feature_target_share,0.00,0.14)"
00-0033681,K.Cole,2021,2022,WR,0.0000,24.1690,0.0000,43.3334,0.0000,0.0000,25.0000,7.7587,wr_signal_score_role_balanced_v1,"0.50*scale(feature_targets_per_game,4.00,10.00)+0.50*scale(feature_target_share,0.12,0.30)","0.55*scale(feature_ppg_per_target,0.80,2.50)+0.45*scale(feature_ppg,6.00,18.00)","0.40*scale(48.00-feature_finish,0.00,36.00)+0.60*scale(expected_ppg_baseline-feature_ppg,0.00,4.00)","0.65*scale(feature_games_played,8.00,17.00)+0.35*scale(feature_total_ppr,80.00,260.00)","0.50*scale(feature_ppg_minus_cohort_expected,0.00,6.00)+0.30*scale(expected_finish_from_cohort-feature_finish,0.00,36.00)+0.20*scale(cohort_player_count,1.00,18.00)","0.20*scale(route_participation_season_avg,0.50,0.95)+0.20*scale(target_share_season_avg,0.10,0.32)+0.15*scale(air_yard_share_season_avg,0.08,0.38)+0.15*scale(routes_consistency_index,0.60,0.95)+0.15*scale(target_earning_index,0.12,0.45)+0.15*scale(opportunity_concentration_score,0.18,0.56)","0.50*scale(12.00-feature_finish,0.00,12.00)+0.25*scale(11.00-feature_games_played,0.00,11.00)+0.25*scale(0.14-feature_target_share,0.00,0.14)"
00-0036277,Q.Cephus,2021,2022,WR,3.3333,61.3147,0.0000,0.0000,0.0000,0.0000,38.6364,7.6790,wr_signal_score_role_balanced_v1,"0.50*scale(feature_targets_per_game,4.00,10.00)+0.50*scale(feature_target_share,0.12,0.30)","0.55*scale(feature_ppg_per_target,0.80,2.50)+0.45*scale(feature_ppg,6.00,18.00)","0.40*scale(48.00-feature_finish,0.00,36.00)+0.60*scale(expected_ppg_baseline-feature_ppg,0.00,4.00)","0.65*scale(feature_games_played,8.00,17.00)+0.35*scale(feature_total_ppr,80.00,260.00)","0.50*scale(feature_ppg_minus_cohort_expected,0.00,6.00)+0.30*scale(expected_finish_from_cohort-feature_finish,0.00,36.00)+0.20*scale(cohort_player_count,1.00,18.00)","0.20*scale(route_participation_season_avg,0.50,0.95)+0.20*scale(target_share_season_avg,0.10,0.32)+0.15*scale(air_yard_share_season_avg,0.08,0.38)+0.15*scale(routes_consistency_index,0.60,0.95)+0.15*scale(target_earning_index,0.12,0.45)+0.15*scale(opportunity_concentration_score,0.18,0.56)","0.50*scale(12.00-feature_finish,0.00,12.00)+0.25*scale(11.00-feature_games_played,0.00,11.00)+0.25*scale(0.14-feature_target_share,0.00,0.14)"
00-0033466,I.McKenzie,2021,2022,WR,0.0000,41.9354,0.0000,21.6666,0.0000,0.0000,25.0000,7.6070,wr_signal_score_role_balanced_v1,"0.50*scale(feature_targets_per_game,4.00,10.00)+0.50*scale(feature_target_share,0.12,0.30)","0.55*scale(feature_ppg_per_target,0.80,2.50)+0.45*scale(feature_ppg,6.00,18.00)","0.40*scale(48.00-feature_finish,0.00,36.00)+0.60*scale(expected_ppg_baseline-feature_ppg,0.00,4.00)","0.65*scale(feature_games_played,8.00,17.00)+0.35*scale(feature_total_ppr,80.00,260.00)","0.50*scale(feature_ppg_minus_cohort_expected,0.00,6.00)+0.30*scale(expected_finish_from_cohort-feature_finish,0.00,36.00)+0.20*scale(cohort_player_count,1.00,18.00)","0.20*scale(route_participation_season_avg,0.50,0.95)+0.20*scale(target_share_season_avg,0.10,0.32)+0.15*scale(air_yard_share_season_avg,0.08,0.38)+0.15*scale(routes_consistency_index,0.60,0.95)+0.15*scale(target_earning_index,0.12,0.45)+0.15*scale(opportunity_concentration_score,0.18,0.56)","0.50*scale(12.00-feature_finish,0.00,12.00)+0.25*scale(11.00-feature_games_played,0.00,11.00)+0.25*scale(0.14-feature_target_share,0.00,0.14)"
00-0036427,T.Johnson,2021,2022,WR,0.0000,16.4702,0.0000,50.5556,0.0000,0.0000,25.0000,7.5428,wr_signal_score_role_balanced_v1,"0.50*scale(feature_targets_per_game,4.00,10.00)+0.50*scale(feature_target_share,0.12,0.30)","0.55*scale(feature_ppg_per_target,0.80,2.50)+0.45*scale(feature_ppg,6.00,18.00)","0.40*scale(48.00-feature_finish,0.00,36.00)+0.60*scale(expected_ppg_baseline-feature_ppg,0.00,4.00)","0.65*scale(feature_games_played,8.00,17.00)+0.35*scale(feature_total_ppr,80.00,260.00)","0.50*scale(feature_ppg_minus_cohort_expected,0.00,6.00)+0.30*scale(expected_finish_from_cohort-feature_finish,0.00,36.00)+0.20*scale(cohort_player_count,1.00,18.00)","0.20*scale(route_participation_season_avg,0.50,0.95)+0.20*scale(target_share_season_avg,0.10,0.32)+0.15*scale(air_yard_share_season_avg,0.08,0.38)+0.15*scale(routes_consistency_index,0.60,0.95)+0.15*scale(target_earning_index,0.12,0.45)+0.15*scale(opportunity_concentration_score,0.18,0.56)","0.50*scale(12.00-feature_finish,0.00,12.00)+0.25*scale(11.00-feature_games_played,0.00,11.00)+0.25*scale(0.14-feature_target_share,0.00,0.14)"
00-0035045,D.Montgomery,2021,2022,WR,16.6667,11.9559,0.0000,0.0000,24.5665,0.0000,47.7273,7.3517,wr_signal_score_role_balanced_v1,"0.50*scale(feature_targets_per_game,4.00,10.00)+0.50*scale(feature_target_share,0.12,0.30)","0.55*scale(feature_ppg_per_target,0.80,2.50)+0.45*scale(feature_ppg,6.00,18.00)","0.40*scale(48.00-feature_finish,0.00,36.00)+0.60*scale(expected_ppg_baseline-feature_ppg,0.00,4.00)","0.65*scale(feature_games_played,8.00,17.00)+0.35*scale(feature_total_ppr,80.00,260.00)","0.50*scale(feature_ppg_minus_cohort_expected,0.00,6.00)+0.30*scale(expected_finish_from_cohort-feature_finish,0.00,36.00)+0.20*scale(cohort_player_count,1.00,18.00)","0.20*scale(route_participation_season_avg,0.50,0.95)+0.20*scale(target_share_season_avg,0.10,0.32)+0.15*scale(air_yard_share_season_avg,0.08,0.38)+0.15*scale(routes_consistency_index,0.60,0.95)+0.15*scale(target_earning_index,0.12,0.45)+0.15*scale(opportunity_concentration_score,0.18,0.56)","0.50*scale(12.00-feature_finish,0.00,12.00)+0.25*scale(11.00-feature_games_played,0.00,11.00)+0.25*scale(0.14-feature_target_share,0.00,0.14)"
00-0033943,J.Reynolds,2021,2022,WR,7.5000,35.0600,0.0000,14.5611,0.0000,0.0000,27.2727,7.3156,wr_signal_score_role_balanced_v1,"0.50*scale(feature_targets_per_game,4.00,10.00)+0.50*scale(feature_target_share,0.12,0.30)","0.55*scale(feature_ppg_per_target,0.80,2.50)+0.45*scale(feature_ppg,6.00,18.00)","0.40*scale(48.00-feature_finish,0.00,36.00)+0.60*scale(expected_ppg_baseline-feature_ppg,0.00,4.00)","0.65*scale(feature_games_played,8.00,17.00)+0.35*scale(feature_total_ppr,80.00,260.00)","0.50*scale(feature_ppg_minus_cohort_expected,0.00,6.00)+0.30*scale(expected_finish_from_cohort-feature_finish,0.00,36.00)+0.20*scale(cohort_player_count,1.00,18.00)","0.20*scale(route_participation_season_avg,0.50,0.95)+0.20*scale(target_share_season_avg,0.10,0.32)+0.15*scale(air_yard_share_season_avg,0.08,0.38)+0.15*scale(routes_consistency_index,0.60,0.95)+0.15*scale(target_earning_index,0.12,0.45)+0.15*scale(opportunity_concentration_score,0.18,0.56)","0.50*scale(12.00-feature_finish,0.00,12.00)+0.25*scale(11.00-feature_games_played,0.00,11.00)+0.25*scale(0.14-feature_target_share,0.00,0.14)"
00-0036955,T.Marshall,2021,2022,WR,0.0000,9.4902,0.0000,28.8889,20.0000,0.0000,25.0000,7.2791,wr_signal_score_role_balanced_v1,"0.50*scale(feature_targets_per_game,4.00,10.00)+0.50*scale(feature_target_share,0.12,0.30)","0.55*scale(feature_ppg_per_target,0.80,2.50)+0.45*scale(feature_ppg,6.00,18.00)","0.40*scale(48.00-feature_finish,0.00,36.00)+0.60*scale(expected_ppg_baseline-feature_ppg,0.00,4.00)","0.65*scale(feature_games_played,8.00,17.00)+0.35*scale(feature_total_ppr,80.00,260.00)","0.50*scale(feature_ppg_minus_cohort_expected,0.00,6.00)+0.30*scale(expected_finish_from_cohort-feature_finish,0.00,36.00)+0.20*scale(cohort_player_count,1.00,18.00)","0.20*scale(route_participation_season_avg,0.50,0.95)+0.20*scale(target_share_season_avg,0.10,0.32)+0.15*scale(air_yard_share_season_avg,0.08,0.38)+0.15*scale(routes_consistency_index,0.60,0.95)+0.15*scale(target_earning_index,0.12,0.45)+0.15*scale(opportunity_concentration_score,0.18,0.56)","0.50*scale(12.00-feature_finish,0.00,12.00)+0.25*scale(11.00-feature_games_played,0.00,11.00)+0.25*scale(0.14-feature_target_share,0.00,0.14)"
00-0032951,L.Treadwell,2021,2022,WR,2.0833,29.6400,0.0000,29.3555,0.0000,0.0000,25.0000,7.2622,wr_signal_score_role_balanced_v1,"0.50*scale(feature_targets_per_game,4.00,10.00)+0.50*scale(feature_target_share,0.12,0.30)","0.55*scale(feature_ppg_per_target,0.80,2.50)+0.45*scale(feature_ppg,6.00,18.00)","0.40*scale(48.00-feature_finish,0.00,36.00)+0.60*scale(expected_ppg_baseline-feature_ppg,0.00,4.00)","0.65*scale(feature_games_played,8.00,17.00)+0.35*scale(feature_total_ppr,80.00,260.00)","0.50*scale(feature_ppg_minus_cohort_expected,0.00,6.00)+0.30*scale(expected_finish_from_cohort-feature_finish,0.00,36.00)+0.20*scale(cohort_player_count,1.00,18.00)","0.20*scale(route_participation_season_avg,0.50,0.95)+0.20*scale(target_share_season_avg,0.10,0.32)+0.15*scale(air_yard_share_season_avg,0.08,0.38)+0.15*scale(routes_consistency_index,0.60,0.95)+0.15*scale(target_earning_index,0.12,0.45)+0.15*scale(opportunity_concentration_score,0.18,0.56)","0.50*scale(12.00-feature_finish,0.00,12.00)+0.25*scale(11.00-feature_games_played,0.00,11.00)+0.25*scale(0.14-feature_target_share,0.00,0.14)"
00-0027944,J.Jones,2021,2022,WR,6.6666,35.9588,0.0000,14.5222,0.0000,0.0000,27.2727,7.2453,wr_signal_score_role_balanced_v1,"0.50*scale(feature_targets_per_game,4.00,10.00)+0.50*scale(feature_target_share,0.12,0.30)","0.55*scale(feature_ppg_per_target,0.80,2.50)+0.45*scale(feature_ppg,6.00,18.00)","0.40*scale(48.00-feature_finish,0.00,36.00)+0.60*scale(expected_ppg_baseline-feature_ppg,0.00,4.00)","0.65*scale(feature_games_played,8.00,17.00)+0.35*scale(feature_total_ppr,80.00,260.00)","0.50*scale(feature_ppg_minus_cohort_expected,0.00,6.00)+0.30*scale(expected_finish_from_cohort-feature_finish,0.00,36.00)+0.20*scale(cohort_player_count,1.00,18.00)","0.20*scale(route_participation_season_avg,0.50,0.95)+0.20*scale(target_share_season_avg,0.10,0.32)+0.15*scale(air_yard_share_season_avg,0.08,0.38)+0.15*scale(routes_consistency_index,0.60,0.95)+0.15*scale(target_earning_index,0.12,0.45)+0.15*scale(opportunity_concentration_score,0.18,0.56)","0.50*scale(12.00-feature_finish,0.00,12.00)+0.25*scale(11.00-feature_games_played,0.00,11.00)+0.25*scale(0.14-feature_target_share,0.00,0.14)"
00-0029608,T.Hilton,2021,2022,WR,0.0000,44.1985,0.0000,14.4444,0.0000,0.0000,27.2727,6.8712,wr_signal_score_role_balanced_v1,"0.50*scale(feature_targets_per_game,4.00,10.00)+0.50*scale(feature_target_share,0.12,0.30)","0.55*scale(feature_ppg_per_target,0.80,2.50)+0.45*scale(feature_ppg,6.00,18.00)","0.40*scale(48.00-feature_finish,0.00,36.00)+0.60*scale(expected_ppg_baseline-feature_ppg,0.00,4.00)","0.65*scale(feature_games_played,8.00,17.00)+0.35*scale(feature_total_ppr,80.00,260.00)","0.50*scale(feature_ppg_minus_cohort_expected,0.00,6.00)+0.30*scale(expected_finish_from_cohort-feature_finish,0.00,36.00)+0.20*scale(cohort_player_count,1.00,18.00)","0.20*scale(route_participation_season_avg,0.50,0.95)+0.20*scale(target_share_season_avg,0.10,0.32)+0.15*scale(air_yard_share_season_avg,0.08,0.38)+0.15*scale(routes_consistency_index,0.60,0.95)+0.15*scale(target_earning_index,0.12,0.45)+0.15*scale(opportunity_concentration_score,0.18,0.56)","0.50*scale(12.00-feature_finish,0.00,12.00)+0.25*scale(11.00-feature_games_played,0.00,11.00)+0.25*scale(0.14-feature_target_share,0.00,0.14)"
00-0035406,L.Humphrey,2021,2022,WR,0.0000,59.2323,0.0000,0.0000,0.0000,0.0000,34.0909,6.8394,wr_signal_score_role_balanced_v1,"0.50*scale(feature_targets_per_game,4.00,10.00)+0.50*scale(feature_target_share,0.12,0.30)","0.55*scale(feature_ppg_per_target,0.80,2.50)+0.45*scale(feature_ppg,6.00,18.00)","0.40*scale(48.00-feature_finish,0.00,36.00)+0.60*scale(expected_ppg_baseline-feature_ppg,0.00,4.00)","0.65*scale(feature_games_played,8.00,17.00)+0.35*scale(feature_total_ppr,80.00,260.00)","0.50*scale(feature_ppg_minus_cohort_expected,0.00,6.00)+0.30*scale(expected_finish_from_cohort-feature_finish,0.00,36.00)+0.20*scale(cohort_player_count,1.00,18.00)","0.20*scale(route_participation_season_avg,0.50,0.95)+0.20*scale(target_share_season_avg,0.10,0.32)+0.15*scale(air_yard_share_season_avg,0.08,0.38)+0.15*scale(routes_consistency_index,0.60,0.95)+0.15*scale(target_earning_index,0.12,0.45)+0.15*scale(opportunity_concentration_score,0.18,0.56)","0.50*scale(12.00-feature_finish,0.00,12.00)+0.25*scale(11.00-feature_games_played,0.00,11.00)+0.25*scale(0.14-feature_target_share,0.00,0.14)"
00-0036627,D.Fitzpatrick,2021,2022,WR,0.0000,38.4183,0.0000,0.0000,20.0000,0.0000,43.1818,6.7718,wr_signal_score_role_balanced_v1,"0.50*scale(feature_targets_per_game,4.00,10.00)+0.50*scale(feature_target_share,0.12,0.30)","0.55*scale(feature_ppg_per_target,0.80,2.50)+0.45*scale(feature_ppg,6.00,18.00)","0.40*scale(48.00-feature_finish,0.00,36.00)+0.60*scale(expected_ppg_baseline-feature_ppg,0.00,4.00)","0.65*scale(feature_games_played,8.00,17.00)+0.35*scale(feature_total_ppr,80.00,260.00)","0.50*scale(feature_ppg_minus_cohort_expected,0.00,6.00)+0.30*scale(expected_finish_from_cohort-feature_finish,0.00,36.00)+0.20*scale(cohort_player_count,1.00,18.00)","0.20*scale(route_participation_season_avg,0.50,0.95)+0.20*scale(target_share_season_avg,0.10,0.32)+0.15*scale(air_yard_share_season_avg,0.08,0.38)+0.15*scale(routes_consistency_index,0.60,0.95)+0.15*scale(target_earning_index,0.12,0.45)+0.15*scale(opportunity_concentration_score,0.18,0.56)","0.50*scale(12.00-feature_finish,0.00,12.00)+0.25*scale(11.00-feature_games_played,0.00,11.00)+0.25*scale(0.14-feature_target_share,0.00,0.14)"
00-0034407,R.McCloud,2021,2022,WR,5.9525,7.5489,0.0000,43.3334,0.0000,0.0000,25.0000,6.6943,wr_signal_score_role_balanced_v1,"0.50*scale(feature_targets_per_game,4.00,10.00)+0.50*scale(feature_target_share,0.12,0.30)","0.55*scale(feature_ppg_per_target,0.80,2.50)+0.45*scale(feature_ppg,6.00,18.00)","0.40*scale(48.00-feature_finish,0.00,36.00)+0.60*scale(expected_ppg_baseline-feature_ppg,0.00,4.00)","0.65*scale(feature_games_played,8.00,17.00)+0.35*scale(feature_total_ppr,80.00,260.00)","0.50*scale(feature_ppg_minus_cohort_expected,0.00,6.00)+0.30*scale(expected_finish_from_cohort-feature_finish,0.00,36.00)+0.20*scale(cohort_player_count,1.00,18.00)","0.20*scale(route_participation_season_avg,0.50,0.95)+0.20*scale(target_share_season_avg,0.10,0.32)+0.15*scale(air_yard_share_season_avg,0.08,0.38)+0.15*scale(routes_consistency_index,0.60,0.95)+0.15*scale(target_earning_index,0.12,0.45)+0.15*scale(opportunity_concentration_score,0.18,0.56)","0.50*scale(12.00-feature_finish,0.00,12.00)+0.25*scale(11.00-feature_games_played,0.00,11.00)+0.25*scale(0.14-feature_target_share,0.00,0.14)"
00-0034104,C.Sims,2021,2022,WR,0.0000,42.7622,0.0000,14.4444,0.0000,0.0000,27.2727,6.6557,wr_signal_score_role_balanced_v1,"0.50*scale(feature_targets_per_game,4.00,10.00)+0.50*scale(feature_target_share,0.12,0.30)","0.55*scale(feature_ppg_per_target,0.80,2.50)+0.45*scale(feature_ppg,6.00,18.00)","0.40*scale(48.00-feature_finish,0.00,36.00)+0.60*scale(expected_ppg_baseline-feature_ppg,0.00,4.00)","0.65*scale(feature_games_played,8.00,17.00)+0.35*scale(feature_total_ppr,80.00,260.00)","0.50*scale(feature_ppg_minus_cohort_expected,0.00,6.00)+0.30*scale(expected_finish_from_cohort-feature_finish,0.00,36.00)+0.20*scale(cohort_player_count,1.00,18.00)","0.20*scale(route_participation_season_avg,0.50,0.95)+0.20*scale(target_share_season_avg,0.10,0.32)+0.15*scale(air_yard_share_season_avg,0.08,0.38)+0.15*scale(routes_consistency_index,0.60,0.95)+0.15*scale(target_earning_index,0.12,0.45)+0.15*scale(opportunity_concentration_score,0.18,0.56)","0.50*scale(12.00-feature_finish,0.00,12.00)+0.25*scale(11.00-feature_games_played,0.00,11.00)+0.25*scale(0.14-feature_target_share,0.00,0.14)"
00-0032778,T.Sharpe,2021,2022,WR,0.0000,16.0883,0.0000,43.3334,0.0000,0.0000,25.0000,6.5466,wr_signal_score_role_balanced_v1,"0.50*scale(feature_targets_per_game,4.00,10.00)+0.50*scale(feature_target_share,0.12,0.30)","0.55*scale(feature_ppg_per_target,0.80,2.50)+0.45*scale(feature_ppg,6.00,18.00)","0.40*scale(48.00-feature_finish,0.00,36.00)+0.60*scale(expected_ppg_baseline-feature_ppg,0.00,4.00)","0.65*scale(feature_games_played,8.00,17.00)+0.35*scale(feature_total_ppr,80.00,260.00)","0.50*scale(feature_ppg_minus_cohort_expected,0.00,6.00)+0.30*scale(expected_finish_from_cohort-feature_finish,0.00,36.00)+0.20*scale(cohort_player_count,1.00,18.00)","0.20*scale(route_participation_season_avg,0.50,0.95)+0.20*scale(target_share_season_avg,0.10,0.32)+0.15*scale(air_yard_share_season_avg,0.08,0.38)+0.15*scale(routes_consistency_index,0.60,0.95)+0.15*scale(target_earning_index,0.12,0.45)+0.15*scale(opportunity_concentration_score,0.18,0.56)","0.50*scale(12.00-feature_finish,0.00,12.00)+0.25*scale(11.00-feature_games_played,0.00,11.00)+0.25*scale(0.14-feature_target_share,0.00,0.14)"
00-0035544,T.Kennedy,2021,2022,WR,0.0000,33.6459,0.0000,0.0000,20.0000,0.0000,36.3636,6.4651,wr_signal_score_role_balanced_v1,"0.50*scale(feature_targets_per_game,4.00,10.00)+0.50*scale(feature_target_share,0.12,0.30)","0.55*scale(feature_ppg_per_target,0.80,2.50)+0.45*scale(feature_ppg,6.00,18.00)","0.40*scale(48.00-feature_finish,0.00,36.00)+0.60*scale(expected_ppg_baseline-feature_ppg,0.00,4.00)","0.65*scale(feature_games_played,8.00,17.00)+0.35*scale(feature_total_ppr,80.00,260.00)","0.50*scale(feature_ppg_minus_cohort_expected,0.00,6.00)+0.30*scale(expected_finish_from_cohort-feature_finish,0.00,36.00)+0.20*scale(cohort_player_count,1.00,18.00)","0.20*scale(route_participation_season_avg,0.50,0.95)+0.20*scale(target_share_season_avg,0.10,0.32)+0.15*scale(air_yard_share_season_avg,0.08,0.38)+0.15*scale(routes_consistency_index,0.60,0.95)+0.15*scale(target_earning_index,0.12,0.45)+0.15*scale(opportunity_concentration_score,0.18,0.56)","0.50*scale(12.00-feature_finish,0.00,12.00)+0.25*scale(11.00-feature_games_played,0.00,11.00)+0.25*scale(0.14-feature_target_share,0.00,0.14)"
00-0032791,J.Grant,2021,2022,WR,0.0000,55.8036,0.0000,0.0000,0.0000,0.0000,34.0909,6.3251,wr_signal_score_role_balanced_v1,"0.50*scale(feature_targets_per_game,4.00,10.00)+0.50*scale(feature_target_share,0.12,0.30)","0.55*scale(feature_ppg_per_target,0.80,2.50)+0.45*scale(feature_ppg,6.00,18.00)","0.40*scale(48.00-feature_finish,0.00,36.00)+0.60*scale(expected_ppg_baseline-feature_ppg,0.00,4.00)","0.65*scale(feature_games_played,8.00,17.00)+0.35*scale(feature_total_ppr,80.00,260.00)","0.50*scale(feature_ppg_minus_cohort_expected,0.00,6.00)+0.30*scale(expected_finish_from_cohort-feature_finish,0.00,36.00)+0.20*scale(cohort_player_count,1.00,18.00)","0.20*scale(route_participation_season_avg,0.50,0.95)+0.20*scale(target_share_season_avg,0.10,0.32)+0.15*scale(air_yard_share_season_avg,0.08,0.38)+0.15*scale(routes_consistency_index,0.60,0.95)+0.15*scale(target_earning_index,0.12,0.45)+0.15*scale(opportunity_concentration_score,0.18,0.56)","0.50*scale(12.00-feature_finish,0.00,12.00)+0.25*scale(11.00-feature_games_played,0.00,11.00)+0.25*scale(0.14-feature_target_share,0.00,0.14)"
00-0033733,G.Ward,2021,2022,WR,0.0000,55.0000,0.0000,0.0000,0.0000,0.0000,34.0909,6.2045,wr_signal_score_role_balanced_v1,"0.50*scale(feature_targets_per_game,4.00,10.00)+0.50*scale(feature_target_share,0.12,0.30)","0.55*scale(feature_ppg_per_target,0.80,2.50)+0.45*scale(feature_ppg,6.00,18.00)","0.40*scale(48.00-feature_finish,0.00,36.00)+0.60*scale(expected_ppg_baseline-feature_ppg,0.00,4.00)","0.65*scale(feature_games_played,8.00,17.00)+0.35*scale(feature_total_ppr,80.00,260.00)","0.50*scale(feature_ppg_minus_cohort_expected,0.00,6.00)+0.30*scale(expected_finish_from_cohort-feature_finish,0.00,36.00)+0.20*scale(cohort_player_count,1.00,18.00)","0.20*scale(route_participation_season_avg,0.50,0.95)+0.20*scale(target_share_season_avg,0.10,0.32)+0.15*scale(air_yard_share_season_avg,0.08,0.38)+0.15*scale(routes_consistency_index,0.60,0.95)+0.15*scale(target_earning_index,0.12,0.45)+0.15*scale(opportunity_concentration_score,0.18,0.56)","0.50*scale(12.00-feature_finish,0.00,12.00)+0.25*scale(11.00-feature_games_played,0.00,11.00)+0.25*scale(0.14-feature_target_share,0.00,0.14)"
00-0031868,D.Byrd,2021,2022,WR,0.0000,31.3834,0.0000,21.6666,0.0000,0.0000,25.0000,6.0242,wr_signal_score_role_balanced_v1,"0.50*scale(feature_targets_per_game,4.00,10.00)+0.50*scale(feature_target_share,0.12,0.30)","0.55*scale(feature_ppg_per_target,0.80,2.50)+0.45*scale(feature_ppg,6.00,18.00)","0.40*scale(48.00-feature_finish,0.00,36.00)+0.60*scale(expected_ppg_baseline-feature_ppg,0.00,4.00)","0.65*scale(feature_games_played,8.00,17.00)+0.35*scale(feature_total_ppr,80.00,260.00)","0.50*scale(feature_ppg_minus_cohort_expected,0.00,6.00)+0.30*scale(expected_finish_from_cohort-feature_finish,0.00,36.00)+0.20*scale(cohort_player_count,1.00,18.00)","0.20*scale(route_participation_season_avg,0.50,0.95)+0.20*scale(target_share_season_avg,0.10,0.32)+0.15*scale(air_yard_share_season_avg,0.08,0.38)+0.15*scale(routes_consistency_index,0.60,0.95)+0.15*scale(target_earning_index,0.12,0.45)+0.15*scale(opportunity_concentration_score,0.18,0.56)","0.50*scale(12.00-feature_finish,0.00,12.00)+0.25*scale(11.00-feature_games_played,0.00,11.00)+0.25*scale(0.14-feature_target_share,0.00,0.14)"
00-0035535,D.Slayton,2021,2022,WR,3.8458,12.3837,0.0000,36.1111,0.0000,0.0000,25.0000,5.9750,wr_signal_score_role_balanced_v1,"0.50*scale(feature_targets_per_game,4.00,10.00)+0.50*scale(feature_target_share,0.12,0.30)","0.55*scale(feature_ppg_per_target,0.80,2.50)+0.45*scale(feature_ppg,6.00,18.00)","0.40*scale(48.00-feature_finish,0.00,36.00)+0.60*scale(expected_ppg_baseline-feature_ppg,0.00,4.00)","0.65*scale(feature_games_played,8.00,17.00)+0.35*scale(feature_total_ppr,80.00,260.00)","0.50*scale(feature_ppg_minus_cohort_expected,0.00,6.00)+0.30*scale(expected_finish_from_cohort-feature_finish,0.00,36.00)+0.20*scale(cohort_player_count,1.00,18.00)","0.20*scale(route_participation_season_avg,0.50,0.95)+0.20*scale(target_share_season_avg,0.10,0.32)+0.15*scale(air_yard_share_season_avg,0.08,0.38)+0.15*scale(routes_consistency_index,0.60,0.95)+0.15*scale(target_earning_index,0.12,0.45)+0.15*scale(opportunity_concentration_score,0.18,0.56)","0.50*scale(12.00-feature_finish,0.00,12.00)+0.25*scale(11.00-feature_games_played,0.00,11.00)+0.25*scale(0.14-feature_target_share,0.00,0.14)"
00-0026035,D.Amendola,2021,2022,WR,6.2500,42.4435,0.0000,0.0000,0.0000,0.0000,31.8182,5.9574,wr_signal_score_role_balanced_v1,"0.50*scale(feature_targets_per_game,4.00,10.00)+0.50*scale(feature_target_share,0.12,0.30)","0.55*scale(feature_ppg_per_target,0.80,2.50)+0.45*scale(feature_ppg,6.00,18.00)","0.40*scale(48.00-feature_finish,0.00,36.00)+0.60*scale(expected_ppg_baseline-feature_ppg,0.00,4.00)","0.65*scale(feature_games_played,8.00,17.00)+0.35*scale(feature_total_ppr,80.00,260.00)","0.50*scale(feature_ppg_minus_cohort_expected,0.00,6.00)+0.30*scale(expected_finish_from_cohort-feature_finish,0.00,36.00)+0.20*scale(cohort_player_count,1.00,18.00)","0.20*scale(route_participation_season_avg,0.50,0.95)+0.20*scale(target_share_season_avg,0.10,0.32)+0.15*scale(air_yard_share_season_avg,0.08,0.38)+0.15*scale(routes_consistency_index,0.60,0.95)+0.15*scale(target_earning_index,0.12,0.45)+0.15*scale(opportunity_concentration_score,0.18,0.56)","0.50*scale(12.00-feature_finish,0.00,12.00)+0.25*scale(11.00-feature_games_played,0.00,11.00)+0.25*scale(0.14-feature_target_share,0.00,0.14)"
00-0030669,A.Wilson,2021,2022,WR,0.0000,13.9367,0.0000,14.4444,20.0000,0.0000,27.2727,5.9319,wr_signal_score_role_balanced_v1,"0.50*scale(feature_targets_per_game,4.00,10.00)+0.50*scale(feature_target_share,0.12,0.30)","0.55*scale(feature_ppg_per_target,0.80,2.50)+0.45*scale(feature_ppg,6.00,18.00)","0.40*scale(48.00-feature_finish,0.00,36.00)+0.60*scale(expected_ppg_baseline-feature_ppg,0.00,4.00)","0.65*scale(feature_games_played,8.00,17.00)+0.35*scale(feature_total_ppr,80.00,260.00)","0.50*scale(feature_ppg_minus_cohort_expected,0.00,6.00)+0.30*scale(expected_finish_from_cohort-feature_finish,0.00,36.00)+0.20*scale(cohort_player_count,1.00,18.00)","0.20*scale(route_participation_season_avg,0.50,0.95)+0.20*scale(target_share_season_avg,0.10,0.32)+0.15*scale(air_yard_share_season_avg,0.08,0.38)+0.15*scale(routes_consistency_index,0.60,0.95)+0.15*scale(target_earning_index,0.12,0.45)+0.15*scale(opportunity_concentration_score,0.18,0.56)","0.50*scale(12.00-feature_finish,0.00,12.00)+0.25*scale(11.00-feature_games_played,0.00,11.00)+0.25*scale(0.14-feature_target_share,0.00,0.14)"
00-0027691,A.Roberts,2021,2022,WR,0.0000,55.0000,0.0000,0.0000,0.0000,0.0000,38.6364,5.9318,wr_signal_score_role_balanced_v1,"0.50*scale(feature_targets_per_game,4.00,10.00)+0.50*scale(feature_target_share,0.12,0.30)","0.55*scale(feature_ppg_per_target,0.80,2.50)+0.45*scale(feature_ppg,6.00,18.00)","0.40*scale(48.00-feature_finish,0.00,36.00)+0.60*scale(expected_ppg_baseline-feature_ppg,0.00,4.00)","0.65*scale(feature_games_played,8.00,17.00)+0.35*scale(feature_total_ppr,80.00,260.00)","0.50*scale(feature_ppg_minus_cohort_expected,0.00,6.00)+0.30*scale(expected_finish_from_cohort-feature_finish,0.00,36.00)+0.20*scale(cohort_player_count,1.00,18.00)","0.20*scale(route_participation_season_avg,0.50,0.95)+0.20*scale(target_share_season_avg,0.10,0.32)+0.15*scale(air_yard_share_season_avg,0.08,0.38)+0.15*scale(routes_consistency_index,0.60,0.95)+0.15*scale(target_earning_index,0.12,0.45)+0.15*scale(opportunity_concentration_score,0.18,0.56)","0.50*scale(12.00-feature_finish,0.00,12.00)+0.25*scale(11.00-feature_games_played,0.00,11.00)+0.25*scale(0.14-feature_target_share,0.00,0.14)"
00-0034686,A.Tate,2021,2022,WR,0.0000,55.0000,0.0000,0.0000,0.0000,0.0000,40.9091,5.7955,wr_signal_score_role_balanced_v1,"0.50*scale(feature_targets_per_game,4.00,10.00)+0.50*scale(feature_target_share,0.12,0.30)","0.55*scale(feature_ppg_per_target,0.80,2.50)+0.45*scale(feature_ppg,6.00,18.00)","0.40*scale(48.00-feature_finish,0.00,36.00)+0.60*scale(expected_ppg_baseline-feature_ppg,0.00,4.00)","0.65*scale(feature_games_played,8.00,17.00)+0.35*scale(feature_total_ppr,80.00,260.00)","0.50*scale(feature_ppg_minus_cohort_expected,0.00,6.00)+0.30*scale(expected_finish_from_cohort-feature_finish,0.00,36.00)+0.20*scale(cohort_player_count,1.00,18.00)","0.20*scale(route_participation_season_avg,0.50,0.95)+0.20*scale(target_share_season_avg,0.10,0.32)+0.15*scale(air_yard_share_season_avg,0.08,0.38)+0.15*scale(routes_consistency_index,0.60,0.95)+0.15*scale(target_earning_index,0.12,0.45)+0.15*scale(opportunity_concentration_score,0.18,0.56)","0.50*scale(12.00-feature_finish,0.00,12.00)+0.25*scale(11.00-feature_games_played,0.00,11.00)+0.25*scale(0.14-feature_target_share,0.00,0.14)"
00-0035624,N.Harry,2021,2022,WR,0.0000,18.8244,0.0000,7.2222,20.0000,0.0000,29.5454,5.5898,wr_signal_score_role_balanced_v1,"0.50*scale(feature_targets_per_game,4.00,10.00)+0.50*scale(feature_target_share,0.12,0.30)","0.55*scale(feature_ppg_per_target,0.80,2.50)+0.45*scale(feature_ppg,6.00,18.00)","0.40*scale(48.00-feature_finish,0.00,36.00)+0.60*scale(expected_ppg_baseline-feature_ppg,0.00,4.00)","0.65*scale(feature_games_played,8.00,17.00)+0.35*scale(feature_total_ppr,80.00,260.00)","0.50*scale(feature_ppg_minus_cohort_expected,0.00,6.00)+0.30*scale(expected_finish_from_cohort-feature_finish,0.00,36.00)+0.20*scale(cohort_player_count,1.00,18.00)","0.20*scale(route_participation_season_avg,0.50,0.95)+0.20*scale(target_share_season_avg,0.10,0.32)+0.15*scale(air_yard_share_season_avg,0.08,0.38)+0.15*scale(routes_consistency_index,0.60,0.95)+0.15*scale(target_earning_index,0.12,0.45)+0.15*scale(opportunity_concentration_score,0.18,0.56)","0.50*scale(12.00-feature_finish,0.00,12.00)+0.25*scale(11.00-feature_games_played,0.00,11.00)+0.25*scale(0.14-feature_target_share,0.00,0.14)"
00-0031325,S.Watkins,2021,2022,WR,3.7875,22.1007,0.0000,21.6666,0.0000,0.0000,25.0000,5.5408,wr_signal_score_role_balanced_v1,"0.50*scale(feature_targets_per_game,4.00,10.00)+0.50*scale(feature_target_share,0.12,0.30)","0.55*scale(feature_ppg_per_target,0.80,2.50)+0.45*scale(feature_ppg,6.00,18.00)","0.40*scale(48.00-feature_finish,0.00,36.00)+0.60*scale(expected_ppg_baseline-feature_ppg,0.00,4.00)","0.65*scale(feature_games_played,8.00,17.00)+0.35*scale(feature_total_ppr,80.00,260.00)","0.50*scale(feature_ppg_minus_cohort_expected,0.00,6.00)+0.30*scale(expected_finish_from_cohort-feature_finish,0.00,36.00)+0.20*scale(cohort_player_count,1.00,18.00)","0.20*scale(route_participation_season_avg,0.50,0.95)+0.20*scale(target_share_season_avg,0.10,0.32)+0.15*scale(air_yard_share_season_avg,0.08,0.38)+0.15*scale(routes_consistency_index,0.60,0.95)+0.15*scale(target_earning_index,0.12,0.45)+0.15*scale(opportunity_concentration_score,0.18,0.56)","0.50*scale(12.00-feature_finish,0.00,12.00)+0.25*scale(11.00-feature_games_played,0.00,11.00)+0.25*scale(0.14-feature_target_share,0.00,0.14)"
00-0036110,J.Bradley,2021,2022,WR,0.0000,55.0000,0.0000,0.0000,0.0000,0.0000,45.4545,5.5227,wr_signal_score_role_balanced_v1,"0.50*scale(feature_targets_per_game,4.00,10.00)+0.50*scale(feature_target_share,0.12,0.30)","0.55*scale(feature_ppg_per_target,0.80,2.50)+0.45*scale(feature_ppg,6.00,18.00)","0.40*scale(48.00-feature_finish,0.00,36.00)+0.60*scale(expected_ppg_baseline-feature_ppg,0.00,4.00)","0.65*scale(feature_games_played,8.00,17.00)+0.35*scale(feature_total_ppr,80.00,260.00)","0.50*scale(feature_ppg_minus_cohort_expected,0.00,6.00)+0.30*scale(expected_finish_from_cohort-feature_finish,0.00,36.00)+0.20*scale(cohort_player_count,1.00,18.00)","0.20*scale(route_participation_season_avg,0.50,0.95)+0.20*scale(target_share_season_avg,0.10,0.32)+0.15*scale(air_yard_share_season_avg,0.08,0.38)+0.15*scale(routes_consistency_index,0.60,0.95)+0.15*scale(target_earning_index,0.12,0.45)+0.15*scale(opportunity_concentration_score,0.18,0.56)","0.50*scale(12.00-feature_finish,0.00,12.00)+0.25*scale(11.00-feature_games_played,0.00,11.00)+0.25*scale(0.14-feature_target_share,0.00,0.14)"
00-0034646,B.Powell,2021,2022,WR,0.0000,55.0000,0.0000,0.0000,0.0000,0.0000,47.7273,5.3864,wr_signal_score_role_balanced_v1,"0.50*scale(feature_targets_per_game,4.00,10.00)+0.50*scale(feature_target_share,0.12,0.30)","0.55*scale(feature_ppg_per_target,0.80,2.50)+0.45*scale(feature_ppg,6.00,18.00)","0.40*scale(48.00-feature_finish,0.00,36.00)+0.60*scale(expected_ppg_baseline-feature_ppg,0.00,4.00)","0.65*scale(feature_games_played,8.00,17.00)+0.35*scale(feature_total_ppr,80.00,260.00)","0.50*scale(feature_ppg_minus_cohort_expected,0.00,6.00)+0.30*scale(expected_finish_from_cohort-feature_finish,0.00,36.00)+0.20*scale(cohort_player_count,1.00,18.00)","0.20*scale(route_participation_season_avg,0.50,0.95)+0.20*scale(target_share_season_avg,0.10,0.32)+0.15*scale(air_yard_share_season_avg,0.08,0.38)+0.15*scale(routes_consistency_index,0.60,0.95)+0.15*scale(target_earning_index,0.12,0.45)+0.15*scale(opportunity_concentration_score,0.18,0.56)","0.50*scale(12.00-feature_finish,0.00,12.00)+0.25*scale(11.00-feature_games_played,0.00,11.00)+0.25*scale(0.14-feature_target_share,0.00,0.14)"
00-0033460,J.Ross,2021,2022,WR,0.0000,40.4418,0.0000,7.2222,0.0000,0.0000,29.5454,5.2324,wr_signal_score_role_balanced_v1,"0.50*scale(feature_targets_per_game,4.00,10.00)+0.50*scale(feature_target_share,0.12,0.30)","0.55*scale(feature_ppg_per_target,0.80,2.50)+0.45*scale(feature_ppg,6.00,18.00)","0.40*scale(48.00-feature_finish,0.00,36.00)+0.60*scale(expected_ppg_baseline-feature_ppg,0.00,4.00)","0.65*scale(feature_games_played,8.00,17.00)+0.35*scale(feature_total_ppr,80.00,260.00)","0.50*scale(feature_ppg_minus_cohort_expected,0.00,6.00)+0.30*scale(expected_finish_from_cohort-feature_finish,0.00,36.00)+0.20*scale(cohort_player_count,1.00,18.00)","0.20*scale(route_participation_season_avg,0.50,0.95)+0.20*scale(target_share_season_avg,0.10,0.32)+0.15*scale(air_yard_share_season_avg,0.08,0.38)+0.15*scale(routes_consistency_index,0.60,0.95)+0.15*scale(target_earning_index,0.12,0.45)+0.15*scale(opportunity_concentration_score,0.18,0.56)","0.50*scale(12.00-feature_finish,0.00,12.00)+0.25*scale(11.00-feature_games_played,0.00,11.00)+0.25*scale(0.14-feature_target_share,0.00,0.14)"
00-0034052,B.Zylstra,2021,2022,WR,0.0000,37.5289,0.0000,7.2222,0.0000,0.0000,29.5454,4.7955,wr_signal_score_role_balanced_v1,"0.50*scale(feature_targets_per_game,4.00,10.00)+0.50*scale(feature_target_share,0.12,0.30)","0.55*scale(feature_ppg_per_target,0.80,2.50)+0.45*scale(feature_ppg,6.00,18.00)","0.40*scale(48.00-feature_finish,0.00,36.00)+0.60*scale(expected_ppg_baseline-feature_ppg,0.00,4.00)","0.65*scale(feature_games_played,8.00,17.00)+0.35*scale(feature_total_ppr,80.00,260.00)","0.50*scale(feature_ppg_minus_cohort_expected,0.00,6.00)+0.30*scale(expected_finish_from_cohort-feature_finish,0.00,36.00)+0.20*scale(cohort_player_count,1.00,18.00)","0.20*scale(route_participation_season_avg,0.50,0.95)+0.20*scale(target_share_season_avg,0.10,0.32)+0.15*scale(air_yard_share_season_avg,0.08,0.38)+0.15*scale(routes_consistency_index,0.60,0.95)+0.15*scale(target_earning_index,0.12,0.45)+0.15*scale(opportunity_concentration_score,0.18,0.56)","0.50*scale(12.00-feature_finish,0.00,12.00)+0.25*scale(11.00-feature_games_played,0.00,11.00)+0.25*scale(0.14-feature_target_share,0.00,0.14)"
00-0036620,D.Eskridge,2021,2022,WR,0.0000,19.8971,0.0000,0.0000,20.0000,0.0000,31.8182,4.6755,wr_signal_score_role_balanced_v1,"0.50*scale(feature_targets_per_game,4.00,10.00)+0.50*scale(feature_target_share,0.12,0.30)","0.55*scale(feature_ppg_per_target,0.80,2.50)+0.45*scale(feature_ppg,6.00,18.00)","0.40*scale(48.00-feature_finish,0.00,36.00)+0.60*scale(expected_ppg_baseline-feature_ppg,0.00,4.00)","0.65*scale(feature_games_played,8.00,17.00)+0.35*scale(feature_total_ppr,80.00,260.00)","0.50*scale(feature_ppg_minus_cohort_expected,0.00,6.00)+0.30*scale(expected_finish_from_cohort-feature_finish,0.00,36.00)+0.20*scale(cohort_player_count,1.00,18.00)","0.20*scale(route_participation_season_avg,0.50,0.95)+0.20*scale(target_share_season_avg,0.10,0.32)+0.15*scale(air_yard_share_season_avg,0.08,0.38)+0.15*scale(routes_consistency_index,0.60,0.95)+0.15*scale(target_earning_index,0.12,0.45)+0.15*scale(opportunity_concentration_score,0.18,0.56)","0.50*scale(12.00-feature_finish,0.00,12.00)+0.25*scale(11.00-feature_games_played,0.00,11.00)+0.25*scale(0.14-feature_target_share,0.00,0.14)"
00-0036572,S.Smith,2021,2022,WR,0.0000,21.4706,0.0000,0.0000,20.0000,0.0000,38.6364,4.5024,wr_signal_score_role_balanced_v1,"0.50*scale(feature_targets_per_game,4.00,10.00)+0.50*scale(feature_target_share,0.12,0.30)","0.55*scale(feature_ppg_per_target,0.80,2.50)+0.45*scale(feature_ppg,6.00,18.00)","0.40*scale(48.00-feature_finish,0.00,36.00)+0.60*scale(expected_ppg_baseline-feature_ppg,0.00,4.00)","0.65*scale(feature_games_played,8.00,17.00)+0.35*scale(feature_total_ppr,80.00,260.00)","0.50*scale(feature_ppg_minus_cohort_expected,0.00,6.00)+0.30*scale(expected_finish_from_cohort-feature_finish,0.00,36.00)+0.20*scale(cohort_player_count,1.00,18.00)","0.20*scale(route_participation_season_avg,0.50,0.95)+0.20*scale(target_share_season_avg,0.10,0.32)+0.15*scale(air_yard_share_season_avg,0.08,0.38)+0.15*scale(routes_consistency_index,0.60,0.95)+0.15*scale(target_earning_index,0.12,0.45)+0.15*scale(opportunity_concentration_score,0.18,0.56)","0.50*scale(12.00-feature_finish,0.00,12.00)+0.25*scale(11.00-feature_games_played,0.00,11.00)+0.25*scale(0.14-feature_target_share,0.00,0.14)"
00-0035864,K.Hinton,2021,2022,WR,0.0000,28.3300,0.0000,14.4444,0.0000,0.0000,27.2727,4.4909,wr_signal_score_role_balanced_v1,"0.50*scale(feature_targets_per_game,4.00,10.00)+0.50*scale(feature_target_share,0.12,0.30)","0.55*scale(feature_ppg_per_target,0.80,2.50)+0.45*scale(feature_ppg,6.00,18.00)","0.40*scale(48.00-feature_finish,0.00,36.00)+0.60*scale(expected_ppg_baseline-feature_ppg,0.00,4.00)","0.65*scale(feature_games_played,8.00,17.00)+0.35*scale(feature_total_ppr,80.00,260.00)","0.50*scale(feature_ppg_minus_cohort_expected,0.00,6.00)+0.30*scale(expected_finish_from_cohort-feature_finish,0.00,36.00)+0.20*scale(cohort_player_count,1.00,18.00)","0.20*scale(route_participation_season_avg,0.50,0.95)+0.20*scale(target_share_season_avg,0.10,0.32)+0.15*scale(air_yard_share_season_avg,0.08,0.38)+0.15*scale(routes_consistency_index,0.60,0.95)+0.15*scale(target_earning_index,0.12,0.45)+0.15*scale(opportunity_concentration_score,0.18,0.56)","0.50*scale(12.00-feature_finish,0.00,12.00)+0.25*scale(11.00-feature_games_played,0.00,11.00)+0.25*scale(0.14-feature_target_share,0.00,0.14)"
00-0030525,T.Austin,2021,2022,WR,0.0000,20.8113,0.0000,21.6666,0.0000,0.0000,25.0000,4.4384,wr_signal_score_role_balanced_v1,"0.50*scale(feature_targets_per_game,4.00,10.00)+0.50*scale(feature_target_share,0.12,0.30)","0.55*scale(feature_ppg_per_target,0.80,2.50)+0.45*scale(feature_ppg,6.00,18.00)","0.40*scale(48.00-feature_finish,0.00,36.00)+0.60*scale(expected_ppg_baseline-feature_ppg,0.00,4.00)","0.65*scale(feature_games_played,8.00,17.00)+0.35*scale(feature_total_ppr,80.00,260.00)","0.50*scale(feature_ppg_minus_cohort_expected,0.00,6.00)+0.30*scale(expected_finish_from_cohort-feature_finish,0.00,36.00)+0.20*scale(cohort_player_count,1.00,18.00)","0.20*scale(route_participation_season_avg,0.50,0.95)+0.20*scale(target_share_season_avg,0.10,0.32)+0.15*scale(air_yard_share_season_avg,0.08,0.38)+0.15*scale(routes_consistency_index,0.60,0.95)+0.15*scale(target_earning_index,0.12,0.45)+0.15*scale(opportunity_concentration_score,0.18,0.56)","0.50*scale(12.00-feature_finish,0.00,12.00)+0.25*scale(11.00-feature_games_played,0.00,11.00)+0.25*scale(0.14-feature_target_share,0.00,0.14)"
00-0036482,M.Strachan,2021,2022,WR,0.0000,23.7255,0.0000,0.0000,20.0000,0.0000,45.4545,4.4316,wr_signal_score_role_balanced_v1,"0.50*scale(feature_targets_per_game,4.00,10.00)+0.50*scale(feature_target_share,0.12,0.30)","0.55*scale(feature_ppg_per_target,0.80,2.50)+0.45*scale(feature_ppg,6.00,18.00)","0.40*scale(48.00-feature_finish,0.00,36.00)+0.60*scale(expected_ppg_baseline-feature_ppg,0.00,4.00)","0.65*scale(feature_games_played,8.00,17.00)+0.35*scale(feature_total_ppr,80.00,260.00)","0.50*scale(feature_ppg_minus_cohort_expected,0.00,6.00)+0.30*scale(expected_finish_from_cohort-feature_finish,0.00,36.00)+0.20*scale(cohort_player_count,1.00,18.00)","0.20*scale(route_participation_season_avg,0.50,0.95)+0.20*scale(target_share_season_avg,0.10,0.32)+0.15*scale(air_yard_share_season_avg,0.08,0.38)+0.15*scale(routes_consistency_index,0.60,0.95)+0.15*scale(target_earning_index,0.12,0.45)+0.15*scale(opportunity_concentration_score,0.18,0.56)","0.50*scale(12.00-feature_finish,0.00,12.00)+0.25*scale(11.00-feature_games_played,0.00,11.00)+0.25*scale(0.14-feature_target_share,0.00,0.14)"
00-0035527,A.Isabella,2021,2022,WR,0.0000,48.5294,0.0000,0.0000,0.0000,0.0000,47.7273,4.4158,wr_signal_score_role_balanced_v1,"0.50*scale(feature_targets_per_game,4.00,10.00)+0.50*scale(feature_target_share,0.12,0.30)","0.55*scale(feature_ppg_per_target,0.80,2.50)+0.45*scale(feature_ppg,6.00,18.00)","0.40*scale(48.00-feature_finish,0.00,36.00)+0.60*scale(expected_ppg_baseline-feature_ppg,0.00,4.00)","0.65*scale(feature_games_played,8.00,17.00)+0.35*scale(feature_total_ppr,80.00,260.00)","0.50*scale(feature_ppg_minus_cohort_expected,0.00,6.00)+0.30*scale(expected_finish_from_cohort-feature_finish,0.00,36.00)+0.20*scale(cohort_player_count,1.00,18.00)","0.20*scale(route_participation_season_avg,0.50,0.95)+0.20*scale(target_share_season_avg,0.10,0.32)+0.15*scale(air_yard_share_season_avg,0.08,0.38)+0.15*scale(routes_consistency_index,0.60,0.95)+0.15*scale(target_earning_index,0.12,0.45)+0.15*scale(opportunity_concentration_score,0.18,0.56)","0.50*scale(12.00-feature_finish,0.00,12.00)+0.25*scale(11.00-feature_games_played,0.00,11.00)+0.25*scale(0.14-feature_target_share,0.00,0.14)"
00-0036910,C.Saunders,2021,2022,WR,0.0000,24.2647,0.0000,0.0000,20.0000,0.0000,47.7273,4.3761,wr_signal_score_role_balanced_v1,"0.50*scale(feature_targets_per_game,4.00,10.00)+0.50*scale(feature_target_share,0.12,0.30)","0.55*scale(feature_ppg_per_target,0.80,2.50)+0.45*scale(feature_ppg,6.00,18.00)","0.40*scale(48.00-feature_finish,0.00,36.00)+0.60*scale(expected_ppg_baseline-feature_ppg,0.00,4.00)","0.65*scale(feature_games_played,8.00,17.00)+0.35*scale(feature_total_ppr,80.00,260.00)","0.50*scale(feature_ppg_minus_cohort_expected,0.00,6.00)+0.30*scale(expected_finish_from_cohort-feature_finish,0.00,36.00)+0.20*scale(cohort_player_count,1.00,18.00)","0.20*scale(route_participation_season_avg,0.50,0.95)+0.20*scale(target_share_season_avg,0.10,0.32)+0.15*scale(air_yard_share_season_avg,0.08,0.38)+0.15*scale(routes_consistency_index,0.60,0.95)+0.15*scale(target_earning_index,0.12,0.45)+0.15*scale(opportunity_concentration_score,0.18,0.56)","0.50*scale(12.00-feature_finish,0.00,12.00)+0.25*scale(11.00-feature_games_played,0.00,11.00)+0.25*scale(0.14-feature_target_share,0.00,0.14)"
00-0036626,D.Brown,2021,2022,WR,0.0000,10.4821,0.0000,7.2222,20.0000,0.0000,29.5454,4.3385,wr_signal_score_role_balanced_v1,"0.50*scale(feature_targets_per_game,4.00,10.00)+0.50*scale(feature_target_share,0.12,0.30)","0.55*scale(feature_ppg_per_target,0.80,2.50)+0.45*scale(feature_ppg,6.00,18.00)","0.40*scale(48.00-feature_finish,0.00,36.00)+0.60*scale(expected_ppg_baseline-feature_ppg,0.00,4.00)","0.65*scale(feature_games_played,8.00,17.00)+0.35*scale(feature_total_ppr,80.00,260.00)","0.50*scale(feature_ppg_minus_cohort_expected,0.00,6.00)+0.30*scale(expected_finish_from_cohort-feature_finish,0.00,36.00)+0.20*scale(cohort_player_count,1.00,18.00)","0.20*scale(route_participation_season_avg,0.50,0.95)+0.20*scale(target_share_season_avg,0.10,0.32)+0.15*scale(air_yard_share_season_avg,0.08,0.38)+0.15*scale(routes_consistency_index,0.60,0.95)+0.15*scale(target_earning_index,0.12,0.45)+0.15*scale(opportunity_concentration_score,0.18,0.56)","0.50*scale(12.00-feature_finish,0.00,12.00)+0.25*scale(11.00-feature_games_played,0.00,11.00)+0.25*scale(0.14-feature_target_share,0.00,0.14)"
00-0032977,R.Higgins,2021,2022,WR,0.0000,13.6980,0.0000,28.8889,0.0000,0.0000,25.0000,4.3103,wr_signal_score_role_balanced_v1,"0.50*scale(feature_targets_per_game,4.00,10.00)+0.50*scale(feature_target_share,0.12,0.30)","0.55*scale(feature_ppg_per_target,0.80,2.50)+0.45*scale(feature_ppg,6.00,18.00)","0.40*scale(48.00-feature_finish,0.00,36.00)+0.60*scale(expected_ppg_baseline-feature_ppg,0.00,4.00)","0.65*scale(feature_games_played,8.00,17.00)+0.35*scale(feature_total_ppr,80.00,260.00)","0.50*scale(feature_ppg_minus_cohort_expected,0.00,6.00)+0.30*scale(expected_finish_from_cohort-feature_finish,0.00,36.00)+0.20*scale(cohort_player_count,1.00,18.00)","0.20*scale(route_participation_season_avg,0.50,0.95)+0.20*scale(target_share_season_avg,0.10,0.32)+0.15*scale(air_yard_share_season_avg,0.08,0.38)+0.15*scale(routes_consistency_index,0.60,0.95)+0.15*scale(target_earning_index,0.12,0.45)+0.15*scale(opportunity_concentration_score,0.18,0.56)","0.50*scale(12.00-feature_finish,0.00,12.00)+0.25*scale(11.00-feature_games_played,0.00,11.00)+0.25*scale(0.14-feature_target_share,0.00,0.14)"
00-0036671,D.Milne,2021,2022,WR,0.0000,9.7049,0.0000,7.2222,20.0000,0.0000,29.5454,4.2219,wr_signal_score_role_balanced_v1,"0.50*scale(feature_targets_per_game,4.00,10.00)+0.50*scale(feature_target_share,0.12,0.30)","0.55*scale(feature_ppg_per_target,0.80,2.50)+0.45*scale(feature_ppg,6.00,18.00)","0.40*scale(48.00-feature_finish,0.00,36.00)+0.60*scale(expected_ppg_baseline-feature_ppg,0.00,4.00)","0.65*scale(feature_games_played,8.00,17.00)+0.35*scale(feature_total_ppr,80.00,260.00)","0.50*scale(feature_ppg_minus_cohort_expected,0.00,6.00)+0.30*scale(expected_finish_from_cohort-feature_finish,0.00,36.00)+0.20*scale(cohort_player_count,1.00,18.00)","0.20*scale(route_participation_season_avg,0.50,0.95)+0.20*scale(target_share_season_avg,0.10,0.32)+0.15*scale(air_yard_share_season_avg,0.08,0.38)+0.15*scale(routes_consistency_index,0.60,0.95)+0.15*scale(target_earning_index,0.12,0.45)+0.15*scale(opportunity_concentration_score,0.18,0.56)","0.50*scale(12.00-feature_finish,0.00,12.00)+0.25*scale(11.00-feature_games_played,0.00,11.00)+0.25*scale(0.14-feature_target_share,0.00,0.14)"
00-0034652,C.Batson,2021,2022,WR,0.0000,45.2927,0.0000,0.0000,0.0000,0.0000,43.1818,4.2030,wr_signal_score_role_balanced_v1,"0.50*scale(feature_targets_per_game,4.00,10.00)+0.50*scale(feature_target_share,0.12,0.30)","0.55*scale(feature_ppg_per_target,0.80,2.50)+0.45*scale(feature_ppg,6.00,18.00)","0.40*scale(48.00-feature_finish,0.00,36.00)+0.60*scale(expected_ppg_baseline-feature_ppg,0.00,4.00)","0.65*scale(feature_games_played,8.00,17.00)+0.35*scale(feature_total_ppr,80.00,260.00)","0.50*scale(feature_ppg_minus_cohort_expected,0.00,6.00)+0.30*scale(expected_finish_from_cohort-feature_finish,0.00,36.00)+0.20*scale(cohort_player_count,1.00,18.00)","0.20*scale(route_participation_season_avg,0.50,0.95)+0.20*scale(target_share_season_avg,0.10,0.32)+0.15*scale(air_yard_share_season_avg,0.08,0.38)+0.15*scale(routes_consistency_index,0.60,0.95)+0.15*scale(target_earning_index,0.12,0.45)+0.15*scale(opportunity_concentration_score,0.18,0.56)","0.50*scale(12.00-feature_finish,0.00,12.00)+0.25*scale(11.00-feature_games_played,0.00,11.00)+0.25*scale(0.14-feature_target_share,0.00,0.14)"
00-0036080,E.Winston,2021,2022,WR,0.0000,22.6471,0.0000,0.0000,20.0000,0.0000,47.7273,4.1334,wr_signal_score_role_balanced_v1,"0.50*scale(feature_targets_per_game,4.00,10.00)+0.50*scale(feature_target_share,0.12,0.30)","0.55*scale(feature_ppg_per_target,0.80,2.50)+0.45*scale(feature_ppg,6.00,18.00)","0.40*scale(48.00-feature_finish,0.00,36.00)+0.60*scale(expected_ppg_baseline-feature_ppg,0.00,4.00)","0.65*scale(feature_games_played,8.00,17.00)+0.35*scale(feature_total_ppr,80.00,260.00)","0.50*scale(feature_ppg_minus_cohort_expected,0.00,6.00)+0.30*scale(expected_finish_from_cohort-feature_finish,0.00,36.00)+0.20*scale(cohort_player_count,1.00,18.00)","0.20*scale(route_participation_season_avg,0.50,0.95)+0.20*scale(target_share_season_avg,0.10,0.32)+0.15*scale(air_yard_share_season_avg,0.08,0.38)+0.15*scale(routes_consistency_index,0.60,0.95)+0.15*scale(target_earning_index,0.12,0.45)+0.15*scale(opportunity_concentration_score,0.18,0.56)","0.50*scale(12.00-feature_finish,0.00,12.00)+0.25*scale(11.00-feature_games_played,0.00,11.00)+0.25*scale(0.14-feature_target_share,0.00,0.14)"
00-0035298,S.Miller,2021,2022,WR,0.0000,42.7778,0.0000,0.0000,0.0000,0.0000,38.6364,4.0985,wr_signal_score_role_balanced_v1,"0.50*scale(feature_targets_per_game,4.00,10.00)+0.50*scale(feature_target_share,0.12,0.30)","0.55*scale(feature_ppg_per_target,0.80,2.50)+0.45*scale(feature_ppg,6.00,18.00)","0.40*scale(48.00-feature_finish,0.00,36.00)+0.60*scale(expected_ppg_baseline-feature_ppg,0.00,4.00)","0.65*scale(feature_games_played,8.00,17.00)+0.35*scale(feature_total_ppr,80.00,260.00)","0.50*scale(feature_ppg_minus_cohort_expected,0.00,6.00)+0.30*scale(expected_finish_from_cohort-feature_finish,0.00,36.00)+0.20*scale(cohort_player_count,1.00,18.00)","0.20*scale(route_participation_season_avg,0.50,0.95)+0.20*scale(target_share_season_avg,0.10,0.32)+0.15*scale(air_yard_share_season_avg,0.08,0.38)+0.15*scale(routes_consistency_index,0.60,0.95)+0.15*scale(target_earning_index,0.12,0.45)+0.15*scale(opportunity_concentration_score,0.18,0.56)","0.50*scale(12.00-feature_finish,0.00,12.00)+0.25*scale(11.00-feature_games_played,0.00,11.00)+0.25*scale(0.14-feature_target_share,0.00,0.14)"
00-0032543,A.Erickson,2021,2022,WR,0.0000,42.8677,0.0000,0.0000,0.0000,0.0000,40.9091,3.9756,wr_signal_score_role_balanced_v1,"0.50*scale(feature_targets_per_game,4.00,10.00)+0.50*scale(feature_target_share,0.12,0.30)","0.55*scale(feature_ppg_per_target,0.80,2.50)+0.45*scale(feature_ppg,6.00,18.00)","0.40*scale(48.00-feature_finish,0.00,36.00)+0.60*scale(expected_ppg_baseline-feature_ppg,0.00,4.00)","0.65*scale(feature_games_played,8.00,17.00)+0.35*scale(feature_total_ppr,80.00,260.00)","0.50*scale(feature_ppg_minus_cohort_expected,0.00,6.00)+0.30*scale(expected_finish_from_cohort-feature_finish,0.00,36.00)+0.20*scale(cohort_player_count,1.00,18.00)","0.20*scale(route_participation_season_avg,0.50,0.95)+0.20*scale(target_share_season_avg,0.10,0.32)+0.15*scale(air_yard_share_season_avg,0.08,0.38)+0.15*scale(routes_consistency_index,0.60,0.95)+0.15*scale(target_earning_index,0.12,0.45)+0.15*scale(opportunity_concentration_score,0.18,0.56)","0.50*scale(12.00-feature_finish,0.00,12.00)+0.25*scale(11.00-feature_games_played,0.00,11.00)+0.25*scale(0.14-feature_target_share,0.00,0.14)"
00-0035891,C.White,2021,2022,WR,0.0000,18.8725,0.0000,0.0000,20.0000,0.0000,43.1818,3.8400,wr_signal_score_role_balanced_v1,"0.50*scale(feature_targets_per_game,4.00,10.00)+0.50*scale(feature_target_share,0.12,0.30)","0.55*scale(feature_ppg_per_target,0.80,2.50)+0.45*scale(feature_ppg,6.00,18.00)","0.40*scale(48.00-feature_finish,0.00,36.00)+0.60*scale(expected_ppg_baseline-feature_ppg,0.00,4.00)","0.65*scale(feature_games_played,8.00,17.00)+0.35*scale(feature_total_ppr,80.00,260.00)","0.50*scale(feature_ppg_minus_cohort_expected,0.00,6.00)+0.30*scale(expected_finish_from_cohort-feature_finish,0.00,36.00)+0.20*scale(cohort_player_count,1.00,18.00)","0.20*scale(route_participation_season_avg,0.50,0.95)+0.20*scale(target_share_season_avg,0.10,0.32)+0.15*scale(air_yard_share_season_avg,0.08,0.38)+0.15*scale(routes_consistency_index,0.60,0.95)+0.15*scale(target_earning_index,0.12,0.45)+0.15*scale(opportunity_concentration_score,0.18,0.56)","0.50*scale(12.00-feature_finish,0.00,12.00)+0.25*scale(11.00-feature_games_played,0.00,11.00)+0.25*scale(0.14-feature_target_share,0.00,0.14)"
00-0029664,J.Gordon,2021,2022,WR,0.0000,6.9318,0.0000,7.2222,20.0000,0.0000,29.5454,3.8059,wr_signal_score_role_balanced_v1,"0.50*scale(feature_targets_per_game,4.00,10.00)+0.50*scale(feature_target_share,0.12,0.30)","0.55*scale(feature_ppg_per_target,0.80,2.50)+0.45*scale(feature_ppg,6.00,18.00)","0.40*scale(48.00-feature_finish,0.00,36.00)+0.60*scale(expected_ppg_baseline-feature_ppg,0.00,4.00)","0.65*scale(feature_games_played,8.00,17.00)+0.35*scale(feature_total_ppr,80.00,260.00)","0.50*scale(feature_ppg_minus_cohort_expected,0.00,6.00)+0.30*scale(expected_finish_from_cohort-feature_finish,0.00,36.00)+0.20*scale(cohort_player_count,1.00,18.00)","0.20*scale(route_participation_season_avg,0.50,0.95)+0.20*scale(target_share_season_avg,0.10,0.32)+0.15*scale(air_yard_share_season_avg,0.08,0.38)+0.15*scale(routes_consistency_index,0.60,0.95)+0.15*scale(target_earning_index,0.12,0.45)+0.15*scale(opportunity_concentration_score,0.18,0.56)","0.50*scale(12.00-feature_finish,0.00,12.00)+0.25*scale(11.00-feature_games_played,0.00,11.00)+0.25*scale(0.14-feature_target_share,0.00,0.14)"
00-0032208,P.Dorsett,2021,2022,WR,0.0000,15.7143,0.0000,0.0000,20.0000,0.0000,38.6364,3.6390,wr_signal_score_role_balanced_v1,"0.50*scale(feature_targets_per_game,4.00,10.00)+0.50*scale(feature_target_share,0.12,0.30)","0.55*scale(feature_ppg_per_target,0.80,2.50)+0.45*scale(feature_ppg,6.00,18.00)","0.40*scale(48.00-feature_finish,0.00,36.00)+0.60*scale(expected_ppg_baseline-feature_ppg,0.00,4.00)","0.65*scale(feature_games_played,8.00,17.00)+0.35*scale(feature_total_ppr,80.00,260.00)","0.50*scale(feature_ppg_minus_cohort_expected,0.00,6.00)+0.30*scale(expected_finish_from_cohort-feature_finish,0.00,36.00)+0.20*scale(cohort_player_count,1.00,18.00)","0.20*scale(route_participation_season_avg,0.50,0.95)+0.20*scale(target_share_season_avg,0.10,0.32)+0.15*scale(air_yard_share_season_avg,0.08,0.38)+0.15*scale(routes_consistency_index,0.60,0.95)+0.15*scale(target_earning_index,0.12,0.45)+0.15*scale(opportunity_concentration_score,0.18,0.56)","0.50*scale(12.00-feature_finish,0.00,12.00)+0.25*scale(11.00-feature_games_played,0.00,11.00)+0.25*scale(0.14-feature_target_share,0.00,0.14)"
00-0033857,J.Smith-Schuster,2021,2022,WR,13.3333,17.9277,0.0000,0.0000,0.0000,0.0000,38.6364,3.5710,wr_signal_score_role_balanced_v1,"0.50*scale(feature_targets_per_game,4.00,10.00)+0.50*scale(feature_target_share,0.12,0.30)","0.55*scale(feature_ppg_per_target,0.80,2.50)+0.45*scale(feature_ppg,6.00,18.00)","0.40*scale(48.00-feature_finish,0.00,36.00)+0.60*scale(expected_ppg_baseline-feature_ppg,0.00,4.00)","0.65*scale(feature_games_played,8.00,17.00)+0.35*scale(feature_total_ppr,80.00,260.00)","0.50*scale(feature_ppg_minus_cohort_expected,0.00,6.00)+0.30*scale(expected_finish_from_cohort-feature_finish,0.00,36.00)+0.20*scale(cohort_player_count,1.00,18.00)","0.20*scale(route_participation_season_avg,0.50,0.95)+0.20*scale(target_share_season_avg,0.10,0.32)+0.15*scale(air_yard_share_season_avg,0.08,0.38)+0.15*scale(routes_consistency_index,0.60,0.95)+0.15*scale(target_earning_index,0.12,0.45)+0.15*scale(opportunity_concentration_score,0.18,0.56)","0.50*scale(12.00-feature_finish,0.00,12.00)+0.25*scale(11.00-feature_games_played,0.00,11.00)+0.25*scale(0.14-feature_target_share,0.00,0.14)"
00-0036862,B.Skowronek,2021,2022,WR,0.0000,13.4270,0.0000,0.0000,20.0000,0.0000,34.0909,3.5686,wr_signal_score_role_balanced_v1,"0.50*scale(feature_targets_per_game,4.00,10.00)+0.50*scale(feature_target_share,0.12,0.30)","0.55*scale(feature_ppg_per_target,0.80,2.50)+0.45*scale(feature_ppg,6.00,18.00)","0.40*scale(48.00-feature_finish,0.00,36.00)+0.60*scale(expected_ppg_baseline-feature_ppg,0.00,4.00)","0.65*scale(feature_games_played,8.00,17.00)+0.35*scale(feature_total_ppr,80.00,260.00)","0.50*scale(feature_ppg_minus_cohort_expected,0.00,6.00)+0.30*scale(expected_finish_from_cohort-feature_finish,0.00,36.00)+0.20*scale(cohort_player_count,1.00,18.00)","0.20*scale(route_participation_season_avg,0.50,0.95)+0.20*scale(target_share_season_avg,0.10,0.32)+0.15*scale(air_yard_share_season_avg,0.08,0.38)+0.15*scale(routes_consistency_index,0.60,0.95)+0.15*scale(target_earning_index,0.12,0.45)+0.15*scale(opportunity_concentration_score,0.18,0.56)","0.50*scale(12.00-feature_finish,0.00,12.00)+0.25*scale(11.00-feature_games_played,0.00,11.00)+0.25*scale(0.14-feature_target_share,0.00,0.14)"
00-0035645,G.Olszewski,2021,2022,WR,0.0000,38.8235,0.0000,0.0000,0.0000,0.0000,40.9091,3.3690,wr_signal_score_role_balanced_v1,"0.50*scale(feature_targets_per_game,4.00,10.00)+0.50*scale(feature_target_share,0.12,0.30)","0.55*scale(feature_ppg_per_target,0.80,2.50)+0.45*scale(feature_ppg,6.00,18.00)","0.40*scale(48.00-feature_finish,0.00,36.00)+0.60*scale(expected_ppg_baseline-feature_ppg,0.00,4.00)","0.65*scale(feature_games_played,8.00,17.00)+0.35*scale(feature_total_ppr,80.00,260.00)","0.50*scale(feature_ppg_minus_cohort_expected,0.00,6.00)+0.30*scale(expected_finish_from_cohort-feature_finish,0.00,36.00)+0.20*scale(cohort_player_count,1.00,18.00)","0.20*scale(route_participation_season_avg,0.50,0.95)+0.20*scale(target_share_season_avg,0.10,0.32)+0.15*scale(air_yard_share_season_avg,0.08,0.38)+0.15*scale(routes_consistency_index,0.60,0.95)+0.15*scale(target_earning_index,0.12,0.45)+0.15*scale(opportunity_concentration_score,0.18,0.56)","0.50*scale(12.00-feature_finish,0.00,12.00)+0.25*scale(11.00-feature_games_played,0.00,11.00)+0.25*scale(0.14-feature_target_share,0.00,0.14)"
00-0032054,B.Perriman,2021,2022,WR,0.0000,36.7003,0.0000,0.0000,0.0000,0.0000,38.6364,3.1869,wr_signal_score_role_balanced_v1,"0.50*scale(feature_targets_per_game,4.00,10.00)+0.50*scale(feature_target_share,0.12,0.30)","0.55*scale(feature_ppg_per_target,0.80,2.50)+0.45*scale(feature_ppg,6.00,18.00)","0.40*scale(48.00-feature_finish,0.00,36.00)+0.60*scale(expected_ppg_baseline-feature_ppg,0.00,4.00)","0.65*scale(feature_games_played,8.00,17.00)+0.35*scale(feature_total_ppr,80.00,260.00)","0.50*scale(feature_ppg_minus_cohort_expected,0.00,6.00)+0.30*scale(expected_finish_from_cohort-feature_finish,0.00,36.00)+0.20*scale(cohort_player_count,1.00,18.00)","0.20*scale(route_participation_season_avg,0.50,0.95)+0.20*scale(target_share_season_avg,0.10,0.32)+0.15*scale(air_yard_share_season_avg,0.08,0.38)+0.15*scale(routes_consistency_index,0.60,0.95)+0.15*scale(target_earning_index,0.12,0.45)+0.15*scale(opportunity_concentration_score,0.18,0.56)","0.50*scale(12.00-feature_finish,0.00,12.00)+0.25*scale(11.00-feature_games_played,0.00,11.00)+0.25*scale(0.14-feature_target_share,0.00,0.14)"
00-0033292,T.Taylor,2021,2022,WR,0.0000,40.2769,0.0000,0.0000,0.0000,0.0000,47.7273,3.1779,wr_signal_score_role_balanced_v1,"0.50*scale(feature_targets_per_game,4.00,10.00)+0.50*scale(feature_target_share,0.12,0.30)","0.55*scale(feature_ppg_per_target,0.80,2.50)+0.45*scale(feature_ppg,6.00,18.00)","0.40*scale(48.00-feature_finish,0.00,36.00)+0.60*scale(expected_ppg_baseline-feature_ppg,0.00,4.00)","0.65*scale(feature_games_played,8.00,17.00)+0.35*scale(feature_total_ppr,80.00,260.00)","0.50*scale(feature_ppg_minus_cohort_expected,0.00,6.00)+0.30*scale(expected_finish_from_cohort-feature_finish,0.00,36.00)+0.20*scale(cohort_player_count,1.00,18.00)","0.20*scale(route_participation_season_avg,0.50,0.95)+0.20*scale(target_share_season_avg,0.10,0.32)+0.15*scale(air_yard_share_season_avg,0.08,0.38)+0.15*scale(routes_consistency_index,0.60,0.95)+0.15*scale(target_earning_index,0.12,0.45)+0.15*scale(opportunity_concentration_score,0.18,0.56)","0.50*scale(12.00-feature_finish,0.00,12.00)+0.25*scale(11.00-feature_games_played,0.00,11.00)+0.25*scale(0.14-feature_target_share,0.00,0.14)"
00-0036991,A.Rodgers,2021,2022,WR,0.0000,12.9412,0.0000,0.0000,20.0000,0.0000,40.9091,3.0866,wr_signal_score_role_balanced_v1,"0.50*scale(feature_targets_per_game,4.00,10.00)+0.50*scale(feature_target_share,0.12,0.30)","0.55*scale(feature_ppg_per_target,0.80,2.50)+0.45*scale(feature_ppg,6.00,18.00)","0.40*scale(48.00-feature_finish,0.00,36.00)+0.60*scale(expected_ppg_baseline-feature_ppg,0.00,4.00)","0.65*scale(feature_games_played,8.00,17.00)+0.35*scale(feature_total_ppr,80.00,260.00)","0.50*scale(feature_ppg_minus_cohort_expected,0.00,6.00)+0.30*scale(expected_finish_from_cohort-feature_finish,0.00,36.00)+0.20*scale(cohort_player_count,1.00,18.00)","0.20*scale(route_participation_season_avg,0.50,0.95)+0.20*scale(target_share_season_avg,0.10,0.32)+0.15*scale(air_yard_share_season_avg,0.08,0.38)+0.15*scale(routes_consistency_index,0.60,0.95)+0.15*scale(target_earning_index,0.12,0.45)+0.15*scale(opportunity_concentration_score,0.18,0.56)","0.50*scale(12.00-feature_finish,0.00,12.00)+0.25*scale(11.00-feature_games_played,0.00,11.00)+0.25*scale(0.14-feature_target_share,0.00,0.14)"
00-0032200,T.Montgomery,2021,2022,WR,0.0000,11.3241,0.0000,21.6666,0.0000,0.0000,25.0000,3.0153,wr_signal_score_role_balanced_v1,"0.50*scale(feature_targets_per_game,4.00,10.00)+0.50*scale(feature_target_share,0.12,0.30)","0.55*scale(feature_ppg_per_target,0.80,2.50)+0.45*scale(feature_ppg,6.00,18.00)","0.40*scale(48.00-feature_finish,0.00,36.00)+0.60*scale(expected_ppg_baseline-feature_ppg,0.00,4.00)","0.65*scale(feature_games_played,8.00,17.00)+0.35*scale(feature_total_ppr,80.00,260.00)","0.50*scale(feature_ppg_minus_cohort_expected,0.00,6.00)+0.30*scale(expected_finish_from_cohort-feature_finish,0.00,36.00)+0.20*scale(cohort_player_count,1.00,18.00)","0.20*scale(route_participation_season_avg,0.50,0.95)+0.20*scale(target_share_season_avg,0.10,0.32)+0.15*scale(air_yard_share_season_avg,0.08,0.38)+0.15*scale(routes_consistency_index,0.60,0.95)+0.15*scale(target_earning_index,0.12,0.45)+0.15*scale(opportunity_concentration_score,0.18,0.56)","0.50*scale(12.00-feature_finish,0.00,12.00)+0.25*scale(11.00-feature_games_played,0.00,11.00)+0.25*scale(0.14-feature_target_share,0.00,0.14)"
00-0033094,M.Hall,2021,2022,WR,0.0000,38.8235,0.0000,0.0000,0.0000,0.0000,47.7273,2.9599,wr_signal_score_role_balanced_v1,"0.50*scale(feature_targets_per_game,4.00,10.00)+0.50*scale(feature_target_share,0.12,0.30)","0.55*scale(feature_ppg_per_target,0.80,2.50)+0.45*scale(feature_ppg,6.00,18.00)","0.40*scale(48.00-feature_finish,0.00,36.00)+0.60*scale(expected_ppg_baseline-feature_ppg,0.00,4.00)","0.65*scale(feature_games_played,8.00,17.00)+0.35*scale(feature_total_ppr,80.00,260.00)","0.50*scale(feature_ppg_minus_cohort_expected,0.00,6.00)+0.30*scale(expected_finish_from_cohort-feature_finish,0.00,36.00)+0.20*scale(cohort_player_count,1.00,18.00)","0.20*scale(route_participation_season_avg,0.50,0.95)+0.20*scale(target_share_season_avg,0.10,0.32)+0.15*scale(air_yard_share_season_avg,0.08,0.38)+0.15*scale(routes_consistency_index,0.60,0.95)+0.15*scale(target_earning_index,0.12,0.45)+0.15*scale(opportunity_concentration_score,0.18,0.56)","0.50*scale(12.00-feature_finish,0.00,12.00)+0.25*scale(11.00-feature_games_played,0.00,11.00)+0.25*scale(0.14-feature_target_share,0.00,0.14)"
00-0036382,K.Hill,2021,2022,WR,0.0000,38.8235,0.0000,0.0000,0.0000,0.0000,47.7273,2.9599,wr_signal_score_role_balanced_v1,"0.50*scale(feature_targets_per_game,4.00,10.00)+0.50*scale(feature_target_share,0.12,0.30)","0.55*scale(feature_ppg_per_target,0.80,2.50)+0.45*scale(feature_ppg,6.00,18.00)","0.40*scale(48.00-feature_finish,0.00,36.00)+0.60*scale(expected_ppg_baseline-feature_ppg,0.00,4.00)","0.65*scale(feature_games_played,8.00,17.00)+0.35*scale(feature_total_ppr,80.00,260.00)","0.50*scale(feature_ppg_minus_cohort_expected,0.00,6.00)+0.30*scale(expected_finish_from_cohort-feature_finish,0.00,36.00)+0.20*scale(cohort_player_count,1.00,18.00)","0.20*scale(route_participation_season_avg,0.50,0.95)+0.20*scale(target_share_season_avg,0.10,0.32)+0.15*scale(air_yard_share_season_avg,0.08,0.38)+0.15*scale(routes_consistency_index,0.60,0.95)+0.15*scale(target_earning_index,0.12,0.45)+0.15*scale(opportunity_concentration_score,0.18,0.56)","0.50*scale(12.00-feature_finish,0.00,12.00)+0.25*scale(11.00-feature_games_played,0.00,11.00)+0.25*scale(0.14-feature_target_share,0.00,0.14)"
00-0036133,J.Proche,2021,2022,WR,0.0000,32.6774,0.0000,0.0000,0.0000,0.0000,34.0909,2.8562,wr_signal_score_role_balanced_v1,"0.50*scale(feature_targets_per_game,4.00,10.00)+0.50*scale(feature_target_share,0.12,0.30)","0.55*scale(feature_ppg_per_target,0.80,2.50)+0.45*scale(feature_ppg,6.00,18.00)","0.40*scale(48.00-feature_finish,0.00,36.00)+0.60*scale(expected_ppg_baseline-feature_ppg,0.00,4.00)","0.65*scale(feature_games_played,8.00,17.00)+0.35*scale(feature_total_ppr,80.00,260.00)","0.50*scale(feature_ppg_minus_cohort_expected,0.00,6.00)+0.30*scale(expected_finish_from_cohort-feature_finish,0.00,36.00)+0.20*scale(cohort_player_count,1.00,18.00)","0.20*scale(route_participation_season_avg,0.50,0.95)+0.20*scale(target_share_season_avg,0.10,0.32)+0.15*scale(air_yard_share_season_avg,0.08,0.38)+0.15*scale(routes_consistency_index,0.60,0.95)+0.15*scale(target_earning_index,0.12,0.45)+0.15*scale(opportunity_concentration_score,0.18,0.56)","0.50*scale(12.00-feature_finish,0.00,12.00)+0.25*scale(11.00-feature_games_played,0.00,11.00)+0.25*scale(0.14-feature_target_share,0.00,0.14)"
00-0032160,T.Williams,2021,2022,WR,0.0000,10.7843,0.0000,0.0000,20.0000,0.0000,47.7273,2.3540,wr_signal_score_role_balanced_v1,"0.50*scale(feature_targets_per_game,4.00,10.00)+0.50*scale(feature_target_share,0.12,0.30)","0.55*scale(feature_ppg_per_target,0.80,2.50)+0.45*scale(feature_ppg,6.00,18.00)","0.40*scale(48.00-feature_finish,0.00,36.00)+0.60*scale(expected_ppg_baseline-feature_ppg,0.00,4.00)","0.65*scale(feature_games_played,8.00,17.00)+0.35*scale(feature_total_ppr,80.00,260.00)","0.50*scale(feature_ppg_minus_cohort_expected,0.00,6.00)+0.30*scale(expected_finish_from_cohort-feature_finish,0.00,36.00)+0.20*scale(cohort_player_count,1.00,18.00)","0.20*scale(route_participation_season_avg,0.50,0.95)+0.20*scale(target_share_season_avg,0.10,0.32)+0.15*scale(air_yard_share_season_avg,0.08,0.38)+0.15*scale(routes_consistency_index,0.60,0.95)+0.15*scale(target_earning_index,0.12,0.45)+0.15*scale(opportunity_concentration_score,0.18,0.56)","0.50*scale(12.00-feature_finish,0.00,12.00)+0.25*scale(11.00-feature_games_played,0.00,11.00)+0.25*scale(0.14-feature_target_share,0.00,0.14)"
00-0028237,C.Hogan,2021,2022,WR,0.0000,31.1397,0.0000,0.0000,0.0000,0.0000,38.6364,2.3528,wr_signal_score_role_balanced_v1,"0.50*scale(feature_targets_per_game,4.00,10.00)+0.50*scale(feature_target_share,0.12,0.30)","0.55*scale(feature_ppg_per_target,0.80,2.50)+0.45*scale(feature_ppg,6.00,18.00)","0.40*scale(48.00-feature_finish,0.00,36.00)+0.60*scale(expected_ppg_baseline-feature_ppg,0.00,4.00)","0.65*scale(feature_games_played,8.00,17.00)+0.35*scale(feature_total_ppr,80.00,260.00)","0.50*scale(feature_ppg_minus_cohort_expected,0.00,6.00)+0.30*scale(expected_finish_from_cohort-feature_finish,0.00,36.00)+0.20*scale(cohort_player_count,1.00,18.00)","0.20*scale(route_participation_season_avg,0.50,0.95)+0.20*scale(target_share_season_avg,0.10,0.32)+0.15*scale(air_yard_share_season_avg,0.08,0.38)+0.15*scale(routes_consistency_index,0.60,0.95)+0.15*scale(target_earning_index,0.12,0.45)+0.15*scale(opportunity_concentration_score,0.18,0.56)","0.50*scale(12.00-feature_finish,0.00,12.00)+0.25*scale(11.00-feature_games_played,0.00,11.00)+0.25*scale(0.14-feature_target_share,0.00,0.14)"
00-0036877,J.Darden,2021,2022,WR,0.0000,4.8527,0.0000,0.0000,20.0000,0.0000,34.0909,2.2825,wr_signal_score_role_balanced_v1,"0.50*scale(feature_targets_per_game,4.00,10.00)+0.50*scale(feature_target_share,0.12,0.30)","0.55*scale(feature_ppg_per_target,0.80,2.50)+0.45*scale(feature_ppg,6.00,18.00)","0.40*scale(48.00-feature_finish,0.00,36.00)+0.60*scale(expected_ppg_baseline-feature_ppg,0.00,4.00)","0.65*scale(feature_games_played,8.00,17.00)+0.35*scale(feature_total_ppr,80.00,260.00)","0.50*scale(feature_ppg_minus_cohort_expected,0.00,6.00)+0.30*scale(expected_finish_from_cohort-feature_finish,0.00,36.00)+0.20*scale(cohort_player_count,1.00,18.00)","0.20*scale(route_participation_season_avg,0.50,0.95)+0.20*scale(target_share_season_avg,0.10,0.32)+0.15*scale(air_yard_share_season_avg,0.08,0.38)+0.15*scale(routes_consistency_index,0.60,0.95)+0.15*scale(target_earning_index,0.12,0.45)+0.15*scale(opportunity_concentration_score,0.18,0.56)","0.50*scale(12.00-feature_finish,0.00,12.00)+0.25*scale(11.00-feature_games_played,0.00,11.00)+0.25*scale(0.14-feature_target_share,0.00,0.14)"
00-0034930,T.Benson,2021,2022,WR,0.0000,3.9702,0.0000,0.0000,20.0000,0.0000,34.0909,2.1501,wr_signal_score_role_balanced_v1,"0.50*scale(feature_targets_per_game,4.00,10.00)+0.50*scale(feature_target_share,0.12,0.30)","0.55*scale(feature_ppg_per_target,0.80,2.50)+0.45*scale(feature_ppg,6.00,18.00)","0.40*scale(48.00-feature_finish,0.00,36.00)+0.60*scale(expected_ppg_baseline-feature_ppg,0.00,4.00)","0.65*scale(feature_games_played,8.00,17.00)+0.35*scale(feature_total_ppr,80.00,260.00)","0.50*scale(feature_ppg_minus_cohort_expected,0.00,6.00)+0.30*scale(expected_finish_from_cohort-feature_finish,0.00,36.00)+0.20*scale(cohort_player_count,1.00,18.00)","0.20*scale(route_participation_season_avg,0.50,0.95)+0.20*scale(target_share_season_avg,0.10,0.32)+0.15*scale(air_yard_share_season_avg,0.08,0.38)+0.15*scale(routes_consistency_index,0.60,0.95)+0.15*scale(target_earning_index,0.12,0.45)+0.15*scale(opportunity_concentration_score,0.18,0.56)","0.50*scale(12.00-feature_finish,0.00,12.00)+0.25*scale(11.00-feature_games_played,0.00,11.00)+0.25*scale(0.14-feature_target_share,0.00,0.14)"
00-0033591,N.Brown,2021,2022,WR,0.0000,18.6349,0.0000,7.2222,0.0000,0.0000,29.5454,1.9614,wr_signal_score_role_balanced_v1,"0.50*scale(feature_targets_per_game,4.00,10.00)+0.50*scale(feature_target_share,0.12,0.30)","0.55*scale(feature_ppg_per_target,0.80,2.50)+0.45*scale(feature_ppg,6.00,18.00)","0.40*scale(48.00-feature_finish,0.00,36.00)+0.60*scale(expected_ppg_baseline-feature_ppg,0.00,4.00)","0.65*scale(feature_games_played,8.00,17.00)+0.35*scale(feature_total_ppr,80.00,260.00)","0.50*scale(feature_ppg_minus_cohort_expected,0.00,6.00)+0.30*scale(expected_finish_from_cohort-feature_finish,0.00,36.00)+0.20*scale(cohort_player_count,1.00,18.00)","0.20*scale(route_participation_season_avg,0.50,0.95)+0.20*scale(target_share_season_avg,0.10,0.32)+0.15*scale(air_yard_share_season_avg,0.08,0.38)+0.15*scale(routes_consistency_index,0.60,0.95)+0.15*scale(target_earning_index,0.12,0.45)+0.15*scale(opportunity_concentration_score,0.18,0.56)","0.50*scale(12.00-feature_finish,0.00,12.00)+0.25*scale(11.00-feature_games_played,0.00,11.00)+0.25*scale(0.14-feature_target_share,0.00,0.14)"
00-0034854,K.Hodge,2021,2022,WR,0.0000,10.9041,0.0000,14.4444,0.0000,0.0000,27.2727,1.8770,wr_signal_score_role_balanced_v1,"0.50*scale(feature_targets_per_game,4.00,10.00)+0.50*scale(feature_target_share,0.12,0.30)","0.55*scale(feature_ppg_per_target,0.80,2.50)+0.45*scale(feature_ppg,6.00,18.00)","0.40*scale(48.00-feature_finish,0.00,36.00)+0.60*scale(expected_ppg_baseline-feature_ppg,0.00,4.00)","0.65*scale(feature_games_played,8.00,17.00)+0.35*scale(feature_total_ppr,80.00,260.00)","0.50*scale(feature_ppg_minus_cohort_expected,0.00,6.00)+0.30*scale(expected_finish_from_cohort-feature_finish,0.00,36.00)+0.20*scale(cohort_player_count,1.00,18.00)","0.20*scale(route_participation_season_avg,0.50,0.95)+0.20*scale(target_share_season_avg,0.10,0.32)+0.15*scale(air_yard_share_season_avg,0.08,0.38)+0.15*scale(routes_consistency_index,0.60,0.95)+0.15*scale(target_earning_index,0.12,0.45)+0.15*scale(opportunity_concentration_score,0.18,0.56)","0.50*scale(12.00-feature_finish,0.00,12.00)+0.25*scale(11.00-feature_games_played,0.00,11.00)+0.25*scale(0.14-feature_target_share,0.00,0.14)"
00-0029269,T.Benjamin,2021,2022,WR,0.0000,0.0000,4.9995,0.0000,20.0000,0.0000,43.1818,1.8090,wr_signal_score_role_balanced_v1,"0.50*scale(feature_targets_per_game,4.00,10.00)+0.50*scale(feature_target_share,0.12,0.30)","0.55*scale(feature_ppg_per_target,0.80,2.50)+0.45*scale(feature_ppg,6.00,18.00)","0.40*scale(48.00-feature_finish,0.00,36.00)+0.60*scale(expected_ppg_baseline-feature_ppg,0.00,4.00)","0.65*scale(feature_games_played,8.00,17.00)+0.35*scale(feature_total_ppr,80.00,260.00)","0.50*scale(feature_ppg_minus_cohort_expected,0.00,6.00)+0.30*scale(expected_finish_from_cohort-feature_finish,0.00,36.00)+0.20*scale(cohort_player_count,1.00,18.00)","0.20*scale(route_participation_season_avg,0.50,0.95)+0.20*scale(target_share_season_avg,0.10,0.32)+0.15*scale(air_yard_share_season_avg,0.08,0.38)+0.15*scale(routes_consistency_index,0.60,0.95)+0.15*scale(target_earning_index,0.12,0.45)+0.15*scale(opportunity_concentration_score,0.18,0.56)","0.50*scale(12.00-feature_finish,0.00,12.00)+0.25*scale(11.00-feature_games_played,0.00,11.00)+0.25*scale(0.14-feature_target_share,0.00,0.14)"
00-0035593,J.Winfree,2021,2022,WR,0.0000,3.4841,0.0000,0.0000,20.0000,0.0000,38.6364,1.8044,wr_signal_score_role_balanced_v1,"0.50*scale(feature_targets_per_game,4.00,10.00)+0.50*scale(feature_target_share,0.12,0.30)","0.55*scale(feature_ppg_per_target,0.80,2.50)+0.45*scale(feature_ppg,6.00,18.00)","0.40*scale(48.00-feature_finish,0.00,36.00)+0.60*scale(expected_ppg_baseline-feature_ppg,0.00,4.00)","0.65*scale(feature_games_played,8.00,17.00)+0.35*scale(feature_total_ppr,80.00,260.00)","0.50*scale(feature_ppg_minus_cohort_expected,0.00,6.00)+0.30*scale(expected_finish_from_cohort-feature_finish,0.00,36.00)+0.20*scale(cohort_player_count,1.00,18.00)","0.20*scale(route_participation_season_avg,0.50,0.95)+0.20*scale(target_share_season_avg,0.10,0.32)+0.15*scale(air_yard_share_season_avg,0.08,0.38)+0.15*scale(routes_consistency_index,0.60,0.95)+0.15*scale(target_earning_index,0.12,0.45)+0.15*scale(opportunity_concentration_score,0.18,0.56)","0.50*scale(12.00-feature_finish,0.00,12.00)+0.25*scale(11.00-feature_games_played,0.00,11.00)+0.25*scale(0.14-feature_target_share,0.00,0.14)"
00-0031545,K.White,2021,2022,WR,0.0000,5.1758,0.0000,0.0000,20.0000,0.0000,43.1818,1.7855,wr_signal_score_role_balanced_v1,"0.50*scale(feature_targets_per_game,4.00,10.00)+0.50*scale(feature_target_share,0.12,0.30)","0.55*scale(feature_ppg_per_target,0.80,2.50)+0.45*scale(feature_ppg,6.00,18.00)","0.40*scale(48.00-feature_finish,0.00,36.00)+0.60*scale(expected_ppg_baseline-feature_ppg,0.00,4.00)","0.65*scale(feature_games_played,8.00,17.00)+0.35*scale(feature_total_ppr,80.00,260.00)","0.50*scale(feature_ppg_minus_cohort_expected,0.00,6.00)+0.30*scale(expected_finish_from_cohort-feature_finish,0.00,36.00)+0.20*scale(cohort_player_count,1.00,18.00)","0.20*scale(route_participation_season_avg,0.50,0.95)+0.20*scale(target_share_season_avg,0.10,0.32)+0.15*scale(air_yard_share_season_avg,0.08,0.38)+0.15*scale(routes_consistency_index,0.60,0.95)+0.15*scale(target_earning_index,0.12,0.45)+0.15*scale(opportunity_concentration_score,0.18,0.56)","0.50*scale(12.00-feature_finish,0.00,12.00)+0.25*scale(11.00-feature_games_played,0.00,11.00)+0.25*scale(0.14-feature_target_share,0.00,0.14)"
00-0035639,P.Campbell,2021,2022,WR,0.0000,26.2064,0.0000,0.0000,0.0000,0.0000,36.3636,1.7491,wr_signal_score_role_balanced_v1,"0.50*scale(feature_targets_per_game,4.00,10.00)+0.50*scale(feature_target_share,0.12,0.30)","0.55*scale(feature_ppg_per_target,0.80,2.50)+0.45*scale(feature_ppg,6.00,18.00)","0.40*scale(48.00-feature_finish,0.00,36.00)+0.60*scale(expected_ppg_baseline-feature_ppg,0.00,4.00)","0.65*scale(feature_games_played,8.00,17.00)+0.35*scale(feature_total_ppr,80.00,260.00)","0.50*scale(feature_ppg_minus_cohort_expected,0.00,6.00)+0.30*scale(expected_finish_from_cohort-feature_finish,0.00,36.00)+0.20*scale(cohort_player_count,1.00,18.00)","0.20*scale(route_participation_season_avg,0.50,0.95)+0.20*scale(target_share_season_avg,0.10,0.32)+0.15*scale(air_yard_share_season_avg,0.08,0.38)+0.15*scale(routes_consistency_index,0.60,0.95)+0.15*scale(target_earning_index,0.12,0.45)+0.15*scale(opportunity_concentration_score,0.18,0.56)","0.50*scale(12.00-feature_finish,0.00,12.00)+0.25*scale(11.00-feature_games_played,0.00,11.00)+0.25*scale(0.14-feature_target_share,0.00,0.14)"
00-0036652,R.McMath,2021,2022,WR,0.0000,0.0000,2.8800,0.0000,20.0000,0.0000,38.6364,1.7426,wr_signal_score_role_balanced_v1,"0.50*scale(feature_targets_per_game,4.00,10.00)+0.50*scale(feature_target_share,0.12,0.30)","0.55*scale(feature_ppg_per_target,0.80,2.50)+0.45*scale(feature_ppg,6.00,18.00)","0.40*scale(48.00-feature_finish,0.00,36.00)+0.60*scale(expected_ppg_baseline-feature_ppg,0.00,4.00)","0.65*scale(feature_games_played,8.00,17.00)+0.35*scale(feature_total_ppr,80.00,260.00)","0.50*scale(feature_ppg_minus_cohort_expected,0.00,6.00)+0.30*scale(expected_finish_from_cohort-feature_finish,0.00,36.00)+0.20*scale(cohort_player_count,1.00,18.00)","0.20*scale(route_participation_season_avg,0.50,0.95)+0.20*scale(target_share_season_avg,0.10,0.32)+0.15*scale(air_yard_share_season_avg,0.08,0.38)+0.15*scale(routes_consistency_index,0.60,0.95)+0.15*scale(target_earning_index,0.12,0.45)+0.15*scale(opportunity_concentration_score,0.18,0.56)","0.50*scale(12.00-feature_finish,0.00,12.00)+0.25*scale(11.00-feature_games_played,0.00,11.00)+0.25*scale(0.14-feature_target_share,0.00,0.14)"
00-0036491,T.Black,2021,2022,WR,0.0000,6.4706,0.0000,0.0000,20.0000,0.0000,47.7273,1.7070,wr_signal_score_role_balanced_v1,"0.50*scale(feature_targets_per_game,4.00,10.00)+0.50*scale(feature_target_share,0.12,0.30)","0.55*scale(feature_ppg_per_target,0.80,2.50)+0.45*scale(feature_ppg,6.00,18.00)","0.40*scale(48.00-feature_finish,0.00,36.00)+0.60*scale(expected_ppg_baseline-feature_ppg,0.00,4.00)","0.65*scale(feature_games_played,8.00,17.00)+0.35*scale(feature_total_ppr,80.00,260.00)","0.50*scale(feature_ppg_minus_cohort_expected,0.00,6.00)+0.30*scale(expected_finish_from_cohort-feature_finish,0.00,36.00)+0.20*scale(cohort_player_count,1.00,18.00)","0.20*scale(route_participation_season_avg,0.50,0.95)+0.20*scale(target_share_season_avg,0.10,0.32)+0.15*scale(air_yard_share_season_avg,0.08,0.38)+0.15*scale(routes_consistency_index,0.60,0.95)+0.15*scale(target_earning_index,0.12,0.45)+0.15*scale(opportunity_concentration_score,0.18,0.56)","0.50*scale(12.00-feature_finish,0.00,12.00)+0.25*scale(11.00-feature_games_played,0.00,11.00)+0.25*scale(0.14-feature_target_share,0.00,0.14)"
00-0032626,G.Allison,2021,2022,WR,0.0000,0.0000,6.0000,0.0000,20.0000,0.0000,47.7273,1.6964,wr_signal_score_role_balanced_v1,"0.50*scale(feature_targets_per_game,4.00,10.00)+0.50*scale(feature_target_share,0.12,0.30)","0.55*scale(feature_ppg_per_target,0.80,2.50)+0.45*scale(feature_ppg,6.00,18.00)","0.40*scale(48.00-feature_finish,0.00,36.00)+0.60*scale(expected_ppg_baseline-feature_ppg,0.00,4.00)","0.65*scale(feature_games_played,8.00,17.00)+0.35*scale(feature_total_ppr,80.00,260.00)","0.50*scale(feature_ppg_minus_cohort_expected,0.00,6.00)+0.30*scale(expected_finish_from_cohort-feature_finish,0.00,36.00)+0.20*scale(cohort_player_count,1.00,18.00)","0.20*scale(route_participation_season_avg,0.50,0.95)+0.20*scale(target_share_season_avg,0.10,0.32)+0.15*scale(air_yard_share_season_avg,0.08,0.38)+0.15*scale(routes_consistency_index,0.60,0.95)+0.15*scale(target_earning_index,0.12,0.45)+0.15*scale(opportunity_concentration_score,0.18,0.56)","0.50*scale(12.00-feature_finish,0.00,12.00)+0.25*scale(11.00-feature_games_played,0.00,11.00)+0.25*scale(0.14-feature_target_share,0.00,0.14)"
00-0033367,C.Board,2021,2022,WR,0.0000,26.4216,0.0000,0.0000,0.0000,0.0000,40.9091,1.5087,wr_signal_score_role_balanced_v1,"0.50*scale(feature_targets_per_game,4.00,10.00)+0.50*scale(feature_target_share,0.12,0.30)","0.55*scale(feature_ppg_per_target,0.80,2.50)+0.45*scale(feature_ppg,6.00,18.00)","0.40*scale(48.00-feature_finish,0.00,36.00)+0.60*scale(expected_ppg_baseline-feature_ppg,0.00,4.00)","0.65*scale(feature_games_played,8.00,17.00)+0.35*scale(feature_total_ppr,80.00,260.00)","0.50*scale(feature_ppg_minus_cohort_expected,0.00,6.00)+0.30*scale(expected_finish_from_cohort-feature_finish,0.00,36.00)+0.20*scale(cohort_player_count,1.00,18.00)","0.20*scale(route_participation_season_avg,0.50,0.95)+0.20*scale(target_share_season_avg,0.10,0.32)+0.15*scale(air_yard_share_season_avg,0.08,0.38)+0.15*scale(routes_consistency_index,0.60,0.95)+0.15*scale(target_earning_index,0.12,0.45)+0.15*scale(opportunity_concentration_score,0.18,0.56)","0.50*scale(12.00-feature_finish,0.00,12.00)+0.25*scale(11.00-feature_games_played,0.00,11.00)+0.25*scale(0.14-feature_target_share,0.00,0.14)"
00-0035101,D.Davis,2021,2022,WR,0.0000,3.2353,0.0000,0.0000,20.0000,0.0000,45.4545,1.3580,wr_signal_score_role_balanced_v1,"0.50*scale(feature_targets_per_game,4.00,10.00)+0.50*scale(feature_target_share,0.12,0.30)","0.55*scale(feature_ppg_per_target,0.80,2.50)+0.45*scale(feature_ppg,6.00,18.00)","0.40*scale(48.00-feature_finish,0.00,36.00)+0.60*scale(expected_ppg_baseline-feature_ppg,0.00,4.00)","0.65*scale(feature_games_played,8.00,17.00)+0.35*scale(feature_total_ppr,80.00,260.00)","0.50*scale(feature_ppg_minus_cohort_expected,0.00,6.00)+0.30*scale(expected_finish_from_cohort-feature_finish,0.00,36.00)+0.20*scale(cohort_player_count,1.00,18.00)","0.20*scale(route_participation_season_avg,0.50,0.95)+0.20*scale(target_share_season_avg,0.10,0.32)+0.15*scale(air_yard_share_season_avg,0.08,0.38)+0.15*scale(routes_consistency_index,0.60,0.95)+0.15*scale(target_earning_index,0.12,0.45)+0.15*scale(opportunity_concentration_score,0.18,0.56)","0.50*scale(12.00-feature_finish,0.00,12.00)+0.25*scale(11.00-feature_games_played,0.00,11.00)+0.25*scale(0.14-feature_target_share,0.00,0.14)"
00-0036907,D.Newsome,2021,2022,WR,0.0000,1.9406,0.0000,0.0000,20.0000,0.0000,43.1818,1.3002,wr_signal_score_role_balanced_v1,"0.50*scale(feature_targets_per_game,4.00,10.00)+0.50*scale(feature_target_share,0.12,0.30)","0.55*scale(feature_ppg_per_target,0.80,2.50)+0.45*scale(feature_ppg,6.00,18.00)","0.40*scale(48.00-feature_finish,0.00,36.00)+0.60*scale(expected_ppg_baseline-feature_ppg,0.00,4.00)","0.65*scale(feature_games_played,8.00,17.00)+0.35*scale(feature_total_ppr,80.00,260.00)","0.50*scale(feature_ppg_minus_cohort_expected,0.00,6.00)+0.30*scale(expected_finish_from_cohort-feature_finish,0.00,36.00)+0.20*scale(cohort_player_count,1.00,18.00)","0.20*scale(route_participation_season_avg,0.50,0.95)+0.20*scale(target_share_season_avg,0.10,0.32)+0.15*scale(air_yard_share_season_avg,0.08,0.38)+0.15*scale(routes_consistency_index,0.60,0.95)+0.15*scale(target_earning_index,0.12,0.45)+0.15*scale(opportunity_concentration_score,0.18,0.56)","0.50*scale(12.00-feature_finish,0.00,12.00)+0.25*scale(11.00-feature_games_played,0.00,11.00)+0.25*scale(0.14-feature_target_share,0.00,0.14)"
00-0035399,S.Morgan,2021,2022,WR,0.0000,1.6183,0.0000,0.0000,20.0000,0.0000,43.1818,1.2518,wr_signal_score_role_balanced_v1,"0.50*scale(feature_targets_per_game,4.00,10.00)+0.50*scale(feature_target_share,0.12,0.30)","0.55*scale(feature_ppg_per_target,0.80,2.50)+0.45*scale(feature_ppg,6.00,18.00)","0.40*scale(48.00-feature_finish,0.00,36.00)+0.60*scale(expected_ppg_baseline-feature_ppg,0.00,4.00)","0.65*scale(feature_games_played,8.00,17.00)+0.35*scale(feature_total_ppr,80.00,260.00)","0.50*scale(feature_ppg_minus_cohort_expected,0.00,6.00)+0.30*scale(expected_finish_from_cohort-feature_finish,0.00,36.00)+0.20*scale(cohort_player_count,1.00,18.00)","0.20*scale(route_participation_season_avg,0.50,0.95)+0.20*scale(target_share_season_avg,0.10,0.32)+0.15*scale(air_yard_share_season_avg,0.08,0.38)+0.15*scale(routes_consistency_index,0.60,0.95)+0.15*scale(target_earning_index,0.12,0.45)+0.15*scale(opportunity_concentration_score,0.18,0.56)","0.50*scale(12.00-feature_finish,0.00,12.00)+0.25*scale(11.00-feature_games_played,0.00,11.00)+0.25*scale(0.14-feature_target_share,0.00,0.14)"
00-0031934,D.Smith,2021,2022,WR,0.0000,0.0000,3.0000,0.0000,20.0000,0.0000,47.7273,1.2164,wr_signal_score_role_balanced_v1,"0.50*scale(feature_targets_per_game,4.00,10.00)+0.50*scale(feature_target_share,0.12,0.30)","0.55*scale(feature_ppg_per_target,0.80,2.50)+0.45*scale(feature_ppg,6.00,18.00)","0.40*scale(48.00-feature_finish,0.00,36.00)+0.60*scale(expected_ppg_baseline-feature_ppg,0.00,4.00)","0.65*scale(feature_games_played,8.00,17.00)+0.35*scale(feature_total_ppr,80.00,260.00)","0.50*scale(feature_ppg_minus_cohort_expected,0.00,6.00)+0.30*scale(expected_finish_from_cohort-feature_finish,0.00,36.00)+0.20*scale(cohort_player_count,1.00,18.00)","0.20*scale(route_participation_season_avg,0.50,0.95)+0.20*scale(target_share_season_avg,0.10,0.32)+0.15*scale(air_yard_share_season_avg,0.08,0.38)+0.15*scale(routes_consistency_index,0.60,0.95)+0.15*scale(target_earning_index,0.12,0.45)+0.15*scale(opportunity_concentration_score,0.18,0.56)","0.50*scale(12.00-feature_finish,0.00,12.00)+0.25*scale(11.00-feature_games_played,0.00,11.00)+0.25*scale(0.14-feature_target_share,0.00,0.14)"
00-0033957,R.Adams,2021,2022,WR,0.0000,0.0000,3.0000,0.0000,20.0000,0.0000,47.7273,1.2164,wr_signal_score_role_balanced_v1,"0.50*scale(feature_targets_per_game,4.00,10.00)+0.50*scale(feature_target_share,0.12,0.30)","0.55*scale(feature_ppg_per_target,0.80,2.50)+0.45*scale(feature_ppg,6.00,18.00)","0.40*scale(48.00-feature_finish,0.00,36.00)+0.60*scale(expected_ppg_baseline-feature_ppg,0.00,4.00)","0.65*scale(feature_games_played,8.00,17.00)+0.35*scale(feature_total_ppr,80.00,260.00)","0.50*scale(feature_ppg_minus_cohort_expected,0.00,6.00)+0.30*scale(expected_finish_from_cohort-feature_finish,0.00,36.00)+0.20*scale(cohort_player_count,1.00,18.00)","0.20*scale(route_participation_season_avg,0.50,0.95)+0.20*scale(target_share_season_avg,0.10,0.32)+0.15*scale(air_yard_share_season_avg,0.08,0.38)+0.15*scale(routes_consistency_index,0.60,0.95)+0.15*scale(target_earning_index,0.12,0.45)+0.15*scale(opportunity_concentration_score,0.18,0.56)","0.50*scale(12.00-feature_finish,0.00,12.00)+0.25*scale(11.00-feature_games_played,0.00,11.00)+0.25*scale(0.14-feature_target_share,0.00,0.14)"
00-0036308,I.Coulter,2021,2022,WR,0.0000,0.0000,3.0000,0.0000,20.0000,0.0000,47.7273,1.2164,wr_signal_score_role_balanced_v1,"0.50*scale(feature_targets_per_game,4.00,10.00)+0.50*scale(feature_target_share,0.12,0.30)","0.55*scale(feature_ppg_per_target,0.80,2.50)+0.45*scale(feature_ppg,6.00,18.00)","0.40*scale(48.00-feature_finish,0.00,36.00)+0.60*scale(expected_ppg_baseline-feature_ppg,0.00,4.00)","0.65*scale(feature_games_played,8.00,17.00)+0.35*scale(feature_total_ppr,80.00,260.00)","0.50*scale(feature_ppg_minus_cohort_expected,0.00,6.00)+0.30*scale(expected_finish_from_cohort-feature_finish,0.00,36.00)+0.20*scale(cohort_player_count,1.00,18.00)","0.20*scale(route_participation_season_avg,0.50,0.95)+0.20*scale(target_share_season_avg,0.10,0.32)+0.15*scale(air_yard_share_season_avg,0.08,0.38)+0.15*scale(routes_consistency_index,0.60,0.95)+0.15*scale(target_earning_index,0.12,0.45)+0.15*scale(opportunity_concentration_score,0.18,0.56)","0.50*scale(12.00-feature_finish,0.00,12.00)+0.25*scale(11.00-feature_games_played,0.00,11.00)+0.25*scale(0.14-feature_target_share,0.00,0.14)"
00-0035359,D.Sills,2021,2022,WR,0.0000,0.0000,0.3375,0.0000,20.0000,0.0000,40.9091,1.1995,wr_signal_score_role_balanced_v1,"0.50*scale(feature_targets_per_game,4.00,10.00)+0.50*scale(feature_target_share,0.12,0.30)","0.55*scale(feature_ppg_per_target,0.80,2.50)+0.45*scale(feature_ppg,6.00,18.00)","0.40*scale(48.00-feature_finish,0.00,36.00)+0.60*scale(expected_ppg_baseline-feature_ppg,0.00,4.00)","0.65*scale(feature_games_played,8.00,17.00)+0.35*scale(feature_total_ppr,80.00,260.00)","0.50*scale(feature_ppg_minus_cohort_expected,0.00,6.00)+0.30*scale(expected_finish_from_cohort-feature_finish,0.00,36.00)+0.20*scale(cohort_player_count,1.00,18.00)","0.20*scale(route_participation_season_avg,0.50,0.95)+0.20*scale(target_share_season_avg,0.10,0.32)+0.15*scale(air_yard_share_season_avg,0.08,0.38)+0.15*scale(routes_consistency_index,0.60,0.95)+0.15*scale(target_earning_index,0.12,0.45)+0.15*scale(opportunity_concentration_score,0.18,0.56)","0.50*scale(12.00-feature_finish,0.00,12.00)+0.25*scale(11.00-feature_games_played,0.00,11.00)+0.25*scale(0.14-feature_target_share,0.00,0.14)"
00-0036630,T.Wallace,2021,2022,WR,0.0000,0.0000,0.0000,0.0000,20.0000,0.0000,40.9091,1.1455,wr_signal_score_role_balanced_v1,"0.50*scale(feature_targets_per_game,4.00,10.00)+0.50*scale(feature_target_share,0.12,0.30)","0.55*scale(feature_ppg_per_target,0.80,2.50)+0.45*scale(feature_ppg,6.00,18.00)","0.40*scale(48.00-feature_finish,0.00,36.00)+0.60*scale(expected_ppg_baseline-feature_ppg,0.00,4.00)","0.65*scale(feature_games_played,8.00,17.00)+0.35*scale(feature_total_ppr,80.00,260.00)","0.50*scale(feature_ppg_minus_cohort_expected,0.00,6.00)+0.30*scale(expected_finish_from_cohort-feature_finish,0.00,36.00)+0.20*scale(cohort_player_count,1.00,18.00)","0.20*scale(route_participation_season_avg,0.50,0.95)+0.20*scale(target_share_season_avg,0.10,0.32)+0.15*scale(air_yard_share_season_avg,0.08,0.38)+0.15*scale(routes_consistency_index,0.60,0.95)+0.15*scale(target_earning_index,0.12,0.45)+0.15*scale(opportunity_concentration_score,0.18,0.56)","0.50*scale(12.00-feature_finish,0.00,12.00)+0.25*scale(11.00-feature_games_played,0.00,11.00)+0.25*scale(0.14-feature_target_share,0.00,0.14)"
00-0034279,E.St. Brown,2021,2022,WR,0.0000,12.5604,0.0000,7.2222,0.0000,0.0000,29.5454,1.0502,wr_signal_score_role_balanced_v1,"0.50*scale(feature_targets_per_game,4.00,10.00)+0.50*scale(feature_target_share,0.12,0.30)","0.55*scale(feature_ppg_per_target,0.80,2.50)+0.45*scale(feature_ppg,6.00,18.00)","0.40*scale(48.00-feature_finish,0.00,36.00)+0.60*scale(expected_ppg_baseline-feature_ppg,0.00,4.00)","0.65*scale(feature_games_played,8.00,17.00)+0.35*scale(feature_total_ppr,80.00,260.00)","0.50*scale(feature_ppg_minus_cohort_expected,0.00,6.00)+0.30*scale(expected_finish_from_cohort-feature_finish,0.00,36.00)+0.20*scale(cohort_player_count,1.00,18.00)","0.20*scale(route_participation_season_avg,0.50,0.95)+0.20*scale(target_share_season_avg,0.10,0.32)+0.15*scale(air_yard_share_season_avg,0.08,0.38)+0.15*scale(routes_consistency_index,0.60,0.95)+0.15*scale(target_earning_index,0.12,0.45)+0.15*scale(opportunity_concentration_score,0.18,0.56)","0.50*scale(12.00-feature_finish,0.00,12.00)+0.25*scale(11.00-feature_games_played,0.00,11.00)+0.25*scale(0.14-feature_target_share,0.00,0.14)"
00-0034487,T.Sherfield,2021,2022,WR,0.0000,12.4563,0.0000,7.2222,0.0000,0.0000,29.5454,1.0346,wr_signal_score_role_balanced_v1,"0.50*scale(feature_targets_per_game,4.00,10.00)+0.50*scale(feature_target_share,0.12,0.30)","0.55*scale(feature_ppg_per_target,0.80,2.50)+0.45*scale(feature_ppg,6.00,18.00)","0.40*scale(48.00-feature_finish,0.00,36.00)+0.60*scale(expected_ppg_baseline-feature_ppg,0.00,4.00)","0.65*scale(feature_games_played,8.00,17.00)+0.35*scale(feature_total_ppr,80.00,260.00)","0.50*scale(feature_ppg_minus_cohort_expected,0.00,6.00)+0.30*scale(expected_finish_from_cohort-feature_finish,0.00,36.00)+0.20*scale(cohort_player_count,1.00,18.00)","0.20*scale(route_participation_season_avg,0.50,0.95)+0.20*scale(target_share_season_avg,0.10,0.32)+0.15*scale(air_yard_share_season_avg,0.08,0.38)+0.15*scale(routes_consistency_index,0.60,0.95)+0.15*scale(target_earning_index,0.12,0.45)+0.15*scale(opportunity_concentration_score,0.18,0.56)","0.50*scale(12.00-feature_finish,0.00,12.00)+0.25*scale(11.00-feature_games_played,0.00,11.00)+0.25*scale(0.14-feature_target_share,0.00,0.14)"
00-0035703,M.Boykin,2021,2022,WR,0.0000,25.8823,0.0000,0.0000,0.0000,0.0000,47.7273,1.0187,wr_signal_score_role_balanced_v1,"0.50*scale(feature_targets_per_game,4.00,10.00)+0.50*scale(feature_target_share,0.12,0.30)","0.55*scale(feature_ppg_per_target,0.80,2.50)+0.45*scale(feature_ppg,6.00,18.00)","0.40*scale(48.00-feature_finish,0.00,36.00)+0.60*scale(expected_ppg_baseline-feature_ppg,0.00,4.00)","0.65*scale(feature_games_played,8.00,17.00)+0.35*scale(feature_total_ppr,80.00,260.00)","0.50*scale(feature_ppg_minus_cohort_expected,0.00,6.00)+0.30*scale(expected_finish_from_cohort-feature_finish,0.00,36.00)+0.20*scale(cohort_player_count,1.00,18.00)","0.20*scale(route_participation_season_avg,0.50,0.95)+0.20*scale(target_share_season_avg,0.10,0.32)+0.15*scale(air_yard_share_season_avg,0.08,0.38)+0.15*scale(routes_consistency_index,0.60,0.95)+0.15*scale(target_earning_index,0.12,0.45)+0.15*scale(opportunity_concentration_score,0.18,0.56)","0.50*scale(12.00-feature_finish,0.00,12.00)+0.25*scale(11.00-feature_games_played,0.00,11.00)+0.25*scale(0.14-feature_target_share,0.00,0.14)"
00-0036951,F.Darby,2021,2022,WR,0.0000,0.0000,0.6000,0.0000,20.0000,0.0000,45.4545,0.9687,wr_signal_score_role_balanced_v1,"0.50*scale(feature_targets_per_game,4.00,10.00)+0.50*scale(feature_target_share,0.12,0.30)","0.55*scale(feature_ppg_per_target,0.80,2.50)+0.45*scale(feature_ppg,6.00,18.00)","0.40*scale(48.00-feature_finish,0.00,36.00)+0.60*scale(expected_ppg_baseline-feature_ppg,0.00,4.00)","0.65*scale(feature_games_played,8.00,17.00)+0.35*scale(feature_total_ppr,80.00,260.00)","0.50*scale(feature_ppg_minus_cohort_expected,0.00,6.00)+0.30*scale(expected_finish_from_cohort-feature_finish,0.00,36.00)+0.20*scale(cohort_player_count,1.00,18.00)","0.20*scale(route_participation_season_avg,0.50,0.95)+0.20*scale(target_share_season_avg,0.10,0.32)+0.15*scale(air_yard_share_season_avg,0.08,0.38)+0.15*scale(routes_consistency_index,0.60,0.95)+0.15*scale(target_earning_index,0.12,0.45)+0.15*scale(opportunity_concentration_score,0.18,0.56)","0.50*scale(12.00-feature_finish,0.00,12.00)+0.25*scale(11.00-feature_games_played,0.00,11.00)+0.25*scale(0.14-feature_target_share,0.00,0.14)"
00-0035602,A.Bachman,2021,2022,WR,0.0000,0.0000,1.3500,0.0000,20.0000,0.0000,47.7273,0.9524,wr_signal_score_role_balanced_v1,"0.50*scale(feature_targets_per_game,4.00,10.00)+0.50*scale(feature_target_share,0.12,0.30)","0.55*scale(feature_ppg_per_target,0.80,2.50)+0.45*scale(feature_ppg,6.00,18.00)","0.40*scale(48.00-feature_finish,0.00,36.00)+0.60*scale(expected_ppg_baseline-feature_ppg,0.00,4.00)","0.65*scale(feature_games_played,8.00,17.00)+0.35*scale(feature_total_ppr,80.00,260.00)","0.50*scale(feature_ppg_minus_cohort_expected,0.00,6.00)+0.30*scale(expected_finish_from_cohort-feature_finish,0.00,36.00)+0.20*scale(cohort_player_count,1.00,18.00)","0.20*scale(route_participation_season_avg,0.50,0.95)+0.20*scale(target_share_season_avg,0.10,0.32)+0.15*scale(air_yard_share_season_avg,0.08,0.38)+0.15*scale(routes_consistency_index,0.60,0.95)+0.15*scale(target_earning_index,0.12,0.45)+0.15*scale(opportunity_concentration_score,0.18,0.56)","0.50*scale(12.00-feature_finish,0.00,12.00)+0.25*scale(11.00-feature_games_played,0.00,11.00)+0.25*scale(0.14-feature_target_share,0.00,0.14)"
00-0036255,D.Mims,2021,2022,WR,0.0000,4.0793,0.0000,14.4444,0.0000,0.0000,27.2727,0.8533,wr_signal_score_role_balanced_v1,"0.50*scale(feature_targets_per_game,4.00,10.00)+0.50*scale(feature_target_share,0.12,0.30)","0.55*scale(feature_ppg_per_target,0.80,2.50)+0.45*scale(feature_ppg,6.00,18.00)","0.40*scale(48.00-feature_finish,0.00,36.00)+0.60*scale(expected_ppg_baseline-feature_ppg,0.00,4.00)","0.65*scale(feature_games_played,8.00,17.00)+0.35*scale(feature_total_ppr,80.00,260.00)","0.50*scale(feature_ppg_minus_cohort_expected,0.00,6.00)+0.30*scale(expected_finish_from_cohort-feature_finish,0.00,36.00)+0.20*scale(cohort_player_count,1.00,18.00)","0.20*scale(route_participation_season_avg,0.50,0.95)+0.20*scale(target_share_season_avg,0.10,0.32)+0.15*scale(air_yard_share_season_avg,0.08,0.38)+0.15*scale(routes_consistency_index,0.60,0.95)+0.15*scale(target_earning_index,0.12,0.45)+0.15*scale(opportunity_concentration_score,0.18,0.56)","0.50*scale(12.00-feature_finish,0.00,12.00)+0.25*scale(11.00-feature_games_played,0.00,11.00)+0.25*scale(0.14-feature_target_share,0.00,0.14)"
00-0029632,M.Sanu,2021,2022,WR,0.0000,18.1985,0.0000,0.0000,0.0000,0.0000,31.8182,0.8207,wr_signal_score_role_balanced_v1,"0.50*scale(feature_targets_per_game,4.00,10.00)+0.50*scale(feature_target_share,0.12,0.30)","0.55*scale(feature_ppg_per_target,0.80,2.50)+0.45*scale(feature_ppg,6.00,18.00)","0.40*scale(48.00-feature_finish,0.00,36.00)+0.60*scale(expected_ppg_baseline-feature_ppg,0.00,4.00)","0.65*scale(feature_games_played,8.00,17.00)+0.35*scale(feature_total_ppr,80.00,260.00)","0.50*scale(feature_ppg_minus_cohort_expected,0.00,6.00)+0.30*scale(expected_finish_from_cohort-feature_finish,0.00,36.00)+0.20*scale(cohort_player_count,1.00,18.00)","0.20*scale(route_participation_season_avg,0.50,0.95)+0.20*scale(target_share_season_avg,0.10,0.32)+0.15*scale(air_yard_share_season_avg,0.08,0.38)+0.15*scale(routes_consistency_index,0.60,0.95)+0.15*scale(target_earning_index,0.12,0.45)+0.15*scale(opportunity_concentration_score,0.18,0.56)","0.50*scale(12.00-feature_finish,0.00,12.00)+0.25*scale(11.00-feature_games_played,0.00,11.00)+0.25*scale(0.14-feature_target_share,0.00,0.14)"
00-0035844,K.Merritt,2021,2022,WR,0.0000,0.0000,0.0000,0.0000,20.0000,0.0000,47.7273,0.7364,wr_signal_score_role_balanced_v1,"0.50*scale(feature_targets_per_game,4.00,10.00)+0.50*scale(feature_target_share,0.12,0.30)","0.55*scale(feature_ppg_per_target,0.80,2.50)+0.45*scale(feature_ppg,6.00,18.00)","0.40*scale(48.00-feature_finish,0.00,36.00)+0.60*scale(expected_ppg_baseline-feature_ppg,0.00,4.00)","0.65*scale(feature_games_played,8.00,17.00)+0.35*scale(feature_total_ppr,80.00,260.00)","0.50*scale(feature_ppg_minus_cohort_expected,0.00,6.00)+0.30*scale(expected_finish_from_cohort-feature_finish,0.00,36.00)+0.20*scale(cohort_player_count,1.00,18.00)","0.20*scale(route_participation_season_avg,0.50,0.95)+0.20*scale(target_share_season_avg,0.10,0.32)+0.15*scale(air_yard_share_season_avg,0.08,0.38)+0.15*scale(routes_consistency_index,0.60,0.95)+0.15*scale(target_earning_index,0.12,0.45)+0.15*scale(opportunity_concentration_score,0.18,0.56)","0.50*scale(12.00-feature_finish,0.00,12.00)+0.25*scale(11.00-feature_games_played,0.00,11.00)+0.25*scale(0.14-feature_target_share,0.00,0.14)"
00-0035883,M.Ffrench,2021,2022,WR,0.0000,0.0000,0.0000,0.0000,20.0000,0.0000,47.7273,0.7364,wr_signal_score_role_balanced_v1,"0.50*scale(feature_targets_per_game,4.00,10.00)+0.50*scale(feature_target_share,0.12,0.30)","0.55*scale(feature_ppg_per_target,0.80,2.50)+0.45*scale(feature_ppg,6.00,18.00)","0.40*scale(48.00-feature_finish,0.00,36.00)+0.60*scale(expected_ppg_baseline-feature_ppg,0.00,4.00)","0.65*scale(feature_games_played,8.00,17.00)+0.35*scale(feature_total_ppr,80.00,260.00)","0.50*scale(feature_ppg_minus_cohort_expected,0.00,6.00)+0.30*scale(expected_finish_from_cohort-feature_finish,0.00,36.00)+0.20*scale(cohort_player_count,1.00,18.00)","0.20*scale(route_participation_season_avg,0.50,0.95)+0.20*scale(target_share_season_avg,0.10,0.32)+0.15*scale(air_yard_share_season_avg,0.08,0.38)+0.15*scale(routes_consistency_index,0.60,0.95)+0.15*scale(target_earning_index,0.12,0.45)+0.15*scale(opportunity_concentration_score,0.18,0.56)","0.50*scale(12.00-feature_finish,0.00,12.00)+0.25*scale(11.00-feature_games_played,0.00,11.00)+0.25*scale(0.14-feature_target_share,0.00,0.14)"
00-0034366,K.Coutee,2021,2022,WR,0.0000,22.6471,0.0000,0.0000,0.0000,0.0000,47.7273,0.5334,wr_signal_score_role_balanced_v1,"0.50*scale(feature_targets_per_game,4.00,10.00)+0.50*scale(feature_target_share,0.12,0.30)","0.55*scale(feature_ppg_per_target,0.80,2.50)+0.45*scale(feature_ppg,6.00,18.00)","0.40*scale(48.00-feature_finish,0.00,36.00)+0.60*scale(expected_ppg_baseline-feature_ppg,0.00,4.00)","0.65*scale(feature_games_played,8.00,17.00)+0.35*scale(feature_total_ppr,80.00,260.00)","0.50*scale(feature_ppg_minus_cohort_expected,0.00,6.00)+0.30*scale(expected_finish_from_cohort-feature_finish,0.00,36.00)+0.20*scale(cohort_player_count,1.00,18.00)","0.20*scale(route_participation_season_avg,0.50,0.95)+0.20*scale(target_share_season_avg,0.10,0.32)+0.15*scale(air_yard_share_season_avg,0.08,0.38)+0.15*scale(routes_consistency_index,0.60,0.95)+0.15*scale(target_earning_index,0.12,0.45)+0.15*scale(opportunity_concentration_score,0.18,0.56)","0.50*scale(12.00-feature_finish,0.00,12.00)+0.25*scale(11.00-feature_games_played,0.00,11.00)+0.25*scale(0.14-feature_target_share,0.00,0.14)"
00-0035022,P.Hart,2021,2022,WR,0.0000,8.8980,0.0000,7.2222,0.0000,0.0000,29.5454,0.5009,wr_signal_score_role_balanced_v1,"0.50*scale(feature_targets_per_game,4.00,10.00)+0.50*scale(feature_target_share,0.12,0.30)","0.55*scale(feature_ppg_per_target,0.80,2.50)+0.45*scale(feature_ppg,6.00,18.00)","0.40*scale(48.00-feature_finish,0.00,36.00)+0.60*scale(expected_ppg_baseline-feature_ppg,0.00,4.00)","0.65*scale(feature_games_played,8.00,17.00)+0.35*scale(feature_total_ppr,80.00,260.00)","0.50*scale(feature_ppg_minus_cohort_expected,0.00,6.00)+0.30*scale(expected_finish_from_cohort-feature_finish,0.00,36.00)+0.20*scale(cohort_player_count,1.00,18.00)","0.20*scale(route_participation_season_avg,0.50,0.95)+0.20*scale(target_share_season_avg,0.10,0.32)+0.15*scale(air_yard_share_season_avg,0.08,0.38)+0.15*scale(routes_consistency_index,0.60,0.95)+0.15*scale(target_earning_index,0.12,0.45)+0.15*scale(opportunity_concentration_score,0.18,0.56)","0.50*scale(12.00-feature_finish,0.00,12.00)+0.25*scale(11.00-feature_games_played,0.00,11.00)+0.25*scale(0.14-feature_target_share,0.00,0.14)"
00-0032980,M.Johnson,2021,2022,WR,0.0000,16.3466,0.0000,0.0000,0.0000,0.0000,34.0909,0.4065,wr_signal_score_role_balanced_v1,"0.50*scale(feature_targets_per_game,4.00,10.00)+0.50*scale(feature_target_share,0.12,0.30)","0.55*scale(feature_ppg_per_target,0.80,2.50)+0.45*scale(feature_ppg,6.00,18.00)","0.40*scale(48.00-feature_finish,0.00,36.00)+0.60*scale(expected_ppg_baseline-feature_ppg,0.00,4.00)","0.65*scale(feature_games_played,8.00,17.00)+0.35*scale(feature_total_ppr,80.00,260.00)","0.50*scale(feature_ppg_minus_cohort_expected,0.00,6.00)+0.30*scale(expected_finish_from_cohort-feature_finish,0.00,36.00)+0.20*scale(cohort_player_count,1.00,18.00)","0.20*scale(route_participation_season_avg,0.50,0.95)+0.20*scale(target_share_season_avg,0.10,0.32)+0.15*scale(air_yard_share_season_avg,0.08,0.38)+0.15*scale(routes_consistency_index,0.60,0.95)+0.15*scale(target_earning_index,0.12,0.45)+0.15*scale(opportunity_concentration_score,0.18,0.56)","0.50*scale(12.00-feature_finish,0.00,12.00)+0.25*scale(11.00-feature_games_played,0.00,11.00)+0.25*scale(0.14-feature_target_share,0.00,0.14)"
00-0035510,J.Smith,2021,2022,WR,0.0000,10.6575,0.0000,0.0000,0.0000,0.0000,31.8182,-0.3105,wr_signal_score_role_balanced_v1,"0.50*scale(feature_targets_per_game,4.00,10.00)+0.50*scale(feature_target_share,0.12,0.30)","0.55*scale(feature_ppg_per_target,0.80,2.50)+0.45*scale(feature_ppg,6.00,18.00)","0.40*scale(48.00-feature_finish,0.00,36.00)+0.60*scale(expected_ppg_baseline-feature_ppg,0.00,4.00)","0.65*scale(feature_games_played,8.00,17.00)+0.35*scale(feature_total_ppr,80.00,260.00)","0.50*scale(feature_ppg_minus_cohort_expected,0.00,6.00)+0.30*scale(expected_finish_from_cohort-feature_finish,0.00,36.00)+0.20*scale(cohort_player_count,1.00,18.00)","0.20*scale(route_participation_season_avg,0.50,0.95)+0.20*scale(target_share_season_avg,0.10,0.32)+0.15*scale(air_yard_share_season_avg,0.08,0.38)+0.15*scale(routes_consistency_index,0.60,0.95)+0.15*scale(target_earning_index,0.12,0.45)+0.15*scale(opportunity_concentration_score,0.18,0.56)","0.50*scale(12.00-feature_finish,0.00,12.00)+0.25*scale(11.00-feature_games_played,0.00,11.00)+0.25*scale(0.14-feature_target_share,0.00,0.14)"
00-0033839,D.Westbrook,2021,2022,WR,0.0000,10.3529,0.0000,0.0000,0.0000,0.0000,31.8182,-0.3562,wr_signal_score_role_balanced_v1,"0.50*scale(feature_targets_per_game,4.00,10.00)+0.50*scale(feature_target_share,0.12,0.30)","0.55*scale(feature_ppg_per_target,0.80,2.50)+0.45*scale(feature_ppg,6.00,18.00)","0.40*scale(48.00-feature_finish,0.00,36.00)+0.60*scale(expected_ppg_baseline-feature_ppg,0.00,4.00)","0.65*scale(feature_games_played,8.00,17.00)+0.35*scale(feature_total_ppr,80.00,260.00)","0.50*scale(feature_ppg_minus_cohort_expected,0.00,6.00)+0.30*scale(expected_finish_from_cohort-feature_finish,0.00,36.00)+0.20*scale(cohort_player_count,1.00,18.00)","0.20*scale(route_participation_season_avg,0.50,0.95)+0.20*scale(target_share_season_avg,0.10,0.32)+0.15*scale(air_yard_share_season_avg,0.08,0.38)+0.15*scale(routes_consistency_index,0.60,0.95)+0.15*scale(target_earning_index,0.12,0.45)+0.15*scale(opportunity_concentration_score,0.18,0.56)","0.50*scale(12.00-feature_finish,0.00,12.00)+0.25*scale(11.00-feature_games_played,0.00,11.00)+0.25*scale(0.14-feature_target_share,0.00,0.14)"
00-0036412,K.Hamler,2021,2022,WR,0.0000,14.2357,0.0000,0.0000,0.0000,0.0000,43.1818,-0.4556,wr_signal_score_role_balanced_v1,"0.50*scale(feature_targets_per_game,4.00,10.00)+0.50*scale(feature_target_share,0.12,0.30)","0.55*scale(feature_ppg_per_target,0.80,2.50)+0.45*scale(feature_ppg,6.00,18.00)","0.40*scale(48.00-feature_finish,0.00,36.00)+0.60*scale(expected_ppg_baseline-feature_ppg,0.00,4.00)","0.65*scale(feature_games_played,8.00,17.00)+0.35*scale(feature_total_ppr,80.00,260.00)","0.50*scale(feature_ppg_minus_cohort_expected,0.00,6.00)+0.30*scale(expected_finish_from_cohort-feature_finish,0.00,36.00)+0.20*scale(cohort_player_count,1.00,18.00)","0.20*scale(route_participation_season_avg,0.50,0.95)+0.20*scale(target_share_season_avg,0.10,0.32)+0.15*scale(air_yard_share_season_avg,0.08,0.38)+0.15*scale(routes_consistency_index,0.60,0.95)+0.15*scale(target_earning_index,0.12,0.45)+0.15*scale(opportunity_concentration_score,0.18,0.56)","0.50*scale(12.00-feature_finish,0.00,12.00)+0.25*scale(11.00-feature_games_played,0.00,11.00)+0.25*scale(0.14-feature_target_share,0.00,0.14)"
00-0034353,A.Miller,2021,2022,WR,0.0000,13.2108,0.0000,0.0000,0.0000,0.0000,43.1818,-0.6093,wr_signal_score_role_balanced_v1,"0.50*scale(feature_targets_per_game,4.00,10.00)+0.50*scale(feature_target_share,0.12,0.30)","0.55*scale(feature_ppg_per_target,0.80,2.50)+0.45*scale(feature_ppg,6.00,18.00)","0.40*scale(48.00-feature_finish,0.00,36.00)+0.60*scale(expected_ppg_baseline-feature_ppg,0.00,4.00)","0.65*scale(feature_games_played,8.00,17.00)+0.35*scale(feature_total_ppr,80.00,260.00)","0.50*scale(feature_ppg_minus_cohort_expected,0.00,6.00)+0.30*scale(expected_finish_from_cohort-feature_finish,0.00,36.00)+0.20*scale(cohort_player_count,1.00,18.00)","0.20*scale(route_participation_season_avg,0.50,0.95)+0.20*scale(target_share_season_avg,0.10,0.32)+0.15*scale(air_yard_share_season_avg,0.08,0.38)+0.15*scale(routes_consistency_index,0.60,0.95)+0.15*scale(target_earning_index,0.12,0.45)+0.15*scale(opportunity_concentration_score,0.18,0.56)","0.50*scale(12.00-feature_finish,0.00,12.00)+0.25*scale(11.00-feature_games_played,0.00,11.00)+0.25*scale(0.14-feature_target_share,0.00,0.14)"
00-0033282,C.Samuel,2021,2022,WR,0.0000,9.3464,0.0000,0.0000,0.0000,0.0000,38.6364,-0.9162,wr_signal_score_role_balanced_v1,"0.50*scale(feature_targets_per_game,4.00,10.00)+0.50*scale(feature_target_share,0.12,0.30)","0.55*scale(feature_ppg_per_target,0.80,2.50)+0.45*scale(feature_ppg,6.00,18.00)","0.40*scale(48.00-feature_finish,0.00,36.00)+0.60*scale(expected_ppg_baseline-feature_ppg,0.00,4.00)","0.65*scale(feature_games_played,8.00,17.00)+0.35*scale(feature_total_ppr,80.00,260.00)","0.50*scale(feature_ppg_minus_cohort_expected,0.00,6.00)+0.30*scale(expected_finish_from_cohort-feature_finish,0.00,36.00)+0.20*scale(cohort_player_count,1.00,18.00)","0.20*scale(route_participation_season_avg,0.50,0.95)+0.20*scale(target_share_season_avg,0.10,0.32)+0.15*scale(air_yard_share_season_avg,0.08,0.38)+0.15*scale(routes_consistency_index,0.60,0.95)+0.15*scale(target_earning_index,0.12,0.45)+0.15*scale(opportunity_concentration_score,0.18,0.56)","0.50*scale(12.00-feature_finish,0.00,12.00)+0.25*scale(11.00-feature_games_played,0.00,11.00)+0.25*scale(0.14-feature_target_share,0.00,0.14)"
00-0036254,C.Johnson,2021,2022,WR,0.0000,7.2409,0.0000,0.0000,0.0000,0.0000,34.0909,-0.9593,wr_signal_score_role_balanced_v1,"0.50*scale(feature_targets_per_game,4.00,10.00)+0.50*scale(feature_target_share,0.12,0.30)","0.55*scale(feature_ppg_per_target,0.80,2.50)+0.45*scale(feature_ppg,6.00,18.00)","0.40*scale(48.00-feature_finish,0.00,36.00)+0.60*scale(expected_ppg_baseline-feature_ppg,0.00,4.00)","0.65*scale(feature_games_played,8.00,17.00)+0.35*scale(feature_total_ppr,80.00,260.00)","0.50*scale(feature_ppg_minus_cohort_expected,0.00,6.00)+0.30*scale(expected_finish_from_cohort-feature_finish,0.00,36.00)+0.20*scale(cohort_player_count,1.00,18.00)","0.20*scale(route_participation_season_avg,0.50,0.95)+0.20*scale(target_share_season_avg,0.10,0.32)+0.15*scale(air_yard_share_season_avg,0.08,0.38)+0.15*scale(routes_consistency_index,0.60,0.95)+0.15*scale(target_earning_index,0.12,0.45)+0.15*scale(opportunity_concentration_score,0.18,0.56)","0.50*scale(12.00-feature_finish,0.00,12.00)+0.25*scale(11.00-feature_games_played,0.00,11.00)+0.25*scale(0.14-feature_target_share,0.00,0.14)"
00-0035246,J.Arcega-Whiteside,2021,2022,WR,0.0000,10.3522,0.0000,0.0000,0.0000,0.0000,43.1818,-1.0381,wr_signal_score_role_balanced_v1,"0.50*scale(feature_targets_per_game,4.00,10.00)+0.50*scale(feature_target_share,0.12,0.30)","0.55*scale(feature_ppg_per_target,0.80,2.50)+0.45*scale(feature_ppg,6.00,18.00)","0.40*scale(48.00-feature_finish,0.00,36.00)+0.60*scale(expected_ppg_baseline-feature_ppg,0.00,4.00)","0.65*scale(feature_games_played,8.00,17.00)+0.35*scale(feature_total_ppr,80.00,260.00)","0.50*scale(feature_ppg_minus_cohort_expected,0.00,6.00)+0.30*scale(expected_finish_from_cohort-feature_finish,0.00,36.00)+0.20*scale(cohort_player_count,1.00,18.00)","0.20*scale(route_participation_season_avg,0.50,0.95)+0.20*scale(target_share_season_avg,0.10,0.32)+0.15*scale(air_yard_share_season_avg,0.08,0.38)+0.15*scale(routes_consistency_index,0.60,0.95)+0.15*scale(target_earning_index,0.12,0.45)+0.15*scale(opportunity_concentration_score,0.18,0.56)","0.50*scale(12.00-feature_finish,0.00,12.00)+0.25*scale(11.00-feature_games_played,0.00,11.00)+0.25*scale(0.14-feature_target_share,0.00,0.14)"
00-0030663,W.Snead,2021,2022,WR,0.0000,5.6606,0.0000,0.0000,0.0000,0.0000,34.0909,-1.1964,wr_signal_score_role_balanced_v1,"0.50*scale(feature_targets_per_game,4.00,10.00)+0.50*scale(feature_target_share,0.12,0.30)","0.55*scale(feature_ppg_per_target,0.80,2.50)+0.45*scale(feature_ppg,6.00,18.00)","0.40*scale(48.00-feature_finish,0.00,36.00)+0.60*scale(expected_ppg_baseline-feature_ppg,0.00,4.00)","0.65*scale(feature_games_played,8.00,17.00)+0.35*scale(feature_total_ppr,80.00,260.00)","0.50*scale(feature_ppg_minus_cohort_expected,0.00,6.00)+0.30*scale(expected_finish_from_cohort-feature_finish,0.00,36.00)+0.20*scale(cohort_player_count,1.00,18.00)","0.20*scale(route_participation_season_avg,0.50,0.95)+0.20*scale(target_share_season_avg,0.10,0.32)+0.15*scale(air_yard_share_season_avg,0.08,0.38)+0.15*scale(routes_consistency_index,0.60,0.95)+0.15*scale(target_earning_index,0.12,0.45)+0.15*scale(opportunity_concentration_score,0.18,0.56)","0.50*scale(12.00-feature_finish,0.00,12.00)+0.25*scale(11.00-feature_games_played,0.00,11.00)+0.25*scale(0.14-feature_target_share,0.00,0.14)"
00-0035480,M.Taylor,2021,2022,WR,0.0000,10.7843,0.0000,0.0000,0.0000,0.0000,47.7273,-1.2460,wr_signal_score_role_balanced_v1,"0.50*scale(feature_targets_per_game,4.00,10.00)+0.50*scale(feature_target_share,0.12,0.30)","0.55*scale(feature_ppg_per_target,0.80,2.50)+0.45*scale(feature_ppg,6.00,18.00)","0.40*scale(48.00-feature_finish,0.00,36.00)+0.60*scale(expected_ppg_baseline-feature_ppg,0.00,4.00)","0.65*scale(feature_games_played,8.00,17.00)+0.35*scale(feature_total_ppr,80.00,260.00)","0.50*scale(feature_ppg_minus_cohort_expected,0.00,6.00)+0.30*scale(expected_finish_from_cohort-feature_finish,0.00,36.00)+0.20*scale(cohort_player_count,1.00,18.00)","0.20*scale(route_participation_season_avg,0.50,0.95)+0.20*scale(target_share_season_avg,0.10,0.32)+0.15*scale(air_yard_share_season_avg,0.08,0.38)+0.15*scale(routes_consistency_index,0.60,0.95)+0.15*scale(target_earning_index,0.12,0.45)+0.15*scale(opportunity_concentration_score,0.18,0.56)","0.50*scale(12.00-feature_finish,0.00,12.00)+0.25*scale(11.00-feature_games_played,0.00,11.00)+0.25*scale(0.14-feature_target_share,0.00,0.14)"
00-0035341,T.Irwin,2021,2022,WR,0.0000,9.0588,0.0000,0.0000,0.0000,0.0000,45.4545,-1.3684,wr_signal_score_role_balanced_v1,"0.50*scale(feature_targets_per_game,4.00,10.00)+0.50*scale(feature_target_share,0.12,0.30)","0.55*scale(feature_ppg_per_target,0.80,2.50)+0.45*scale(feature_ppg,6.00,18.00)","0.40*scale(48.00-feature_finish,0.00,36.00)+0.60*scale(expected_ppg_baseline-feature_ppg,0.00,4.00)","0.65*scale(feature_games_played,8.00,17.00)+0.35*scale(feature_total_ppr,80.00,260.00)","0.50*scale(feature_ppg_minus_cohort_expected,0.00,6.00)+0.30*scale(expected_finish_from_cohort-feature_finish,0.00,36.00)+0.20*scale(cohort_player_count,1.00,18.00)","0.20*scale(route_participation_season_avg,0.50,0.95)+0.20*scale(target_share_season_avg,0.10,0.32)+0.15*scale(air_yard_share_season_avg,0.08,0.38)+0.15*scale(routes_consistency_index,0.60,0.95)+0.15*scale(target_earning_index,0.12,0.45)+0.15*scale(opportunity_concentration_score,0.18,0.56)","0.50*scale(12.00-feature_finish,0.00,12.00)+0.25*scale(11.00-feature_games_played,0.00,11.00)+0.25*scale(0.14-feature_target_share,0.00,0.14)"
00-0033127,W.Fuller,2021,2022,WR,0.0000,8.8971,0.0000,0.0000,0.0000,0.0000,45.4545,-1.3927,wr_signal_score_role_balanced_v1,"0.50*scale(feature_targets_per_game,4.00,10.00)+0.50*scale(feature_target_share,0.12,0.30)","0.55*scale(feature_ppg_per_target,0.80,2.50)+0.45*scale(feature_ppg,6.00,18.00)","0.40*scale(48.00-feature_finish,0.00,36.00)+0.60*scale(expected_ppg_baseline-feature_ppg,0.00,4.00)","0.65*scale(feature_games_played,8.00,17.00)+0.35*scale(feature_total_ppr,80.00,260.00)","0.50*scale(feature_ppg_minus_cohort_expected,0.00,6.00)+0.30*scale(expected_finish_from_cohort-feature_finish,0.00,36.00)+0.20*scale(cohort_player_count,1.00,18.00)","0.20*scale(route_participation_season_avg,0.50,0.95)+0.20*scale(target_share_season_avg,0.10,0.32)+0.15*scale(air_yard_share_season_avg,0.08,0.38)+0.15*scale(routes_consistency_index,0.60,0.95)+0.15*scale(target_earning_index,0.12,0.45)+0.15*scale(opportunity_concentration_score,0.18,0.56)","0.50*scale(12.00-feature_finish,0.00,12.00)+0.25*scale(11.00-feature_games_played,0.00,11.00)+0.25*scale(0.14-feature_target_share,0.00,0.14)"
00-0033386,C.Hollister,2021,2022,WR,0.0000,7.8576,0.0000,0.0000,0.0000,0.0000,43.1818,-1.4123,wr_signal_score_role_balanced_v1,"0.50*scale(feature_targets_per_game,4.00,10.00)+0.50*scale(feature_target_share,0.12,0.30)","0.55*scale(feature_ppg_per_target,0.80,2.50)+0.45*scale(feature_ppg,6.00,18.00)","0.40*scale(48.00-feature_finish,0.00,36.00)+0.60*scale(expected_ppg_baseline-feature_ppg,0.00,4.00)","0.65*scale(feature_games_played,8.00,17.00)+0.35*scale(feature_total_ppr,80.00,260.00)","0.50*scale(feature_ppg_minus_cohort_expected,0.00,6.00)+0.30*scale(expected_finish_from_cohort-feature_finish,0.00,36.00)+0.20*scale(cohort_player_count,1.00,18.00)","0.20*scale(route_participation_season_avg,0.50,0.95)+0.20*scale(target_share_season_avg,0.10,0.32)+0.15*scale(air_yard_share_season_avg,0.08,0.38)+0.15*scale(routes_consistency_index,0.60,0.95)+0.15*scale(target_earning_index,0.12,0.45)+0.15*scale(opportunity_concentration_score,0.18,0.56)","0.50*scale(12.00-feature_finish,0.00,12.00)+0.25*scale(11.00-feature_games_played,0.00,11.00)+0.25*scale(0.14-feature_target_share,0.00,0.14)"
00-0033114,M.Thomas,2021,2022,WR,0.0000,4.1182,0.0000,0.0000,0.0000,0.0000,34.0909,-1.4277,wr_signal_score_role_balanced_v1,"0.50*scale(feature_targets_per_game,4.00,10.00)+0.50*scale(feature_target_share,0.12,0.30)","0.55*scale(feature_ppg_per_target,0.80,2.50)+0.45*scale(feature_ppg,6.00,18.00)","0.40*scale(48.00-feature_finish,0.00,36.00)+0.60*scale(expected_ppg_baseline-feature_ppg,0.00,4.00)","0.65*scale(feature_games_played,8.00,17.00)+0.35*scale(feature_total_ppr,80.00,260.00)","0.50*scale(feature_ppg_minus_cohort_expected,0.00,6.00)+0.30*scale(expected_finish_from_cohort-feature_finish,0.00,36.00)+0.20*scale(cohort_player_count,1.00,18.00)","0.20*scale(route_participation_season_avg,0.50,0.95)+0.20*scale(target_share_season_avg,0.10,0.32)+0.15*scale(air_yard_share_season_avg,0.08,0.38)+0.15*scale(routes_consistency_index,0.60,0.95)+0.15*scale(target_earning_index,0.12,0.45)+0.15*scale(opportunity_concentration_score,0.18,0.56)","0.50*scale(12.00-feature_finish,0.00,12.00)+0.25*scale(11.00-feature_games_played,0.00,11.00)+0.25*scale(0.14-feature_target_share,0.00,0.14)"
00-0033006,J.Mickens,2021,2022,WR,0.0000,6.4706,0.0000,0.0000,0.0000,0.0000,45.4545,-1.7567,wr_signal_score_role_balanced_v1,"0.50*scale(feature_targets_per_game,4.00,10.00)+0.50*scale(feature_target_share,0.12,0.30)","0.55*scale(feature_ppg_per_target,0.80,2.50)+0.45*scale(feature_ppg,6.00,18.00)","0.40*scale(48.00-feature_finish,0.00,36.00)+0.60*scale(expected_ppg_baseline-feature_ppg,0.00,4.00)","0.65*scale(feature_games_played,8.00,17.00)+0.35*scale(feature_total_ppr,80.00,260.00)","0.50*scale(feature_ppg_minus_cohort_expected,0.00,6.00)+0.30*scale(expected_finish_from_cohort-feature_finish,0.00,36.00)+0.20*scale(cohort_player_count,1.00,18.00)","0.20*scale(route_participation_season_avg,0.50,0.95)+0.20*scale(target_share_season_avg,0.10,0.32)+0.15*scale(air_yard_share_season_avg,0.08,0.38)+0.15*scale(routes_consistency_index,0.60,0.95)+0.15*scale(target_earning_index,0.12,0.45)+0.15*scale(opportunity_concentration_score,0.18,0.56)","0.50*scale(12.00-feature_finish,0.00,12.00)+0.25*scale(11.00-feature_games_played,0.00,11.00)+0.25*scale(0.14-feature_target_share,0.00,0.14)"
00-0035350,P.Williams,2021,2022,WR,0.0000,2.0217,0.0000,0.0000,0.0000,0.0000,36.3636,-1.8786,wr_signal_score_role_balanced_v1,"0.50*scale(feature_targets_per_game,4.00,10.00)+0.50*scale(feature_target_share,0.12,0.30)","0.55*scale(feature_ppg_per_target,0.80,2.50)+0.45*scale(feature_ppg,6.00,18.00)","0.40*scale(48.00-feature_finish,0.00,36.00)+0.60*scale(expected_ppg_baseline-feature_ppg,0.00,4.00)","0.65*scale(feature_games_played,8.00,17.00)+0.35*scale(feature_total_ppr,80.00,260.00)","0.50*scale(feature_ppg_minus_cohort_expected,0.00,6.00)+0.30*scale(expected_finish_from_cohort-feature_finish,0.00,36.00)+0.20*scale(cohort_player_count,1.00,18.00)","0.20*scale(route_participation_season_avg,0.50,0.95)+0.20*scale(target_share_season_avg,0.10,0.32)+0.15*scale(air_yard_share_season_avg,0.08,0.38)+0.15*scale(routes_consistency_index,0.60,0.95)+0.15*scale(target_earning_index,0.12,0.45)+0.15*scale(opportunity_concentration_score,0.18,0.56)","0.50*scale(12.00-feature_finish,0.00,12.00)+0.25*scale(11.00-feature_games_played,0.00,11.00)+0.25*scale(0.14-feature_target_share,0.00,0.14)"
00-0033589,D.Moore,2021,2022,WR,0.0000,0.0000,6.0000,0.0000,0.0000,0.0000,47.7273,-1.9036,wr_signal_score_role_balanced_v1,"0.50*scale(feature_targets_per_game,4.00,10.00)+0.50*scale(feature_target_share,0.12,0.30)","0.55*scale(feature_ppg_per_target,0.80,2.50)+0.45*scale(feature_ppg,6.00,18.00)","0.40*scale(48.00-feature_finish,0.00,36.00)+0.60*scale(expected_ppg_baseline-feature_ppg,0.00,4.00)","0.65*scale(feature_games_played,8.00,17.00)+0.35*scale(feature_total_ppr,80.00,260.00)","0.50*scale(feature_ppg_minus_cohort_expected,0.00,6.00)+0.30*scale(expected_finish_from_cohort-feature_finish,0.00,36.00)+0.20*scale(cohort_player_count,1.00,18.00)","0.20*scale(route_participation_season_avg,0.50,0.95)+0.20*scale(target_share_season_avg,0.10,0.32)+0.15*scale(air_yard_share_season_avg,0.08,0.38)+0.15*scale(routes_consistency_index,0.60,0.95)+0.15*scale(target_earning_index,0.12,0.45)+0.15*scale(opportunity_concentration_score,0.18,0.56)","0.50*scale(12.00-feature_finish,0.00,12.00)+0.25*scale(11.00-feature_games_played,0.00,11.00)+0.25*scale(0.14-feature_target_share,0.00,0.14)"
00-0033481,M.Kemp,2021,2022,WR,0.0000,2.5882,0.0000,0.0000,0.0000,0.0000,38.6364,-1.9300,wr_signal_score_role_balanced_v1,"0.50*scale(feature_targets_per_game,4.00,10.00)+0.50*scale(feature_target_share,0.12,0.30)","0.55*scale(feature_ppg_per_target,0.80,2.50)+0.45*scale(feature_ppg,6.00,18.00)","0.40*scale(48.00-feature_finish,0.00,36.00)+0.60*scale(expected_ppg_baseline-feature_ppg,0.00,4.00)","0.65*scale(feature_games_played,8.00,17.00)+0.35*scale(feature_total_ppr,80.00,260.00)","0.50*scale(feature_ppg_minus_cohort_expected,0.00,6.00)+0.30*scale(expected_finish_from_cohort-feature_finish,0.00,36.00)+0.20*scale(cohort_player_count,1.00,18.00)","0.20*scale(route_participation_season_avg,0.50,0.95)+0.20*scale(target_share_season_avg,0.10,0.32)+0.15*scale(air_yard_share_season_avg,0.08,0.38)+0.15*scale(routes_consistency_index,0.60,0.95)+0.15*scale(target_earning_index,0.12,0.45)+0.15*scale(opportunity_concentration_score,0.18,0.56)","0.50*scale(12.00-feature_finish,0.00,12.00)+0.25*scale(11.00-feature_games_played,0.00,11.00)+0.25*scale(0.14-feature_target_share,0.00,0.14)"
00-0030085,K.Stills,2021,2022,WR,0.0000,0.7035,0.0000,0.0000,0.0000,0.0000,34.0909,-1.9399,wr_signal_score_role_balanced_v1,"0.50*scale(feature_targets_per_game,4.00,10.00)+0.50*scale(feature_target_share,0.12,0.30)","0.55*scale(feature_ppg_per_target,0.80,2.50)+0.45*scale(feature_ppg,6.00,18.00)","0.40*scale(48.00-feature_finish,0.00,36.00)+0.60*scale(expected_ppg_baseline-feature_ppg,0.00,4.00)","0.65*scale(feature_games_played,8.00,17.00)+0.35*scale(feature_total_ppr,80.00,260.00)","0.50*scale(feature_ppg_minus_cohort_expected,0.00,6.00)+0.30*scale(expected_finish_from_cohort-feature_finish,0.00,36.00)+0.20*scale(cohort_player_count,1.00,18.00)","0.20*scale(route_participation_season_avg,0.50,0.95)+0.20*scale(target_share_season_avg,0.10,0.32)+0.15*scale(air_yard_share_season_avg,0.08,0.38)+0.15*scale(routes_consistency_index,0.60,0.95)+0.15*scale(target_earning_index,0.12,0.45)+0.15*scale(opportunity_concentration_score,0.18,0.56)","0.50*scale(12.00-feature_finish,0.00,12.00)+0.25*scale(11.00-feature_games_played,0.00,11.00)+0.25*scale(0.14-feature_target_share,0.00,0.14)"
00-0031319,D.Spencer,2021,2022,WR,0.0000,0.0000,2.2125,0.0000,0.0000,0.0000,40.9091,-2.1005,wr_signal_score_role_balanced_v1,"0.50*scale(feature_targets_per_game,4.00,10.00)+0.50*scale(feature_target_share,0.12,0.30)","0.55*scale(feature_ppg_per_target,0.80,2.50)+0.45*scale(feature_ppg,6.00,18.00)","0.40*scale(48.00-feature_finish,0.00,36.00)+0.60*scale(expected_ppg_baseline-feature_ppg,0.00,4.00)","0.65*scale(feature_games_played,8.00,17.00)+0.35*scale(feature_total_ppr,80.00,260.00)","0.50*scale(feature_ppg_minus_cohort_expected,0.00,6.00)+0.30*scale(expected_finish_from_cohort-feature_finish,0.00,36.00)+0.20*scale(cohort_player_count,1.00,18.00)","0.20*scale(route_participation_season_avg,0.50,0.95)+0.20*scale(target_share_season_avg,0.10,0.32)+0.15*scale(air_yard_share_season_avg,0.08,0.38)+0.15*scale(routes_consistency_index,0.60,0.95)+0.15*scale(target_earning_index,0.12,0.45)+0.15*scale(opportunity_concentration_score,0.18,0.56)","0.50*scale(12.00-feature_finish,0.00,12.00)+0.25*scale(11.00-feature_games_played,0.00,11.00)+0.25*scale(0.14-feature_target_share,0.00,0.14)"
00-0031051,J.Brown,2021,2022,WR,0.0000,0.0000,3.0000,0.0000,0.0000,0.0000,43.1818,-2.1109,wr_signal_score_role_balanced_v1,"0.50*scale(feature_targets_per_game,4.00,10.00)+0.50*scale(feature_target_share,0.12,0.30)","0.55*scale(feature_ppg_per_target,0.80,2.50)+0.45*scale(feature_ppg,6.00,18.00)","0.40*scale(48.00-feature_finish,0.00,36.00)+0.60*scale(expected_ppg_baseline-feature_ppg,0.00,4.00)","0.65*scale(feature_games_played,8.00,17.00)+0.35*scale(feature_total_ppr,80.00,260.00)","0.50*scale(feature_ppg_minus_cohort_expected,0.00,6.00)+0.30*scale(expected_finish_from_cohort-feature_finish,0.00,36.00)+0.20*scale(cohort_player_count,1.00,18.00)","0.20*scale(route_participation_season_avg,0.50,0.95)+0.20*scale(target_share_season_avg,0.10,0.32)+0.15*scale(air_yard_share_season_avg,0.08,0.38)+0.15*scale(routes_consistency_index,0.60,0.95)+0.15*scale(target_earning_index,0.12,0.45)+0.15*scale(opportunity_concentration_score,0.18,0.56)","0.50*scale(12.00-feature_finish,0.00,12.00)+0.25*scale(11.00-feature_games_played,0.00,11.00)+0.25*scale(0.14-feature_target_share,0.00,0.14)"
00-0033111,P.Cooper,2021,2022,WR,0.0000,0.0000,0.0000,0.0000,0.0000,0.0000,36.3636,-2.1818,wr_signal_score_role_balanced_v1,"0.50*scale(feature_targets_per_game,4.00,10.00)+0.50*scale(feature_target_share,0.12,0.30)","0.55*scale(feature_ppg_per_target,0.80,2.50)+0.45*scale(feature_ppg,6.00,18.00)","0.40*scale(48.00-feature_finish,0.00,36.00)+0.60*scale(expected_ppg_baseline-feature_ppg,0.00,4.00)","0.65*scale(feature_games_played,8.00,17.00)+0.35*scale(feature_total_ppr,80.00,260.00)","0.50*scale(feature_ppg_minus_cohort_expected,0.00,6.00)+0.30*scale(expected_finish_from_cohort-feature_finish,0.00,36.00)+0.20*scale(cohort_player_count,1.00,18.00)","0.20*scale(route_participation_season_avg,0.50,0.95)+0.20*scale(target_share_season_avg,0.10,0.32)+0.15*scale(air_yard_share_season_avg,0.08,0.38)+0.15*scale(routes_consistency_index,0.60,0.95)+0.15*scale(target_earning_index,0.12,0.45)+0.15*scale(opportunity_concentration_score,0.18,0.56)","0.50*scale(12.00-feature_finish,0.00,12.00)+0.25*scale(11.00-feature_games_played,0.00,11.00)+0.25*scale(0.14-feature_target_share,0.00,0.14)"
00-0034132,C.Blake,2021,2022,WR,0.0000,0.0000,0.0000,0.0000,0.0000,0.0000,36.3636,-2.1818,wr_signal_score_role_balanced_v1,"0.50*scale(feature_targets_per_game,4.00,10.00)+0.50*scale(feature_target_share,0.12,0.30)","0.55*scale(feature_ppg_per_target,0.80,2.50)+0.45*scale(feature_ppg,6.00,18.00)","0.40*scale(48.00-feature_finish,0.00,36.00)+0.60*scale(expected_ppg_baseline-feature_ppg,0.00,4.00)","0.65*scale(feature_games_played,8.00,17.00)+0.35*scale(feature_total_ppr,80.00,260.00)","0.50*scale(feature_ppg_minus_cohort_expected,0.00,6.00)+0.30*scale(expected_finish_from_cohort-feature_finish,0.00,36.00)+0.20*scale(cohort_player_count,1.00,18.00)","0.20*scale(route_participation_season_avg,0.50,0.95)+0.20*scale(target_share_season_avg,0.10,0.32)+0.15*scale(air_yard_share_season_avg,0.08,0.38)+0.15*scale(routes_consistency_index,0.60,0.95)+0.15*scale(target_earning_index,0.12,0.45)+0.15*scale(opportunity_concentration_score,0.18,0.56)","0.50*scale(12.00-feature_finish,0.00,12.00)+0.25*scale(11.00-feature_games_played,0.00,11.00)+0.25*scale(0.14-feature_target_share,0.00,0.14)"
00-0034631,V.Smith,2021,2022,WR,0.0000,0.0000,3.0000,0.0000,0.0000,0.0000,47.7273,-2.3836,wr_signal_score_role_balanced_v1,"0.50*scale(feature_targets_per_game,4.00,10.00)+0.50*scale(feature_target_share,0.12,0.30)","0.55*scale(feature_ppg_per_target,0.80,2.50)+0.45*scale(feature_ppg,6.00,18.00)","0.40*scale(48.00-feature_finish,0.00,36.00)+0.60*scale(expected_ppg_baseline-feature_ppg,0.00,4.00)","0.65*scale(feature_games_played,8.00,17.00)+0.35*scale(feature_total_ppr,80.00,260.00)","0.50*scale(feature_ppg_minus_cohort_expected,0.00,6.00)+0.30*scale(expected_finish_from_cohort-feature_finish,0.00,36.00)+0.20*scale(cohort_player_count,1.00,18.00)","0.20*scale(route_participation_season_avg,0.50,0.95)+0.20*scale(target_share_season_avg,0.10,0.32)+0.15*scale(air_yard_share_season_avg,0.08,0.38)+0.15*scale(routes_consistency_index,0.60,0.95)+0.15*scale(target_earning_index,0.12,0.45)+0.15*scale(opportunity_concentration_score,0.18,0.56)","0.50*scale(12.00-feature_finish,0.00,12.00)+0.25*scale(11.00-feature_games_played,0.00,11.00)+0.25*scale(0.14-feature_target_share,0.00,0.14)"
00-0036439,T.Cleveland,2021,2022,WR,0.0000,0.0000,3.0000,0.0000,0.0000,0.0000,47.7273,-2.3836,wr_signal_score_role_balanced_v1,"0.50*scale(feature_targets_per_game,4.00,10.00)+0.50*scale(feature_target_share,0.12,0.30)","0.55*scale(feature_ppg_per_target,0.80,2.50)+0.45*scale(feature_ppg,6.00,18.00)","0.40*scale(48.00-feature_finish,0.00,36.00)+0.60*scale(expected_ppg_baseline-feature_ppg,0.00,4.00)","0.65*scale(feature_games_played,8.00,17.00)+0.35*scale(feature_total_ppr,80.00,260.00)","0.50*scale(feature_ppg_minus_cohort_expected,0.00,6.00)+0.30*scale(expected_finish_from_cohort-feature_finish,0.00,36.00)+0.20*scale(cohort_player_count,1.00,18.00)","0.20*scale(route_participation_season_avg,0.50,0.95)+0.20*scale(target_share_season_avg,0.10,0.32)+0.15*scale(air_yard_share_season_avg,0.08,0.38)+0.15*scale(routes_consistency_index,0.60,0.95)+0.15*scale(target_earning_index,0.12,0.45)+0.15*scale(opportunity_concentration_score,0.18,0.56)","0.50*scale(12.00-feature_finish,0.00,12.00)+0.25*scale(11.00-feature_games_played,0.00,11.00)+0.25*scale(0.14-feature_target_share,0.00,0.14)"
00-0031787,J.Kumerow,2021,2022,WR,0.0000,0.0000,0.0000,0.0000,0.0000,0.0000,40.9091,-2.4545,wr_signal_score_role_balanced_v1,"0.50*scale(feature_targets_per_game,4.00,10.00)+0.50*scale(feature_target_share,0.12,0.30)","0.55*scale(feature_ppg_per_target,0.80,2.50)+0.45*scale(feature_ppg,6.00,18.00)","0.40*scale(48.00-feature_finish,0.00,36.00)+0.60*scale(expected_ppg_baseline-feature_ppg,0.00,4.00)","0.65*scale(feature_games_played,8.00,17.00)+0.35*scale(feature_total_ppr,80.00,260.00)","0.50*scale(feature_ppg_minus_cohort_expected,0.00,6.00)+0.30*scale(expected_finish_from_cohort-feature_finish,0.00,36.00)+0.20*scale(cohort_player_count,1.00,18.00)","0.20*scale(route_participation_season_avg,0.50,0.95)+0.20*scale(target_share_season_avg,0.10,0.32)+0.15*scale(air_yard_share_season_avg,0.08,0.38)+0.15*scale(routes_consistency_index,0.60,0.95)+0.15*scale(target_earning_index,0.12,0.45)+0.15*scale(opportunity_concentration_score,0.18,0.56)","0.50*scale(12.00-feature_finish,0.00,12.00)+0.25*scale(11.00-feature_games_played,0.00,11.00)+0.25*scale(0.14-feature_target_share,0.00,0.14)"
00-0035457,T.Johnson,2021,2022,WR,0.0000,0.0000,0.0000,0.0000,0.0000,0.0000,40.9091,-2.4545,wr_signal_score_role_balanced_v1,"0.50*scale(feature_targets_per_game,4.00,10.00)+0.50*scale(feature_target_share,0.12,0.30)","0.55*scale(feature_ppg_per_target,0.80,2.50)+0.45*scale(feature_ppg,6.00,18.00)","0.40*scale(48.00-feature_finish,0.00,36.00)+0.60*scale(expected_ppg_baseline-feature_ppg,0.00,4.00)","0.65*scale(feature_games_played,8.00,17.00)+0.35*scale(feature_total_ppr,80.00,260.00)","0.50*scale(feature_ppg_minus_cohort_expected,0.00,6.00)+0.30*scale(expected_finish_from_cohort-feature_finish,0.00,36.00)+0.20*scale(cohort_player_count,1.00,18.00)","0.20*scale(route_participation_season_avg,0.50,0.95)+0.20*scale(target_share_season_avg,0.10,0.32)+0.15*scale(air_yard_share_season_avg,0.08,0.38)+0.15*scale(routes_consistency_index,0.60,0.95)+0.15*scale(target_earning_index,0.12,0.45)+0.15*scale(opportunity_concentration_score,0.18,0.56)","0.50*scale(12.00-feature_finish,0.00,12.00)+0.25*scale(11.00-feature_games_played,0.00,11.00)+0.25*scale(0.14-feature_target_share,0.00,0.14)"
00-0034317,K.Kirkwood,2021,2022,WR,0.0000,0.0000,0.0000,0.0000,0.0000,0.0000,43.1818,-2.5909,wr_signal_score_role_balanced_v1,"0.50*scale(feature_targets_per_game,4.00,10.00)+0.50*scale(feature_target_share,0.12,0.30)","0.55*scale(feature_ppg_per_target,0.80,2.50)+0.45*scale(feature_ppg,6.00,18.00)","0.40*scale(48.00-feature_finish,0.00,36.00)+0.60*scale(expected_ppg_baseline-feature_ppg,0.00,4.00)","0.65*scale(feature_games_played,8.00,17.00)+0.35*scale(feature_total_ppr,80.00,260.00)","0.50*scale(feature_ppg_minus_cohort_expected,0.00,6.00)+0.30*scale(expected_finish_from_cohort-feature_finish,0.00,36.00)+0.20*scale(cohort_player_count,1.00,18.00)","0.20*scale(route_participation_season_avg,0.50,0.95)+0.20*scale(target_share_season_avg,0.10,0.32)+0.15*scale(air_yard_share_season_avg,0.08,0.38)+0.15*scale(routes_consistency_index,0.60,0.95)+0.15*scale(target_earning_index,0.12,0.45)+0.15*scale(opportunity_concentration_score,0.18,0.56)","0.50*scale(12.00-feature_finish,0.00,12.00)+0.25*scale(11.00-feature_games_played,0.00,11.00)+0.25*scale(0.14-feature_target_share,0.00,0.14)"
00-0032881,T.Lewis,2021,2022,WR,0.0000,1.6177,0.0000,0.0000,0.0000,0.0000,47.7273,-2.6210,wr_signal_score_role_balanced_v1,"0.50*scale(feature_targets_per_game,4.00,10.00)+0.50*scale(feature_target_share,0.12,0.30)","0.55*scale(feature_ppg_per_target,0.80,2.50)+0.45*scale(feature_ppg,6.00,18.00)","0.40*scale(48.00-feature_finish,0.00,36.00)+0.60*scale(expected_ppg_baseline-feature_ppg,0.00,4.00)","0.65*scale(feature_games_played,8.00,17.00)+0.35*scale(feature_total_ppr,80.00,260.00)","0.50*scale(feature_ppg_minus_cohort_expected,0.00,6.00)+0.30*scale(expected_finish_from_cohort-feature_finish,0.00,36.00)+0.20*scale(cohort_player_count,1.00,18.00)","0.20*scale(route_participation_season_avg,0.50,0.95)+0.20*scale(target_share_season_avg,0.10,0.32)+0.15*scale(air_yard_share_season_avg,0.08,0.38)+0.15*scale(routes_consistency_index,0.60,0.95)+0.15*scale(target_earning_index,0.12,0.45)+0.15*scale(opportunity_concentration_score,0.18,0.56)","0.50*scale(12.00-feature_finish,0.00,12.00)+0.25*scale(11.00-feature_games_played,0.00,11.00)+0.25*scale(0.14-feature_target_share,0.00,0.14)"
00-0036963,A.St. Brown,2022,2023,WR,42.7084,73.6354,40.0000,92.7778,100.0000,0.0000,29.1667,56.0064,wr_signal_score_role_balanced_v1,"0.50*scale(feature_targets_per_game,4.00,10.00)+0.50*scale(feature_target_share,0.12,0.30)","0.55*scale(feature_ppg_per_target,0.80,2.50)+0.45*scale(feature_ppg,6.00,18.00)","0.40*scale(48.00-feature_finish,0.00,36.00)+0.60*scale(expected_ppg_baseline-feature_ppg,0.00,4.00)","0.65*scale(feature_games_played,8.00,17.00)+0.35*scale(feature_total_ppr,80.00,260.00)","0.50*scale(feature_ppg_minus_cohort_expected,0.00,6.00)+0.30*scale(expected_finish_from_cohort-feature_finish,0.00,36.00)+0.20*scale(cohort_player_count,1.00,18.00)","0.20*scale(route_participation_season_avg,0.50,0.95)+0.20*scale(target_share_season_avg,0.10,0.32)+0.15*scale(air_yard_share_season_avg,0.08,0.38)+0.15*scale(routes_consistency_index,0.60,0.95)+0.15*scale(target_earning_index,0.12,0.45)+0.15*scale(opportunity_concentration_score,0.18,0.56)","0.50*scale(12.00-feature_finish,0.00,12.00)+0.25*scale(11.00-feature_games_played,0.00,11.00)+0.25*scale(0.14-feature_target_share,0.00,0.14)"
00-0036613,J.Waddle,2022,2023,WR,24.0200,80.4680,37.7778,99.8445,100.0000,0.0000,25.0000,53.3592,wr_signal_score_role_balanced_v1,"0.50*scale(feature_targets_per_game,4.00,10.00)+0.50*scale(feature_target_share,0.12,0.30)","0.55*scale(feature_ppg_per_target,0.80,2.50)+0.45*scale(feature_ppg,6.00,18.00)","0.40*scale(48.00-feature_finish,0.00,36.00)+0.60*scale(expected_ppg_baseline-feature_ppg,0.00,4.00)","0.65*scale(feature_games_played,8.00,17.00)+0.35*scale(feature_total_ppr,80.00,260.00)","0.50*scale(feature_ppg_minus_cohort_expected,0.00,6.00)+0.30*scale(expected_finish_from_cohort-feature_finish,0.00,36.00)+0.20*scale(cohort_player_count,1.00,18.00)","0.20*scale(route_participation_season_avg,0.50,0.95)+0.20*scale(target_share_season_avg,0.10,0.32)+0.15*scale(air_yard_share_season_avg,0.08,0.38)+0.15*scale(routes_consistency_index,0.60,0.95)+0.15*scale(target_earning_index,0.12,0.45)+0.15*scale(opportunity_concentration_score,0.18,0.56)","0.50*scale(12.00-feature_finish,0.00,12.00)+0.25*scale(11.00-feature_games_played,0.00,11.00)+0.25*scale(0.14-feature_target_share,0.00,0.14)"
00-0036912,D.Smith,2022,2023,WR,33.3334,68.3462,35.5556,98.9500,100.0000,0.0000,25.0000,53.3043,wr_signal_score_role_balanced_v1,"0.50*scale(feature_targets_per_game,4.00,10.00)+0.50*scale(feature_target_share,0.12,0.30)","0.55*scale(feature_ppg_per_target,0.80,2.50)+0.45*scale(feature_ppg,6.00,18.00)","0.40*scale(48.00-feature_finish,0.00,36.00)+0.60*scale(expected_ppg_baseline-feature_ppg,0.00,4.00)","0.65*scale(feature_games_played,8.00,17.00)+0.35*scale(feature_total_ppr,80.00,260.00)","0.50*scale(feature_ppg_minus_cohort_expected,0.00,6.00)+0.30*scale(expected_finish_from_cohort-feature_finish,0.00,36.00)+0.20*scale(cohort_player_count,1.00,18.00)","0.20*scale(route_participation_season_avg,0.50,0.95)+0.20*scale(target_share_season_avg,0.10,0.32)+0.15*scale(air_yard_share_season_avg,0.08,0.38)+0.15*scale(routes_consistency_index,0.60,0.95)+0.15*scale(target_earning_index,0.12,0.45)+0.15*scale(opportunity_concentration_score,0.18,0.56)","0.50*scale(12.00-feature_finish,0.00,12.00)+0.25*scale(11.00-feature_games_played,0.00,11.00)+0.25*scale(0.14-feature_target_share,0.00,0.14)"
00-0036900,J.Chase,2022,2023,WR,50.0000,77.6425,40.0000,60.4666,100.0000,0.0000,62.5000,52.1570,wr_signal_score_role_balanced_v1,"0.50*scale(feature_targets_per_game,4.00,10.00)+0.50*scale(feature_target_share,0.12,0.30)","0.55*scale(feature_ppg_per_target,0.80,2.50)+0.45*scale(feature_ppg,6.00,18.00)","0.40*scale(48.00-feature_finish,0.00,36.00)+0.60*scale(expected_ppg_baseline-feature_ppg,0.00,4.00)","0.65*scale(feature_games_played,8.00,17.00)+0.35*scale(feature_total_ppr,80.00,260.00)","0.50*scale(feature_ppg_minus_cohort_expected,0.00,6.00)+0.30*scale(expected_finish_from_cohort-feature_finish,0.00,36.00)+0.20*scale(cohort_player_count,1.00,18.00)","0.20*scale(route_participation_season_avg,0.50,0.95)+0.20*scale(target_share_season_avg,0.10,0.32)+0.15*scale(air_yard_share_season_avg,0.08,0.38)+0.15*scale(routes_consistency_index,0.60,0.95)+0.15*scale(target_earning_index,0.12,0.45)+0.15*scale(opportunity_concentration_score,0.18,0.56)","0.50*scale(12.00-feature_finish,0.00,12.00)+0.25*scale(11.00-feature_games_played,0.00,11.00)+0.25*scale(0.14-feature_target_share,0.00,0.14)"
00-0037740,G.Wilson,2022,2023,WR,38.7259,46.6712,18.8889,91.3861,95.9209,0.0000,25.0000,46.9631,wr_signal_score_role_balanced_v1,"0.50*scale(feature_targets_per_game,4.00,10.00)+0.50*scale(feature_target_share,0.12,0.30)","0.55*scale(feature_ppg_per_target,0.80,2.50)+0.45*scale(feature_ppg,6.00,18.00)","0.40*scale(48.00-feature_finish,0.00,36.00)+0.60*scale(expected_ppg_baseline-feature_ppg,0.00,4.00)","0.65*scale(feature_games_played,8.00,17.00)+0.35*scale(feature_total_ppr,80.00,260.00)","0.50*scale(feature_ppg_minus_cohort_expected,0.00,6.00)+0.30*scale(expected_finish_from_cohort-feature_finish,0.00,36.00)+0.20*scale(cohort_player_count,1.00,18.00)","0.20*scale(route_participation_season_avg,0.50,0.95)+0.20*scale(target_share_season_avg,0.10,0.32)+0.15*scale(air_yard_share_season_avg,0.08,0.38)+0.15*scale(routes_consistency_index,0.60,0.95)+0.15*scale(target_earning_index,0.12,0.45)+0.15*scale(opportunity_concentration_score,0.18,0.56)","0.50*scale(12.00-feature_finish,0.00,12.00)+0.25*scale(11.00-feature_games_played,0.00,11.00)+0.25*scale(0.14-feature_target_share,0.00,0.14)"
00-0037239,C.Olave,2022,2023,WR,32.7775,55.0531,23.3333,73.5389,100.0000,0.0000,25.0000,45.9180,wr_signal_score_role_balanced_v1,"0.50*scale(feature_targets_per_game,4.00,10.00)+0.50*scale(feature_target_share,0.12,0.30)","0.55*scale(feature_ppg_per_target,0.80,2.50)+0.45*scale(feature_ppg,6.00,18.00)","0.40*scale(48.00-feature_finish,0.00,36.00)+0.60*scale(expected_ppg_baseline-feature_ppg,0.00,4.00)","0.65*scale(feature_games_played,8.00,17.00)+0.35*scale(feature_total_ppr,80.00,260.00)","0.50*scale(feature_ppg_minus_cohort_expected,0.00,6.00)+0.30*scale(expected_finish_from_cohort-feature_finish,0.00,36.00)+0.20*scale(cohort_player_count,1.00,18.00)","0.20*scale(route_participation_season_avg,0.50,0.95)+0.20*scale(target_share_season_avg,0.10,0.32)+0.15*scale(air_yard_share_season_avg,0.08,0.38)+0.15*scale(routes_consistency_index,0.60,0.95)+0.15*scale(target_earning_index,0.12,0.45)+0.15*scale(opportunity_concentration_score,0.18,0.56)","0.50*scale(12.00-feature_finish,0.00,12.00)+0.25*scale(11.00-feature_games_played,0.00,11.00)+0.25*scale(0.14-feature_target_share,0.00,0.14)"
00-0032765,M.Thomas,2022,2023,WR,27.7775,90.6399,40.0000,0.0000,100.0000,0.0000,55.6818,41.3217,wr_signal_score_role_balanced_v1,"0.50*scale(feature_targets_per_game,4.00,10.00)+0.50*scale(feature_target_share,0.12,0.30)","0.55*scale(feature_ppg_per_target,0.80,2.50)+0.45*scale(feature_ppg,6.00,18.00)","0.40*scale(48.00-feature_finish,0.00,36.00)+0.60*scale(expected_ppg_baseline-feature_ppg,0.00,4.00)","0.65*scale(feature_games_played,8.00,17.00)+0.35*scale(feature_total_ppr,80.00,260.00)","0.50*scale(feature_ppg_minus_cohort_expected,0.00,6.00)+0.30*scale(expected_finish_from_cohort-feature_finish,0.00,36.00)+0.20*scale(cohort_player_count,1.00,18.00)","0.20*scale(route_participation_season_avg,0.50,0.95)+0.20*scale(target_share_season_avg,0.10,0.32)+0.15*scale(air_yard_share_season_avg,0.08,0.38)+0.15*scale(routes_consistency_index,0.60,0.95)+0.15*scale(target_earning_index,0.12,0.45)+0.15*scale(opportunity_concentration_score,0.18,0.56)","0.50*scale(12.00-feature_finish,0.00,12.00)+0.25*scale(11.00-feature_games_played,0.00,11.00)+0.25*scale(0.14-feature_target_share,0.00,0.14)"
00-0033040,T.Hill,2022,2023,WR,50.0000,84.0519,40.0000,100.0000,0.0000,0.0000,58.3334,40.5078,wr_signal_score_role_balanced_v1,"0.50*scale(feature_targets_per_game,4.00,10.00)+0.50*scale(feature_target_share,0.12,0.30)","0.55*scale(feature_ppg_per_target,0.80,2.50)+0.45*scale(feature_ppg,6.00,18.00)","0.40*scale(48.00-feature_finish,0.00,36.00)+0.60*scale(expected_ppg_baseline-feature_ppg,0.00,4.00)","0.65*scale(feature_games_played,8.00,17.00)+0.35*scale(feature_total_ppr,80.00,260.00)","0.50*scale(feature_ppg_minus_cohort_expected,0.00,6.00)+0.30*scale(expected_finish_from_cohort-feature_finish,0.00,36.00)+0.20*scale(cohort_player_count,1.00,18.00)","0.20*scale(route_participation_season_avg,0.50,0.95)+0.20*scale(target_share_season_avg,0.10,0.32)+0.15*scale(air_yard_share_season_avg,0.08,0.38)+0.15*scale(routes_consistency_index,0.60,0.95)+0.15*scale(target_earning_index,0.12,0.45)+0.15*scale(opportunity_concentration_score,0.18,0.56)","0.50*scale(12.00-feature_finish,0.00,12.00)+0.25*scale(11.00-feature_games_played,0.00,11.00)+0.25*scale(0.14-feature_target_share,0.00,0.14)"
00-0031381,D.Adams,2022,2023,WR,50.0000,79.4202,40.0000,100.0000,0.0000,0.0000,50.0000,40.3130,wr_signal_score_role_balanced_v1,"0.50*scale(feature_targets_per_game,4.00,10.00)+0.50*scale(feature_target_share,0.12,0.30)","0.55*scale(feature_ppg_per_target,0.80,2.50)+0.45*scale(feature_ppg,6.00,18.00)","0.40*scale(48.00-feature_finish,0.00,36.00)+0.60*scale(expected_ppg_baseline-feature_ppg,0.00,4.00)","0.65*scale(feature_games_played,8.00,17.00)+0.35*scale(feature_total_ppr,80.00,260.00)","0.50*scale(feature_ppg_minus_cohort_expected,0.00,6.00)+0.30*scale(expected_finish_from_cohort-feature_finish,0.00,36.00)+0.20*scale(cohort_player_count,1.00,18.00)","0.20*scale(route_participation_season_avg,0.50,0.95)+0.20*scale(target_share_season_avg,0.10,0.32)+0.15*scale(air_yard_share_season_avg,0.08,0.38)+0.15*scale(routes_consistency_index,0.60,0.95)+0.15*scale(target_earning_index,0.12,0.45)+0.15*scale(opportunity_concentration_score,0.18,0.56)","0.50*scale(12.00-feature_finish,0.00,12.00)+0.25*scale(11.00-feature_games_played,0.00,11.00)+0.25*scale(0.14-feature_target_share,0.00,0.14)"
00-0036322,J.Jefferson,2022,2023,WR,50.0000,83.9398,40.0000,100.0000,0.0000,0.0000,66.6667,39.9910,wr_signal_score_role_balanced_v1,"0.50*scale(feature_targets_per_game,4.00,10.00)+0.50*scale(feature_target_share,0.12,0.30)","0.55*scale(feature_ppg_per_target,0.80,2.50)+0.45*scale(feature_ppg,6.00,18.00)","0.40*scale(48.00-feature_finish,0.00,36.00)+0.60*scale(expected_ppg_baseline-feature_ppg,0.00,4.00)","0.65*scale(feature_games_played,8.00,17.00)+0.35*scale(feature_total_ppr,80.00,260.00)","0.50*scale(feature_ppg_minus_cohort_expected,0.00,6.00)+0.30*scale(expected_finish_from_cohort-feature_finish,0.00,36.00)+0.20*scale(cohort_player_count,1.00,18.00)","0.20*scale(route_participation_season_avg,0.50,0.95)+0.20*scale(target_share_season_avg,0.10,0.32)+0.15*scale(air_yard_share_season_avg,0.08,0.38)+0.15*scale(routes_consistency_index,0.60,0.95)+0.15*scale(target_earning_index,0.12,0.45)+0.15*scale(opportunity_concentration_score,0.18,0.56)","0.50*scale(12.00-feature_finish,0.00,12.00)+0.25*scale(11.00-feature_games_played,0.00,11.00)+0.25*scale(0.14-feature_target_share,0.00,0.14)"
00-0031588,S.Diggs,2022,2023,WR,46.8750,85.6303,40.0000,92.7778,0.0000,0.0000,54.1667,39.3057,wr_signal_score_role_balanced_v1,"0.50*scale(feature_targets_per_game,4.00,10.00)+0.50*scale(feature_target_share,0.12,0.30)","0.55*scale(feature_ppg_per_target,0.80,2.50)+0.45*scale(feature_ppg,6.00,18.00)","0.40*scale(48.00-feature_finish,0.00,36.00)+0.60*scale(expected_ppg_baseline-feature_ppg,0.00,4.00)","0.65*scale(feature_games_played,8.00,17.00)+0.35*scale(feature_total_ppr,80.00,260.00)","0.50*scale(feature_ppg_minus_cohort_expected,0.00,6.00)+0.30*scale(expected_finish_from_cohort-feature_finish,0.00,36.00)+0.20*scale(cohort_player_count,1.00,18.00)","0.20*scale(route_participation_season_avg,0.50,0.95)+0.20*scale(target_share_season_avg,0.10,0.32)+0.15*scale(air_yard_share_season_avg,0.08,0.38)+0.15*scale(routes_consistency_index,0.60,0.95)+0.15*scale(target_earning_index,0.12,0.45)+0.15*scale(opportunity_concentration_score,0.18,0.56)","0.50*scale(12.00-feature_finish,0.00,12.00)+0.25*scale(11.00-feature_games_played,0.00,11.00)+0.25*scale(0.14-feature_target_share,0.00,0.14)"
00-0036358,C.Lamb,2022,2023,WR,43.1375,80.6960,40.0000,100.0000,0.0000,0.0000,45.8333,39.1074,wr_signal_score_role_balanced_v1,"0.50*scale(feature_targets_per_game,4.00,10.00)+0.50*scale(feature_target_share,0.12,0.30)","0.55*scale(feature_ppg_per_target,0.80,2.50)+0.45*scale(feature_ppg,6.00,18.00)","0.40*scale(48.00-feature_finish,0.00,36.00)+0.60*scale(expected_ppg_baseline-feature_ppg,0.00,4.00)","0.65*scale(feature_games_played,8.00,17.00)+0.35*scale(feature_total_ppr,80.00,260.00)","0.50*scale(feature_ppg_minus_cohort_expected,0.00,6.00)+0.30*scale(expected_finish_from_cohort-feature_finish,0.00,36.00)+0.20*scale(cohort_player_count,1.00,18.00)","0.20*scale(route_participation_season_avg,0.50,0.95)+0.20*scale(target_share_season_avg,0.10,0.32)+0.15*scale(air_yard_share_season_avg,0.08,0.38)+0.15*scale(routes_consistency_index,0.60,0.95)+0.15*scale(target_earning_index,0.12,0.45)+0.15*scale(opportunity_concentration_score,0.18,0.56)","0.50*scale(12.00-feature_finish,0.00,12.00)+0.25*scale(11.00-feature_games_played,0.00,11.00)+0.25*scale(0.14-feature_target_share,0.00,0.14)"
00-0035676,A.Brown,2022,2023,WR,37.7450,84.5537,40.0000,100.0000,0.0000,0.0000,41.6667,38.6419,wr_signal_score_role_balanced_v1,"0.50*scale(feature_targets_per_game,4.00,10.00)+0.50*scale(feature_target_share,0.12,0.30)","0.55*scale(feature_ppg_per_target,0.80,2.50)+0.45*scale(feature_ppg,6.00,18.00)","0.40*scale(48.00-feature_finish,0.00,36.00)+0.60*scale(expected_ppg_baseline-feature_ppg,0.00,4.00)","0.65*scale(feature_games_played,8.00,17.00)+0.35*scale(feature_total_ppr,80.00,260.00)","0.50*scale(feature_ppg_minus_cohort_expected,0.00,6.00)+0.30*scale(expected_finish_from_cohort-feature_finish,0.00,36.00)+0.20*scale(cohort_player_count,1.00,18.00)","0.20*scale(route_participation_season_avg,0.50,0.95)+0.20*scale(target_share_season_avg,0.10,0.32)+0.15*scale(air_yard_share_season_avg,0.08,0.38)+0.15*scale(routes_consistency_index,0.60,0.95)+0.15*scale(target_earning_index,0.12,0.45)+0.15*scale(opportunity_concentration_score,0.18,0.56)","0.50*scale(12.00-feature_finish,0.00,12.00)+0.25*scale(11.00-feature_games_played,0.00,11.00)+0.25*scale(0.14-feature_target_share,0.00,0.14)"
00-0038124,C.Watson,2022,2023,WR,5.9525,76.0138,15.5556,59.6861,87.8641,0.0000,25.0000,37.3943,wr_signal_score_role_balanced_v1,"0.50*scale(feature_targets_per_game,4.00,10.00)+0.50*scale(feature_target_share,0.12,0.30)","0.55*scale(feature_ppg_per_target,0.80,2.50)+0.45*scale(feature_ppg,6.00,18.00)","0.40*scale(48.00-feature_finish,0.00,36.00)+0.60*scale(expected_ppg_baseline-feature_ppg,0.00,4.00)","0.65*scale(feature_games_played,8.00,17.00)+0.35*scale(feature_total_ppr,80.00,260.00)","0.50*scale(feature_ppg_minus_cohort_expected,0.00,6.00)+0.30*scale(expected_finish_from_cohort-feature_finish,0.00,36.00)+0.20*scale(cohort_player_count,1.00,18.00)","0.20*scale(route_participation_season_avg,0.50,0.95)+0.20*scale(target_share_season_avg,0.10,0.32)+0.15*scale(air_yard_share_season_avg,0.08,0.38)+0.15*scale(routes_consistency_index,0.60,0.95)+0.15*scale(target_earning_index,0.12,0.45)+0.15*scale(opportunity_concentration_score,0.18,0.56)","0.50*scale(12.00-feature_finish,0.00,12.00)+0.25*scale(11.00-feature_games_played,0.00,11.00)+0.25*scale(0.14-feature_target_share,0.00,0.14)"
00-0037238,D.London,2022,2023,WR,24.0200,40.4011,0.0000,84.1722,77.7350,0.0000,25.0000,35.2597,wr_signal_score_role_balanced_v1,"0.50*scale(feature_targets_per_game,4.00,10.00)+0.50*scale(feature_target_share,0.12,0.30)","0.55*scale(feature_ppg_per_target,0.80,2.50)+0.45*scale(feature_ppg,6.00,18.00)","0.40*scale(48.00-feature_finish,0.00,36.00)+0.60*scale(expected_ppg_baseline-feature_ppg,0.00,4.00)","0.65*scale(feature_games_played,8.00,17.00)+0.35*scale(feature_total_ppr,80.00,260.00)","0.50*scale(feature_ppg_minus_cohort_expected,0.00,6.00)+0.30*scale(expected_finish_from_cohort-feature_finish,0.00,36.00)+0.20*scale(cohort_player_count,1.00,18.00)","0.20*scale(route_participation_season_avg,0.50,0.95)+0.20*scale(target_share_season_avg,0.10,0.32)+0.15*scale(air_yard_share_season_avg,0.08,0.38)+0.15*scale(routes_consistency_index,0.60,0.95)+0.15*scale(target_earning_index,0.12,0.45)+0.15*scale(opportunity_concentration_score,0.18,0.56)","0.50*scale(12.00-feature_finish,0.00,12.00)+0.25*scale(11.00-feature_games_played,0.00,11.00)+0.25*scale(0.14-feature_target_share,0.00,0.14)"
00-0036988,J.Palmer,2022,2023,WR,22.3958,42.4877,1.1111,75.1417,75.5050,0.0000,25.0000,33.7852,wr_signal_score_role_balanced_v1,"0.50*scale(feature_targets_per_game,4.00,10.00)+0.50*scale(feature_target_share,0.12,0.30)","0.55*scale(feature_ppg_per_target,0.80,2.50)+0.45*scale(feature_ppg,6.00,18.00)","0.40*scale(48.00-feature_finish,0.00,36.00)+0.60*scale(expected_ppg_baseline-feature_ppg,0.00,4.00)","0.65*scale(feature_games_played,8.00,17.00)+0.35*scale(feature_total_ppr,80.00,260.00)","0.50*scale(feature_ppg_minus_cohort_expected,0.00,6.00)+0.30*scale(expected_finish_from_cohort-feature_finish,0.00,36.00)+0.20*scale(cohort_player_count,1.00,18.00)","0.20*scale(route_participation_season_avg,0.50,0.95)+0.20*scale(target_share_season_avg,0.10,0.32)+0.15*scale(air_yard_share_season_avg,0.08,0.38)+0.15*scale(routes_consistency_index,0.60,0.95)+0.15*scale(target_earning_index,0.12,0.45)+0.15*scale(opportunity_concentration_score,0.18,0.56)","0.50*scale(12.00-feature_finish,0.00,12.00)+0.25*scale(11.00-feature_games_played,0.00,11.00)+0.25*scale(0.14-feature_target_share,0.00,0.14)"
00-0031544,A.Cooper,2022,2023,WR,31.3725,66.1765,32.2222,97.2778,0.0000,0.0000,25.0000,33.7575,wr_signal_score_role_balanced_v1,"0.50*scale(feature_targets_per_game,4.00,10.00)+0.50*scale(feature_target_share,0.12,0.30)","0.55*scale(feature_ppg_per_target,0.80,2.50)+0.45*scale(feature_ppg,6.00,18.00)","0.40*scale(48.00-feature_finish,0.00,36.00)+0.60*scale(expected_ppg_baseline-feature_ppg,0.00,4.00)","0.65*scale(feature_games_played,8.00,17.00)+0.35*scale(feature_total_ppr,80.00,260.00)","0.50*scale(feature_ppg_minus_cohort_expected,0.00,6.00)+0.30*scale(expected_finish_from_cohort-feature_finish,0.00,36.00)+0.20*scale(cohort_player_count,1.00,18.00)","0.20*scale(route_participation_season_avg,0.50,0.95)+0.20*scale(target_share_season_avg,0.10,0.32)+0.15*scale(air_yard_share_season_avg,0.08,0.38)+0.15*scale(routes_consistency_index,0.60,0.95)+0.15*scale(target_earning_index,0.12,0.45)+0.15*scale(opportunity_concentration_score,0.18,0.56)","0.50*scale(12.00-feature_finish,0.00,12.00)+0.25*scale(11.00-feature_games_played,0.00,11.00)+0.25*scale(0.14-feature_target_share,0.00,0.14)"
00-0033921,C.Godwin,2022,2023,WR,45.5558,58.0796,33.3333,78.3222,0.0000,0.0000,25.0000,33.6605,wr_signal_score_role_balanced_v1,"0.50*scale(feature_targets_per_game,4.00,10.00)+0.50*scale(feature_target_share,0.12,0.30)","0.55*scale(feature_ppg_per_target,0.80,2.50)+0.45*scale(feature_ppg,6.00,18.00)","0.40*scale(48.00-feature_finish,0.00,36.00)+0.60*scale(expected_ppg_baseline-feature_ppg,0.00,4.00)","0.65*scale(feature_games_played,8.00,17.00)+0.35*scale(feature_total_ppr,80.00,260.00)","0.50*scale(feature_ppg_minus_cohort_expected,0.00,6.00)+0.30*scale(expected_finish_from_cohort-feature_finish,0.00,36.00)+0.20*scale(cohort_player_count,1.00,18.00)","0.20*scale(route_participation_season_avg,0.50,0.95)+0.20*scale(target_share_season_avg,0.10,0.32)+0.15*scale(air_yard_share_season_avg,0.08,0.38)+0.15*scale(routes_consistency_index,0.60,0.95)+0.15*scale(target_earning_index,0.12,0.45)+0.15*scale(opportunity_concentration_score,0.18,0.56)","0.50*scale(12.00-feature_finish,0.00,12.00)+0.25*scale(11.00-feature_games_played,0.00,11.00)+0.25*scale(0.14-feature_target_share,0.00,0.14)"
00-0034775,C.Kirk,2022,2023,WR,31.8625,64.7495,31.1111,96.8695,0.0000,0.0000,25.0000,33.4302,wr_signal_score_role_balanced_v1,"0.50*scale(feature_targets_per_game,4.00,10.00)+0.50*scale(feature_target_share,0.12,0.30)","0.55*scale(feature_ppg_per_target,0.80,2.50)+0.45*scale(feature_ppg,6.00,18.00)","0.40*scale(48.00-feature_finish,0.00,36.00)+0.60*scale(expected_ppg_baseline-feature_ppg,0.00,4.00)","0.65*scale(feature_games_played,8.00,17.00)+0.35*scale(feature_total_ppr,80.00,260.00)","0.50*scale(feature_ppg_minus_cohort_expected,0.00,6.00)+0.30*scale(expected_finish_from_cohort-feature_finish,0.00,36.00)+0.20*scale(cohort_player_count,1.00,18.00)","0.20*scale(route_participation_season_avg,0.50,0.95)+0.20*scale(target_share_season_avg,0.10,0.32)+0.15*scale(air_yard_share_season_avg,0.08,0.38)+0.15*scale(routes_consistency_index,0.60,0.95)+0.15*scale(target_earning_index,0.12,0.45)+0.15*scale(opportunity_concentration_score,0.18,0.56)","0.50*scale(12.00-feature_finish,0.00,12.00)+0.25*scale(11.00-feature_games_played,0.00,11.00)+0.25*scale(0.14-feature_target_share,0.00,0.14)"
00-0031408,M.Evans,2022,2023,WR,37.2225,65.3877,36.6667,78.8278,0.0000,0.0000,25.0000,33.3558,wr_signal_score_role_balanced_v1,"0.50*scale(feature_targets_per_game,4.00,10.00)+0.50*scale(feature_target_share,0.12,0.30)","0.55*scale(feature_ppg_per_target,0.80,2.50)+0.45*scale(feature_ppg,6.00,18.00)","0.40*scale(48.00-feature_finish,0.00,36.00)+0.60*scale(expected_ppg_baseline-feature_ppg,0.00,4.00)","0.65*scale(feature_games_played,8.00,17.00)+0.35*scale(feature_total_ppr,80.00,260.00)","0.50*scale(feature_ppg_minus_cohort_expected,0.00,6.00)+0.30*scale(expected_finish_from_cohort-feature_finish,0.00,36.00)+0.20*scale(cohort_player_count,1.00,18.00)","0.20*scale(route_participation_season_avg,0.50,0.95)+0.20*scale(target_share_season_avg,0.10,0.32)+0.15*scale(air_yard_share_season_avg,0.08,0.38)+0.15*scale(routes_consistency_index,0.60,0.95)+0.15*scale(target_earning_index,0.12,0.45)+0.15*scale(opportunity_concentration_score,0.18,0.56)","0.50*scale(12.00-feature_finish,0.00,12.00)+0.25*scale(11.00-feature_games_played,0.00,11.00)+0.25*scale(0.14-feature_target_share,0.00,0.14)"
00-0032211,T.Lockett,2022,2023,WR,27.6042,73.8752,34.4444,88.7528,0.0000,0.0000,25.0000,33.2553,wr_signal_score_role_balanced_v1,"0.50*scale(feature_targets_per_game,4.00,10.00)+0.50*scale(feature_target_share,0.12,0.30)","0.55*scale(feature_ppg_per_target,0.80,2.50)+0.45*scale(feature_ppg,6.00,18.00)","0.40*scale(48.00-feature_finish,0.00,36.00)+0.60*scale(expected_ppg_baseline-feature_ppg,0.00,4.00)","0.65*scale(feature_games_played,8.00,17.00)+0.35*scale(feature_total_ppr,80.00,260.00)","0.50*scale(feature_ppg_minus_cohort_expected,0.00,6.00)+0.30*scale(expected_finish_from_cohort-feature_finish,0.00,36.00)+0.20*scale(cohort_player_count,1.00,18.00)","0.20*scale(route_participation_season_avg,0.50,0.95)+0.20*scale(target_share_season_avg,0.10,0.32)+0.15*scale(air_yard_share_season_avg,0.08,0.38)+0.15*scale(routes_consistency_index,0.60,0.95)+0.15*scale(target_earning_index,0.12,0.45)+0.15*scale(opportunity_concentration_score,0.18,0.56)","0.50*scale(12.00-feature_finish,0.00,12.00)+0.25*scale(11.00-feature_games_played,0.00,11.00)+0.25*scale(0.14-feature_target_share,0.00,0.14)"
00-0036410,T.Higgins,2022,2023,WR,31.5475,76.3542,38.8889,70.7306,0.0000,0.0000,25.0000,32.9417,wr_signal_score_role_balanced_v1,"0.50*scale(feature_targets_per_game,4.00,10.00)+0.50*scale(feature_target_share,0.12,0.30)","0.55*scale(feature_ppg_per_target,0.80,2.50)+0.45*scale(feature_ppg,6.00,18.00)","0.40*scale(48.00-feature_finish,0.00,36.00)+0.60*scale(expected_ppg_baseline-feature_ppg,0.00,4.00)","0.65*scale(feature_games_played,8.00,17.00)+0.35*scale(feature_total_ppr,80.00,260.00)","0.50*scale(feature_ppg_minus_cohort_expected,0.00,6.00)+0.30*scale(expected_finish_from_cohort-feature_finish,0.00,36.00)+0.20*scale(cohort_player_count,1.00,18.00)","0.20*scale(route_participation_season_avg,0.50,0.95)+0.20*scale(target_share_season_avg,0.10,0.32)+0.15*scale(air_yard_share_season_avg,0.08,0.38)+0.15*scale(routes_consistency_index,0.60,0.95)+0.15*scale(target_earning_index,0.12,0.45)+0.15*scale(opportunity_concentration_score,0.18,0.56)","0.50*scale(12.00-feature_finish,0.00,12.00)+0.25*scale(11.00-feature_games_played,0.00,11.00)+0.25*scale(0.14-feature_target_share,0.00,0.14)"
00-0037247,G.Pickens,2022,2023,WR,7.8434,52.4734,0.0000,81.8195,71.8033,0.0000,25.0000,31.8146,wr_signal_score_role_balanced_v1,"0.50*scale(feature_targets_per_game,4.00,10.00)+0.50*scale(feature_target_share,0.12,0.30)","0.55*scale(feature_ppg_per_target,0.80,2.50)+0.45*scale(feature_ppg,6.00,18.00)","0.40*scale(48.00-feature_finish,0.00,36.00)+0.60*scale(expected_ppg_baseline-feature_ppg,0.00,4.00)","0.65*scale(feature_games_played,8.00,17.00)+0.35*scale(feature_total_ppr,80.00,260.00)","0.50*scale(feature_ppg_minus_cohort_expected,0.00,6.00)+0.30*scale(expected_finish_from_cohort-feature_finish,0.00,36.00)+0.20*scale(cohort_player_count,1.00,18.00)","0.20*scale(route_participation_season_avg,0.50,0.95)+0.20*scale(target_share_season_avg,0.10,0.32)+0.15*scale(air_yard_share_season_avg,0.08,0.38)+0.15*scale(routes_consistency_index,0.60,0.95)+0.15*scale(target_earning_index,0.12,0.45)+0.15*scale(opportunity_concentration_score,0.18,0.56)","0.50*scale(12.00-feature_finish,0.00,12.00)+0.25*scale(11.00-feature_games_played,0.00,11.00)+0.25*scale(0.14-feature_target_share,0.00,0.14)"
00-0036252,M.Pittman,2022,2023,WR,40.1041,52.0363,27.7778,84.3194,0.0000,0.0000,25.0000,31.3364,wr_signal_score_role_balanced_v1,"0.50*scale(feature_targets_per_game,4.00,10.00)+0.50*scale(feature_target_share,0.12,0.30)","0.55*scale(feature_ppg_per_target,0.80,2.50)+0.45*scale(feature_ppg,6.00,18.00)","0.40*scale(48.00-feature_finish,0.00,36.00)+0.60*scale(expected_ppg_baseline-feature_ppg,0.00,4.00)","0.65*scale(feature_games_played,8.00,17.00)+0.35*scale(feature_total_ppr,80.00,260.00)","0.50*scale(feature_ppg_minus_cohort_expected,0.00,6.00)+0.30*scale(expected_finish_from_cohort-feature_finish,0.00,36.00)+0.20*scale(cohort_player_count,1.00,18.00)","0.20*scale(route_participation_season_avg,0.50,0.95)+0.20*scale(target_share_season_avg,0.10,0.32)+0.15*scale(air_yard_share_season_avg,0.08,0.38)+0.15*scale(routes_consistency_index,0.60,0.95)+0.15*scale(target_earning_index,0.12,0.45)+0.15*scale(opportunity_concentration_score,0.18,0.56)","0.50*scale(12.00-feature_finish,0.00,12.00)+0.25*scale(11.00-feature_games_played,0.00,11.00)+0.25*scale(0.14-feature_target_share,0.00,0.14)"
00-0035640,D.Metcalf,2022,2023,WR,35.7841,53.6874,24.4444,93.5445,0.0000,0.0000,25.0000,31.2132,wr_signal_score_role_balanced_v1,"0.50*scale(feature_targets_per_game,4.00,10.00)+0.50*scale(feature_target_share,0.12,0.30)","0.55*scale(feature_ppg_per_target,0.80,2.50)+0.45*scale(feature_ppg,6.00,18.00)","0.40*scale(48.00-feature_finish,0.00,36.00)+0.60*scale(expected_ppg_baseline-feature_ppg,0.00,4.00)","0.65*scale(feature_games_played,8.00,17.00)+0.35*scale(feature_total_ppr,80.00,260.00)","0.50*scale(feature_ppg_minus_cohort_expected,0.00,6.00)+0.30*scale(expected_finish_from_cohort-feature_finish,0.00,36.00)+0.20*scale(cohort_player_count,1.00,18.00)","0.20*scale(route_participation_season_avg,0.50,0.95)+0.20*scale(target_share_season_avg,0.10,0.32)+0.15*scale(air_yard_share_season_avg,0.08,0.38)+0.15*scale(routes_consistency_index,0.60,0.95)+0.15*scale(target_earning_index,0.12,0.45)+0.15*scale(opportunity_concentration_score,0.18,0.56)","0.50*scale(12.00-feature_finish,0.00,12.00)+0.25*scale(11.00-feature_games_played,0.00,11.00)+0.25*scale(0.14-feature_target_share,0.00,0.14)"
00-0033908,C.Kupp,2022,2023,WR,50.0000,85.6062,40.0000,30.8278,0.0000,0.0000,75.3788,30.7258,wr_signal_score_role_balanced_v1,"0.50*scale(feature_targets_per_game,4.00,10.00)+0.50*scale(feature_target_share,0.12,0.30)","0.55*scale(feature_ppg_per_target,0.80,2.50)+0.45*scale(feature_ppg,6.00,18.00)","0.40*scale(48.00-feature_finish,0.00,36.00)+0.60*scale(expected_ppg_baseline-feature_ppg,0.00,4.00)","0.65*scale(feature_games_played,8.00,17.00)+0.35*scale(feature_total_ppr,80.00,260.00)","0.50*scale(feature_ppg_minus_cohort_expected,0.00,6.00)+0.30*scale(expected_finish_from_cohort-feature_finish,0.00,36.00)+0.20*scale(cohort_player_count,1.00,18.00)","0.20*scale(route_participation_season_avg,0.50,0.95)+0.20*scale(target_share_season_avg,0.10,0.32)+0.15*scale(air_yard_share_season_avg,0.08,0.38)+0.15*scale(routes_consistency_index,0.60,0.95)+0.15*scale(target_earning_index,0.12,0.45)+0.15*scale(opportunity_concentration_score,0.18,0.56)","0.50*scale(12.00-feature_finish,0.00,12.00)+0.25*scale(11.00-feature_games_played,0.00,11.00)+0.25*scale(0.14-feature_target_share,0.00,0.14)"
00-0035659,T.McLaurin,2022,2023,WR,25.4900,63.8728,26.6667,93.9722,0.0000,0.0000,25.0000,30.6816,wr_signal_score_role_balanced_v1,"0.50*scale(feature_targets_per_game,4.00,10.00)+0.50*scale(feature_target_share,0.12,0.30)","0.55*scale(feature_ppg_per_target,0.80,2.50)+0.45*scale(feature_ppg,6.00,18.00)","0.40*scale(48.00-feature_finish,0.00,36.00)+0.60*scale(expected_ppg_baseline-feature_ppg,0.00,4.00)","0.65*scale(feature_games_played,8.00,17.00)+0.35*scale(feature_total_ppr,80.00,260.00)","0.50*scale(feature_ppg_minus_cohort_expected,0.00,6.00)+0.30*scale(expected_finish_from_cohort-feature_finish,0.00,36.00)+0.20*scale(cohort_player_count,1.00,18.00)","0.20*scale(route_participation_season_avg,0.50,0.95)+0.20*scale(target_share_season_avg,0.10,0.32)+0.15*scale(air_yard_share_season_avg,0.08,0.38)+0.15*scale(routes_consistency_index,0.60,0.95)+0.15*scale(target_earning_index,0.12,0.45)+0.15*scale(opportunity_concentration_score,0.18,0.56)","0.50*scale(12.00-feature_finish,0.00,12.00)+0.25*scale(11.00-feature_games_played,0.00,11.00)+0.25*scale(0.14-feature_target_share,0.00,0.14)"
00-0037741,J.Dotson,2022,2023,WR,9.0275,61.6976,5.5556,38.7277,80.8800,0.0000,25.0000,30.4031,wr_signal_score_role_balanced_v1,"0.50*scale(feature_targets_per_game,4.00,10.00)+0.50*scale(feature_target_share,0.12,0.30)","0.55*scale(feature_ppg_per_target,0.80,2.50)+0.45*scale(feature_ppg,6.00,18.00)","0.40*scale(48.00-feature_finish,0.00,36.00)+0.60*scale(expected_ppg_baseline-feature_ppg,0.00,4.00)","0.65*scale(feature_games_played,8.00,17.00)+0.35*scale(feature_total_ppr,80.00,260.00)","0.50*scale(feature_ppg_minus_cohort_expected,0.00,6.00)+0.30*scale(expected_finish_from_cohort-feature_finish,0.00,36.00)+0.20*scale(cohort_player_count,1.00,18.00)","0.20*scale(route_participation_season_avg,0.50,0.95)+0.20*scale(target_share_season_avg,0.10,0.32)+0.15*scale(air_yard_share_season_avg,0.08,0.38)+0.15*scale(routes_consistency_index,0.60,0.95)+0.15*scale(target_earning_index,0.12,0.45)+0.15*scale(opportunity_concentration_score,0.18,0.56)","0.50*scale(12.00-feature_finish,0.00,12.00)+0.25*scale(11.00-feature_games_played,0.00,11.00)+0.25*scale(0.14-feature_target_share,0.00,0.14)"
00-0036261,B.Aiyuk,2022,2023,WR,22.5492,66.5166,25.5556,93.7389,0.0000,0.0000,25.0000,30.1643,wr_signal_score_role_balanced_v1,"0.50*scale(feature_targets_per_game,4.00,10.00)+0.50*scale(feature_target_share,0.12,0.30)","0.55*scale(feature_ppg_per_target,0.80,2.50)+0.45*scale(feature_ppg,6.00,18.00)","0.40*scale(48.00-feature_finish,0.00,36.00)+0.60*scale(expected_ppg_baseline-feature_ppg,0.00,4.00)","0.65*scale(feature_games_played,8.00,17.00)+0.35*scale(feature_total_ppr,80.00,260.00)","0.50*scale(feature_ppg_minus_cohort_expected,0.00,6.00)+0.30*scale(expected_finish_from_cohort-feature_finish,0.00,36.00)+0.20*scale(cohort_player_count,1.00,18.00)","0.20*scale(route_participation_season_avg,0.50,0.95)+0.20*scale(target_share_season_avg,0.10,0.32)+0.15*scale(air_yard_share_season_avg,0.08,0.38)+0.15*scale(routes_consistency_index,0.60,0.95)+0.15*scale(target_earning_index,0.12,0.45)+0.15*scale(opportunity_concentration_score,0.18,0.56)","0.50*scale(12.00-feature_finish,0.00,12.00)+0.25*scale(11.00-feature_games_played,0.00,11.00)+0.25*scale(0.14-feature_target_share,0.00,0.14)"
00-0030279,K.Allen,2022,2023,WR,40.8334,72.7343,40.0000,30.7778,0.0000,0.0000,27.2727,29.4749,wr_signal_score_role_balanced_v1,"0.50*scale(feature_targets_per_game,4.00,10.00)+0.50*scale(feature_target_share,0.12,0.30)","0.55*scale(feature_ppg_per_target,0.80,2.50)+0.45*scale(feature_ppg,6.00,18.00)","0.40*scale(48.00-feature_finish,0.00,36.00)+0.60*scale(expected_ppg_baseline-feature_ppg,0.00,4.00)","0.65*scale(feature_games_played,8.00,17.00)+0.35*scale(feature_total_ppr,80.00,260.00)","0.50*scale(feature_ppg_minus_cohort_expected,0.00,6.00)+0.30*scale(expected_finish_from_cohort-feature_finish,0.00,36.00)+0.20*scale(cohort_player_count,1.00,18.00)","0.20*scale(route_participation_season_avg,0.50,0.95)+0.20*scale(target_share_season_avg,0.10,0.32)+0.15*scale(air_yard_share_season_avg,0.08,0.38)+0.15*scale(routes_consistency_index,0.60,0.95)+0.15*scale(target_earning_index,0.12,0.45)+0.15*scale(opportunity_concentration_score,0.18,0.56)","0.50*scale(12.00-feature_finish,0.00,12.00)+0.25*scale(11.00-feature_games_played,0.00,11.00)+0.25*scale(0.14-feature_target_share,0.00,0.14)"
00-0036345,K.Osborn,2022,2023,WR,10.7842,41.8759,0.0000,79.7000,63.6016,0.0000,25.0000,29.1789,wr_signal_score_role_balanced_v1,"0.50*scale(feature_targets_per_game,4.00,10.00)+0.50*scale(feature_target_share,0.12,0.30)","0.55*scale(feature_ppg_per_target,0.80,2.50)+0.45*scale(feature_ppg,6.00,18.00)","0.40*scale(48.00-feature_finish,0.00,36.00)+0.60*scale(expected_ppg_baseline-feature_ppg,0.00,4.00)","0.65*scale(feature_games_played,8.00,17.00)+0.35*scale(feature_total_ppr,80.00,260.00)","0.50*scale(feature_ppg_minus_cohort_expected,0.00,6.00)+0.30*scale(expected_finish_from_cohort-feature_finish,0.00,36.00)+0.20*scale(cohort_player_count,1.00,18.00)","0.20*scale(route_participation_season_avg,0.50,0.95)+0.20*scale(target_share_season_avg,0.10,0.32)+0.15*scale(air_yard_share_season_avg,0.08,0.38)+0.15*scale(routes_consistency_index,0.60,0.95)+0.15*scale(target_earning_index,0.12,0.45)+0.15*scale(opportunity_concentration_score,0.18,0.56)","0.50*scale(12.00-feature_finish,0.00,12.00)+0.25*scale(11.00-feature_games_played,0.00,11.00)+0.25*scale(0.14-feature_target_share,0.00,0.14)"
00-0030564,D.Hopkins,2022,2023,WR,50.0000,65.9504,40.0000,21.1639,0.0000,0.0000,37.8788,28.7711,wr_signal_score_role_balanced_v1,"0.50*scale(feature_targets_per_game,4.00,10.00)+0.50*scale(feature_target_share,0.12,0.30)","0.55*scale(feature_ppg_per_target,0.80,2.50)+0.45*scale(feature_ppg,6.00,18.00)","0.40*scale(48.00-feature_finish,0.00,36.00)+0.60*scale(expected_ppg_baseline-feature_ppg,0.00,4.00)","0.65*scale(feature_games_played,8.00,17.00)+0.35*scale(feature_total_ppr,80.00,260.00)","0.50*scale(feature_ppg_minus_cohort_expected,0.00,6.00)+0.30*scale(expected_finish_from_cohort-feature_finish,0.00,36.00)+0.20*scale(cohort_player_count,1.00,18.00)","0.20*scale(route_participation_season_avg,0.50,0.95)+0.20*scale(target_share_season_avg,0.10,0.32)+0.15*scale(air_yard_share_season_avg,0.08,0.38)+0.15*scale(routes_consistency_index,0.60,0.95)+0.15*scale(target_earning_index,0.12,0.45)+0.15*scale(opportunity_concentration_score,0.18,0.56)","0.50*scale(12.00-feature_finish,0.00,12.00)+0.25*scale(11.00-feature_games_played,0.00,11.00)+0.25*scale(0.14-feature_target_share,0.00,0.14)"
00-0036407,J.Jeudy,2022,2023,WR,22.2225,68.7319,30.0000,74.7056,0.0000,0.0000,25.0000,28.6549,wr_signal_score_role_balanced_v1,"0.50*scale(feature_targets_per_game,4.00,10.00)+0.50*scale(feature_target_share,0.12,0.30)","0.55*scale(feature_ppg_per_target,0.80,2.50)+0.45*scale(feature_ppg,6.00,18.00)","0.40*scale(48.00-feature_finish,0.00,36.00)+0.60*scale(expected_ppg_baseline-feature_ppg,0.00,4.00)","0.65*scale(feature_games_played,8.00,17.00)+0.35*scale(feature_total_ppr,80.00,260.00)","0.50*scale(feature_ppg_minus_cohort_expected,0.00,6.00)+0.30*scale(expected_finish_from_cohort-feature_finish,0.00,36.00)+0.20*scale(cohort_player_count,1.00,18.00)","0.20*scale(route_participation_season_avg,0.50,0.95)+0.20*scale(target_share_season_avg,0.10,0.32)+0.15*scale(air_yard_share_season_avg,0.08,0.38)+0.15*scale(routes_consistency_index,0.60,0.95)+0.15*scale(target_earning_index,0.12,0.45)+0.15*scale(opportunity_concentration_score,0.18,0.56)","0.50*scale(12.00-feature_finish,0.00,12.00)+0.25*scale(11.00-feature_games_played,0.00,11.00)+0.25*scale(0.14-feature_target_share,0.00,0.14)"
00-0034286,R.James,2022,2023,WR,8.3333,52.7286,0.0000,54.7084,69.7683,0.0000,25.0000,28.0797,wr_signal_score_role_balanced_v1,"0.50*scale(feature_targets_per_game,4.00,10.00)+0.50*scale(feature_target_share,0.12,0.30)","0.55*scale(feature_ppg_per_target,0.80,2.50)+0.45*scale(feature_ppg,6.00,18.00)","0.40*scale(48.00-feature_finish,0.00,36.00)+0.60*scale(expected_ppg_baseline-feature_ppg,0.00,4.00)","0.65*scale(feature_games_played,8.00,17.00)+0.35*scale(feature_total_ppr,80.00,260.00)","0.50*scale(feature_ppg_minus_cohort_expected,0.00,6.00)+0.30*scale(expected_finish_from_cohort-feature_finish,0.00,36.00)+0.20*scale(cohort_player_count,1.00,18.00)","0.20*scale(route_participation_season_avg,0.50,0.95)+0.20*scale(target_share_season_avg,0.10,0.32)+0.15*scale(air_yard_share_season_avg,0.08,0.38)+0.15*scale(routes_consistency_index,0.60,0.95)+0.15*scale(target_earning_index,0.12,0.45)+0.15*scale(opportunity_concentration_score,0.18,0.56)","0.50*scale(12.00-feature_finish,0.00,12.00)+0.25*scale(11.00-feature_games_played,0.00,11.00)+0.25*scale(0.14-feature_target_share,0.00,0.14)"
00-0036165,I.Hodgins,2022,2023,WR,11.1108,60.9047,7.7778,11.1500,82.9633,0.0000,29.5454,27.6569,wr_signal_score_role_balanced_v1,"0.50*scale(feature_targets_per_game,4.00,10.00)+0.50*scale(feature_target_share,0.12,0.30)","0.55*scale(feature_ppg_per_target,0.80,2.50)+0.45*scale(feature_ppg,6.00,18.00)","0.40*scale(48.00-feature_finish,0.00,36.00)+0.60*scale(expected_ppg_baseline-feature_ppg,0.00,4.00)","0.65*scale(feature_games_played,8.00,17.00)+0.35*scale(feature_total_ppr,80.00,260.00)","0.50*scale(feature_ppg_minus_cohort_expected,0.00,6.00)+0.30*scale(expected_finish_from_cohort-feature_finish,0.00,36.00)+0.20*scale(cohort_player_count,1.00,18.00)","0.20*scale(route_participation_season_avg,0.50,0.95)+0.20*scale(target_share_season_avg,0.10,0.32)+0.15*scale(air_yard_share_season_avg,0.08,0.38)+0.15*scale(routes_consistency_index,0.60,0.95)+0.15*scale(target_earning_index,0.12,0.45)+0.15*scale(opportunity_concentration_score,0.18,0.56)","0.50*scale(12.00-feature_finish,0.00,12.00)+0.25*scale(11.00-feature_games_played,0.00,11.00)+0.25*scale(0.14-feature_target_share,0.00,0.14)"
00-0033891,Z.Jones,2022,2023,WR,29.6875,51.0151,17.7778,80.7417,0.0000,0.0000,25.0000,26.6181,wr_signal_score_role_balanced_v1,"0.50*scale(feature_targets_per_game,4.00,10.00)+0.50*scale(feature_target_share,0.12,0.30)","0.55*scale(feature_ppg_per_target,0.80,2.50)+0.45*scale(feature_ppg,6.00,18.00)","0.40*scale(48.00-feature_finish,0.00,36.00)+0.60*scale(expected_ppg_baseline-feature_ppg,0.00,4.00)","0.65*scale(feature_games_played,8.00,17.00)+0.35*scale(feature_total_ppr,80.00,260.00)","0.50*scale(feature_ppg_minus_cohort_expected,0.00,6.00)+0.30*scale(expected_finish_from_cohort-feature_finish,0.00,36.00)+0.20*scale(cohort_player_count,1.00,18.00)","0.20*scale(route_participation_season_avg,0.50,0.95)+0.20*scale(target_share_season_avg,0.10,0.32)+0.15*scale(air_yard_share_season_avg,0.08,0.38)+0.15*scale(routes_consistency_index,0.60,0.95)+0.15*scale(target_earning_index,0.12,0.45)+0.15*scale(opportunity_concentration_score,0.18,0.56)","0.50*scale(12.00-feature_finish,0.00,12.00)+0.25*scale(11.00-feature_games_played,0.00,11.00)+0.25*scale(0.14-feature_target_share,0.00,0.14)"
00-0035500,G.Dortch,2022,2023,WR,15.1517,49.0407,0.0000,28.4916,74.5241,0.0000,25.0000,26.6108,wr_signal_score_role_balanced_v1,"0.50*scale(feature_targets_per_game,4.00,10.00)+0.50*scale(feature_target_share,0.12,0.30)","0.55*scale(feature_ppg_per_target,0.80,2.50)+0.45*scale(feature_ppg,6.00,18.00)","0.40*scale(48.00-feature_finish,0.00,36.00)+0.60*scale(expected_ppg_baseline-feature_ppg,0.00,4.00)","0.65*scale(feature_games_played,8.00,17.00)+0.35*scale(feature_total_ppr,80.00,260.00)","0.50*scale(feature_ppg_minus_cohort_expected,0.00,6.00)+0.30*scale(expected_finish_from_cohort-feature_finish,0.00,36.00)+0.20*scale(cohort_player_count,1.00,18.00)","0.20*scale(route_participation_season_avg,0.50,0.95)+0.20*scale(target_share_season_avg,0.10,0.32)+0.15*scale(air_yard_share_season_avg,0.08,0.38)+0.15*scale(routes_consistency_index,0.60,0.95)+0.15*scale(target_earning_index,0.12,0.45)+0.15*scale(opportunity_concentration_score,0.18,0.56)","0.50*scale(12.00-feature_finish,0.00,12.00)+0.25*scale(11.00-feature_games_played,0.00,11.00)+0.25*scale(0.14-feature_target_share,0.00,0.14)"
00-0033536,M.Williams,2022,2023,WR,26.2816,63.9324,28.8889,54.8750,0.0000,0.0000,25.0000,26.1534,wr_signal_score_role_balanced_v1,"0.50*scale(feature_targets_per_game,4.00,10.00)+0.50*scale(feature_target_share,0.12,0.30)","0.55*scale(feature_ppg_per_target,0.80,2.50)+0.45*scale(feature_ppg,6.00,18.00)","0.40*scale(48.00-feature_finish,0.00,36.00)+0.60*scale(expected_ppg_baseline-feature_ppg,0.00,4.00)","0.65*scale(feature_games_played,8.00,17.00)+0.35*scale(feature_total_ppr,80.00,260.00)","0.50*scale(feature_ppg_minus_cohort_expected,0.00,6.00)+0.30*scale(expected_finish_from_cohort-feature_finish,0.00,36.00)+0.20*scale(cohort_player_count,1.00,18.00)","0.20*scale(route_participation_season_avg,0.50,0.95)+0.20*scale(target_share_season_avg,0.10,0.32)+0.15*scale(air_yard_share_season_avg,0.08,0.38)+0.15*scale(routes_consistency_index,0.60,0.95)+0.15*scale(target_earning_index,0.12,0.45)+0.15*scale(opportunity_concentration_score,0.18,0.56)","0.50*scale(12.00-feature_finish,0.00,12.00)+0.25*scale(11.00-feature_games_played,0.00,11.00)+0.25*scale(0.14-feature_target_share,0.00,0.14)"
00-0036936,R.Moore,2022,2023,WR,25.0000,43.6033,6.6667,1.5361,78.8900,0.0000,31.8182,26.0980,wr_signal_score_role_balanced_v1,"0.50*scale(feature_targets_per_game,4.00,10.00)+0.50*scale(feature_target_share,0.12,0.30)","0.55*scale(feature_ppg_per_target,0.80,2.50)+0.45*scale(feature_ppg,6.00,18.00)","0.40*scale(48.00-feature_finish,0.00,36.00)+0.60*scale(expected_ppg_baseline-feature_ppg,0.00,4.00)","0.65*scale(feature_games_played,8.00,17.00)+0.35*scale(feature_total_ppr,80.00,260.00)","0.50*scale(feature_ppg_minus_cohort_expected,0.00,6.00)+0.30*scale(expected_finish_from_cohort-feature_finish,0.00,36.00)+0.20*scale(cohort_player_count,1.00,18.00)","0.20*scale(route_participation_season_avg,0.50,0.95)+0.20*scale(target_share_season_avg,0.10,0.32)+0.15*scale(air_yard_share_season_avg,0.08,0.38)+0.15*scale(routes_consistency_index,0.60,0.95)+0.15*scale(target_earning_index,0.12,0.45)+0.15*scale(opportunity_concentration_score,0.18,0.56)","0.50*scale(12.00-feature_finish,0.00,12.00)+0.25*scale(11.00-feature_games_played,0.00,11.00)+0.25*scale(0.14-feature_target_share,0.00,0.14)"
00-0034827,D.Moore,2022,2023,WR,24.5100,50.1254,14.4444,88.1583,0.0000,0.0000,25.0000,25.6729,wr_signal_score_role_balanced_v1,"0.50*scale(feature_targets_per_game,4.00,10.00)+0.50*scale(feature_target_share,0.12,0.30)","0.55*scale(feature_ppg_per_target,0.80,2.50)+0.45*scale(feature_ppg,6.00,18.00)","0.40*scale(48.00-feature_finish,0.00,36.00)+0.60*scale(expected_ppg_baseline-feature_ppg,0.00,4.00)","0.65*scale(feature_games_played,8.00,17.00)+0.35*scale(feature_total_ppr,80.00,260.00)","0.50*scale(feature_ppg_minus_cohort_expected,0.00,6.00)+0.30*scale(expected_finish_from_cohort-feature_finish,0.00,36.00)+0.20*scale(cohort_player_count,1.00,18.00)","0.20*scale(route_participation_season_avg,0.50,0.95)+0.20*scale(target_share_season_avg,0.10,0.32)+0.15*scale(air_yard_share_season_avg,0.08,0.38)+0.15*scale(routes_consistency_index,0.60,0.95)+0.15*scale(target_earning_index,0.12,0.45)+0.15*scale(opportunity_concentration_score,0.18,0.56)","0.50*scale(12.00-feature_finish,0.00,12.00)+0.25*scale(11.00-feature_games_played,0.00,11.00)+0.25*scale(0.14-feature_target_share,0.00,0.14)"
00-0034960,J.Meyers,2022,2023,WR,23.8091,63.0951,22.2222,63.6139,0.0000,0.0000,25.0000,25.5038,wr_signal_score_role_balanced_v1,"0.50*scale(feature_targets_per_game,4.00,10.00)+0.50*scale(feature_target_share,0.12,0.30)","0.55*scale(feature_ppg_per_target,0.80,2.50)+0.45*scale(feature_ppg,6.00,18.00)","0.40*scale(48.00-feature_finish,0.00,36.00)+0.60*scale(expected_ppg_baseline-feature_ppg,0.00,4.00)","0.65*scale(feature_games_played,8.00,17.00)+0.35*scale(feature_total_ppr,80.00,260.00)","0.50*scale(feature_ppg_minus_cohort_expected,0.00,6.00)+0.30*scale(expected_finish_from_cohort-feature_finish,0.00,36.00)+0.20*scale(cohort_player_count,1.00,18.00)","0.20*scale(route_participation_season_avg,0.50,0.95)+0.20*scale(target_share_season_avg,0.10,0.32)+0.15*scale(air_yard_share_season_avg,0.08,0.38)+0.15*scale(routes_consistency_index,0.60,0.95)+0.15*scale(target_earning_index,0.12,0.45)+0.15*scale(opportunity_concentration_score,0.18,0.56)","0.50*scale(12.00-feature_finish,0.00,12.00)+0.25*scale(11.00-feature_games_played,0.00,11.00)+0.25*scale(0.14-feature_target_share,0.00,0.14)"
00-0035662,M.Brown,2022,2023,WR,40.9725,47.5363,21.1111,43.6666,0.0000,0.0000,25.0000,24.5183,wr_signal_score_role_balanced_v1,"0.50*scale(feature_targets_per_game,4.00,10.00)+0.50*scale(feature_target_share,0.12,0.30)","0.55*scale(feature_ppg_per_target,0.80,2.50)+0.45*scale(feature_ppg,6.00,18.00)","0.40*scale(48.00-feature_finish,0.00,36.00)+0.60*scale(expected_ppg_baseline-feature_ppg,0.00,4.00)","0.65*scale(feature_games_played,8.00,17.00)+0.35*scale(feature_total_ppr,80.00,260.00)","0.50*scale(feature_ppg_minus_cohort_expected,0.00,6.00)+0.30*scale(expected_finish_from_cohort-feature_finish,0.00,36.00)+0.20*scale(cohort_player_count,1.00,18.00)","0.20*scale(route_participation_season_avg,0.50,0.95)+0.20*scale(target_share_season_avg,0.10,0.32)+0.15*scale(air_yard_share_season_avg,0.08,0.38)+0.15*scale(routes_consistency_index,0.60,0.95)+0.15*scale(target_earning_index,0.12,0.45)+0.15*scale(opportunity_concentration_score,0.18,0.56)","0.50*scale(12.00-feature_finish,0.00,12.00)+0.25*scale(11.00-feature_games_played,0.00,11.00)+0.25*scale(0.14-feature_target_share,0.00,0.14)"
00-0035216,D.Johnson,2022,2023,WR,38.7259,31.2476,4.4444,84.5805,0.0000,0.0000,25.0000,24.1879,wr_signal_score_role_balanced_v1,"0.50*scale(feature_targets_per_game,4.00,10.00)+0.50*scale(feature_target_share,0.12,0.30)","0.55*scale(feature_ppg_per_target,0.80,2.50)+0.45*scale(feature_ppg,6.00,18.00)","0.40*scale(48.00-feature_finish,0.00,36.00)+0.60*scale(expected_ppg_baseline-feature_ppg,0.00,4.00)","0.65*scale(feature_games_played,8.00,17.00)+0.35*scale(feature_total_ppr,80.00,260.00)","0.50*scale(feature_ppg_minus_cohort_expected,0.00,6.00)+0.30*scale(expected_finish_from_cohort-feature_finish,0.00,36.00)+0.20*scale(cohort_player_count,1.00,18.00)","0.20*scale(route_participation_season_avg,0.50,0.95)+0.20*scale(target_share_season_avg,0.10,0.32)+0.15*scale(air_yard_share_season_avg,0.08,0.38)+0.15*scale(routes_consistency_index,0.60,0.95)+0.15*scale(target_earning_index,0.12,0.45)+0.15*scale(opportunity_concentration_score,0.18,0.56)","0.50*scale(12.00-feature_finish,0.00,12.00)+0.25*scale(11.00-feature_games_played,0.00,11.00)+0.25*scale(0.14-feature_target_share,0.00,0.14)"
00-0035719,D.Samuel,2022,2023,WR,26.9233,58.1541,20.0000,53.3000,0.0000,0.0000,25.0000,23.8137,wr_signal_score_role_balanced_v1,"0.50*scale(feature_targets_per_game,4.00,10.00)+0.50*scale(feature_target_share,0.12,0.30)","0.55*scale(feature_ppg_per_target,0.80,2.50)+0.45*scale(feature_ppg,6.00,18.00)","0.40*scale(48.00-feature_finish,0.00,36.00)+0.60*scale(expected_ppg_baseline-feature_ppg,0.00,4.00)","0.65*scale(feature_games_played,8.00,17.00)+0.35*scale(feature_total_ppr,80.00,260.00)","0.50*scale(feature_ppg_minus_cohort_expected,0.00,6.00)+0.30*scale(expected_finish_from_cohort-feature_finish,0.00,36.00)+0.20*scale(cohort_player_count,1.00,18.00)","0.20*scale(route_participation_season_avg,0.50,0.95)+0.20*scale(target_share_season_avg,0.10,0.32)+0.15*scale(air_yard_share_season_avg,0.08,0.38)+0.15*scale(routes_consistency_index,0.60,0.95)+0.15*scale(target_earning_index,0.12,0.45)+0.15*scale(opportunity_concentration_score,0.18,0.56)","0.50*scale(12.00-feature_finish,0.00,12.00)+0.25*scale(11.00-feature_games_played,0.00,11.00)+0.25*scale(0.14-feature_target_share,0.00,0.14)"
00-0037545,R.Shaheed,2022,2023,WR,0.0000,66.7615,0.0000,25.6528,66.3225,0.0000,25.0000,23.7871,wr_signal_score_role_balanced_v1,"0.50*scale(feature_targets_per_game,4.00,10.00)+0.50*scale(feature_target_share,0.12,0.30)","0.55*scale(feature_ppg_per_target,0.80,2.50)+0.45*scale(feature_ppg,6.00,18.00)","0.40*scale(48.00-feature_finish,0.00,36.00)+0.60*scale(expected_ppg_baseline-feature_ppg,0.00,4.00)","0.65*scale(feature_games_played,8.00,17.00)+0.35*scale(feature_total_ppr,80.00,260.00)","0.50*scale(feature_ppg_minus_cohort_expected,0.00,6.00)+0.30*scale(expected_finish_from_cohort-feature_finish,0.00,36.00)+0.20*scale(cohort_player_count,1.00,18.00)","0.20*scale(route_participation_season_avg,0.50,0.95)+0.20*scale(target_share_season_avg,0.10,0.32)+0.15*scale(air_yard_share_season_avg,0.08,0.38)+0.15*scale(routes_consistency_index,0.60,0.95)+0.15*scale(target_earning_index,0.12,0.45)+0.15*scale(opportunity_concentration_score,0.18,0.56)","0.50*scale(12.00-feature_finish,0.00,12.00)+0.25*scale(11.00-feature_games_played,0.00,11.00)+0.25*scale(0.14-feature_target_share,0.00,0.14)"
00-0036554,N.Collins,2022,2023,WR,21.6667,35.6282,0.0000,17.7694,68.2442,0.0000,27.2727,23.5019,wr_signal_score_role_balanced_v1,"0.50*scale(feature_targets_per_game,4.00,10.00)+0.50*scale(feature_target_share,0.12,0.30)","0.55*scale(feature_ppg_per_target,0.80,2.50)+0.45*scale(feature_ppg,6.00,18.00)","0.40*scale(48.00-feature_finish,0.00,36.00)+0.60*scale(expected_ppg_baseline-feature_ppg,0.00,4.00)","0.65*scale(feature_games_played,8.00,17.00)+0.35*scale(feature_total_ppr,80.00,260.00)","0.50*scale(feature_ppg_minus_cohort_expected,0.00,6.00)+0.30*scale(expected_finish_from_cohort-feature_finish,0.00,36.00)+0.20*scale(cohort_player_count,1.00,18.00)","0.20*scale(route_participation_season_avg,0.50,0.95)+0.20*scale(target_share_season_avg,0.10,0.32)+0.15*scale(air_yard_share_season_avg,0.08,0.38)+0.15*scale(routes_consistency_index,0.60,0.95)+0.15*scale(target_earning_index,0.12,0.45)+0.15*scale(opportunity_concentration_score,0.18,0.56)","0.50*scale(12.00-feature_finish,0.00,12.00)+0.25*scale(11.00-feature_games_played,0.00,11.00)+0.25*scale(0.14-feature_target_share,0.00,0.14)"
00-0033857,J.Smith-Schuster,2022,2023,WR,19.2708,54.4040,12.2222,78.2528,0.0000,0.0000,25.0000,23.4140,wr_signal_score_role_balanced_v1,"0.50*scale(feature_targets_per_game,4.00,10.00)+0.50*scale(feature_target_share,0.12,0.30)","0.55*scale(feature_ppg_per_target,0.80,2.50)+0.45*scale(feature_ppg,6.00,18.00)","0.40*scale(48.00-feature_finish,0.00,36.00)+0.60*scale(expected_ppg_baseline-feature_ppg,0.00,4.00)","0.65*scale(feature_games_played,8.00,17.00)+0.35*scale(feature_total_ppr,80.00,260.00)","0.50*scale(feature_ppg_minus_cohort_expected,0.00,6.00)+0.30*scale(expected_finish_from_cohort-feature_finish,0.00,36.00)+0.20*scale(cohort_player_count,1.00,18.00)","0.20*scale(route_participation_season_avg,0.50,0.95)+0.20*scale(target_share_season_avg,0.10,0.32)+0.15*scale(air_yard_share_season_avg,0.08,0.38)+0.15*scale(routes_consistency_index,0.60,0.95)+0.15*scale(target_earning_index,0.12,0.45)+0.15*scale(opportunity_concentration_score,0.18,0.56)","0.50*scale(12.00-feature_finish,0.00,12.00)+0.25*scale(11.00-feature_games_played,0.00,11.00)+0.25*scale(0.14-feature_target_share,0.00,0.14)"
00-0034521,A.Lazard,2022,2023,WR,22.2225,51.8702,13.3333,68.9889,0.0000,0.0000,25.0000,22.7158,wr_signal_score_role_balanced_v1,"0.50*scale(feature_targets_per_game,4.00,10.00)+0.50*scale(feature_target_share,0.12,0.30)","0.55*scale(feature_ppg_per_target,0.80,2.50)+0.45*scale(feature_ppg,6.00,18.00)","0.40*scale(48.00-feature_finish,0.00,36.00)+0.60*scale(expected_ppg_baseline-feature_ppg,0.00,4.00)","0.65*scale(feature_games_played,8.00,17.00)+0.35*scale(feature_total_ppr,80.00,260.00)","0.50*scale(feature_ppg_minus_cohort_expected,0.00,6.00)+0.30*scale(expected_finish_from_cohort-feature_finish,0.00,36.00)+0.20*scale(cohort_player_count,1.00,18.00)","0.20*scale(route_participation_season_avg,0.50,0.95)+0.20*scale(target_share_season_avg,0.10,0.32)+0.15*scale(air_yard_share_season_avg,0.08,0.38)+0.15*scale(routes_consistency_index,0.60,0.95)+0.15*scale(target_earning_index,0.12,0.45)+0.15*scale(opportunity_concentration_score,0.18,0.56)","0.50*scale(12.00-feature_finish,0.00,12.00)+0.25*scale(11.00-feature_games_played,0.00,11.00)+0.25*scale(0.14-feature_target_share,0.00,0.14)"
00-0036196,G.Davis,2022,2023,WR,18.3333,54.2140,10.0000,68.3667,0.0000,0.0000,25.0000,21.5198,wr_signal_score_role_balanced_v1,"0.50*scale(feature_targets_per_game,4.00,10.00)+0.50*scale(feature_target_share,0.12,0.30)","0.55*scale(feature_ppg_per_target,0.80,2.50)+0.45*scale(feature_ppg,6.00,18.00)","0.40*scale(48.00-feature_finish,0.00,36.00)+0.60*scale(expected_ppg_baseline-feature_ppg,0.00,4.00)","0.65*scale(feature_games_played,8.00,17.00)+0.35*scale(feature_total_ppr,80.00,260.00)","0.50*scale(feature_ppg_minus_cohort_expected,0.00,6.00)+0.30*scale(expected_finish_from_cohort-feature_finish,0.00,36.00)+0.20*scale(cohort_player_count,1.00,18.00)","0.20*scale(route_participation_season_avg,0.50,0.95)+0.20*scale(target_share_season_avg,0.10,0.32)+0.15*scale(air_yard_share_season_avg,0.08,0.38)+0.15*scale(routes_consistency_index,0.60,0.95)+0.15*scale(target_earning_index,0.12,0.45)+0.15*scale(opportunity_concentration_score,0.18,0.56)","0.50*scale(12.00-feature_finish,0.00,12.00)+0.25*scale(11.00-feature_games_played,0.00,11.00)+0.25*scale(0.14-feature_target_share,0.00,0.14)"
00-0030035,A.Thielen,2022,2023,WR,19.1175,45.7490,2.2222,84.4445,0.0000,0.0000,25.0000,21.2839,wr_signal_score_role_balanced_v1,"0.50*scale(feature_targets_per_game,4.00,10.00)+0.50*scale(feature_target_share,0.12,0.30)","0.55*scale(feature_ppg_per_target,0.80,2.50)+0.45*scale(feature_ppg,6.00,18.00)","0.40*scale(48.00-feature_finish,0.00,36.00)+0.60*scale(expected_ppg_baseline-feature_ppg,0.00,4.00)","0.65*scale(feature_games_played,8.00,17.00)+0.35*scale(feature_total_ppr,80.00,260.00)","0.50*scale(feature_ppg_minus_cohort_expected,0.00,6.00)+0.30*scale(expected_finish_from_cohort-feature_finish,0.00,36.00)+0.20*scale(cohort_player_count,1.00,18.00)","0.20*scale(route_participation_season_avg,0.50,0.95)+0.20*scale(target_share_season_avg,0.10,0.32)+0.15*scale(air_yard_share_season_avg,0.08,0.38)+0.15*scale(routes_consistency_index,0.60,0.95)+0.15*scale(target_earning_index,0.12,0.45)+0.15*scale(opportunity_concentration_score,0.18,0.56)","0.50*scale(12.00-feature_finish,0.00,12.00)+0.25*scale(11.00-feature_games_played,0.00,11.00)+0.25*scale(0.14-feature_target_share,0.00,0.14)"
00-0037816,R.Doubs,2022,2023,WR,9.6150,29.9864,0.0000,40.3111,54.4065,0.0000,25.0000,20.3392,wr_signal_score_role_balanced_v1,"0.50*scale(feature_targets_per_game,4.00,10.00)+0.50*scale(feature_target_share,0.12,0.30)","0.55*scale(feature_ppg_per_target,0.80,2.50)+0.45*scale(feature_ppg,6.00,18.00)","0.40*scale(48.00-feature_finish,0.00,36.00)+0.60*scale(expected_ppg_baseline-feature_ppg,0.00,4.00)","0.65*scale(feature_games_played,8.00,17.00)+0.35*scale(feature_total_ppr,80.00,260.00)","0.50*scale(feature_ppg_minus_cohort_expected,0.00,6.00)+0.30*scale(expected_finish_from_cohort-feature_finish,0.00,36.00)+0.20*scale(cohort_player_count,1.00,18.00)","0.20*scale(route_participation_season_avg,0.50,0.95)+0.20*scale(target_share_season_avg,0.10,0.32)+0.15*scale(air_yard_share_season_avg,0.08,0.38)+0.15*scale(routes_consistency_index,0.60,0.95)+0.15*scale(target_earning_index,0.12,0.45)+0.15*scale(opportunity_concentration_score,0.18,0.56)","0.50*scale(12.00-feature_finish,0.00,12.00)+0.25*scale(11.00-feature_games_played,0.00,11.00)+0.25*scale(0.14-feature_target_share,0.00,0.14)"
00-0033282,C.Samuel,2022,2023,WR,11.7650,52.5051,0.0000,83.7250,0.0000,0.0000,25.0000,20.0836,wr_signal_score_role_balanced_v1,"0.50*scale(feature_targets_per_game,4.00,10.00)+0.50*scale(feature_target_share,0.12,0.30)","0.55*scale(feature_ppg_per_target,0.80,2.50)+0.45*scale(feature_ppg,6.00,18.00)","0.40*scale(48.00-feature_finish,0.00,36.00)+0.60*scale(expected_ppg_baseline-feature_ppg,0.00,4.00)","0.65*scale(feature_games_played,8.00,17.00)+0.35*scale(feature_total_ppr,80.00,260.00)","0.50*scale(feature_ppg_minus_cohort_expected,0.00,6.00)+0.30*scale(expected_finish_from_cohort-feature_finish,0.00,36.00)+0.20*scale(cohort_player_count,1.00,18.00)","0.20*scale(route_participation_season_avg,0.50,0.95)+0.20*scale(target_share_season_avg,0.10,0.32)+0.15*scale(air_yard_share_season_avg,0.08,0.38)+0.15*scale(routes_consistency_index,0.60,0.95)+0.15*scale(target_earning_index,0.12,0.45)+0.15*scale(opportunity_concentration_score,0.18,0.56)","0.50*scale(12.00-feature_finish,0.00,12.00)+0.25*scale(11.00-feature_games_played,0.00,11.00)+0.25*scale(0.14-feature_target_share,0.00,0.14)"
00-0034348,C.Sutton,2022,2023,WR,27.2225,38.7800,3.3333,65.9945,0.0000,0.0000,25.0000,19.9630,wr_signal_score_role_balanced_v1,"0.50*scale(feature_targets_per_game,4.00,10.00)+0.50*scale(feature_target_share,0.12,0.30)","0.55*scale(feature_ppg_per_target,0.80,2.50)+0.45*scale(feature_ppg,6.00,18.00)","0.40*scale(48.00-feature_finish,0.00,36.00)+0.60*scale(expected_ppg_baseline-feature_ppg,0.00,4.00)","0.65*scale(feature_games_played,8.00,17.00)+0.35*scale(feature_total_ppr,80.00,260.00)","0.50*scale(feature_ppg_minus_cohort_expected,0.00,6.00)+0.30*scale(expected_finish_from_cohort-feature_finish,0.00,36.00)+0.20*scale(cohort_player_count,1.00,18.00)","0.20*scale(route_participation_season_avg,0.50,0.95)+0.20*scale(target_share_season_avg,0.10,0.32)+0.15*scale(air_yard_share_season_avg,0.08,0.38)+0.15*scale(routes_consistency_index,0.60,0.95)+0.15*scale(target_earning_index,0.12,0.45)+0.15*scale(opportunity_concentration_score,0.18,0.56)","0.50*scale(12.00-feature_finish,0.00,12.00)+0.25*scale(11.00-feature_games_played,0.00,11.00)+0.25*scale(0.14-feature_target_share,0.00,0.14)"
00-0032398,C.Moore,2022,2023,WR,7.7775,30.7148,0.0000,57.3806,40.0345,0.0000,25.0000,19.6395,wr_signal_score_role_balanced_v1,"0.50*scale(feature_targets_per_game,4.00,10.00)+0.50*scale(feature_target_share,0.12,0.30)","0.55*scale(feature_ppg_per_target,0.80,2.50)+0.45*scale(feature_ppg,6.00,18.00)","0.40*scale(48.00-feature_finish,0.00,36.00)+0.60*scale(expected_ppg_baseline-feature_ppg,0.00,4.00)","0.65*scale(feature_games_played,8.00,17.00)+0.35*scale(feature_total_ppr,80.00,260.00)","0.50*scale(feature_ppg_minus_cohort_expected,0.00,6.00)+0.30*scale(expected_finish_from_cohort-feature_finish,0.00,36.00)+0.20*scale(cohort_player_count,1.00,18.00)","0.20*scale(route_participation_season_avg,0.50,0.95)+0.20*scale(target_share_season_avg,0.10,0.32)+0.15*scale(air_yard_share_season_avg,0.08,0.38)+0.15*scale(routes_consistency_index,0.60,0.95)+0.15*scale(target_earning_index,0.12,0.45)+0.15*scale(opportunity_concentration_score,0.18,0.56)","0.50*scale(12.00-feature_finish,0.00,12.00)+0.25*scale(11.00-feature_games_played,0.00,11.00)+0.25*scale(0.14-feature_target_share,0.00,0.14)"
00-0037664,A.Pierce,2022,2023,WR,7.2916,24.5177,0.0000,64.0583,39.0923,0.0000,25.0000,19.2918,wr_signal_score_role_balanced_v1,"0.50*scale(feature_targets_per_game,4.00,10.00)+0.50*scale(feature_target_share,0.12,0.30)","0.55*scale(feature_ppg_per_target,0.80,2.50)+0.45*scale(feature_ppg,6.00,18.00)","0.40*scale(48.00-feature_finish,0.00,36.00)+0.60*scale(expected_ppg_baseline-feature_ppg,0.00,4.00)","0.65*scale(feature_games_played,8.00,17.00)+0.35*scale(feature_total_ppr,80.00,260.00)","0.50*scale(feature_ppg_minus_cohort_expected,0.00,6.00)+0.30*scale(expected_finish_from_cohort-feature_finish,0.00,36.00)+0.20*scale(cohort_player_count,1.00,18.00)","0.20*scale(route_participation_season_avg,0.50,0.95)+0.20*scale(target_share_season_avg,0.10,0.32)+0.15*scale(air_yard_share_season_avg,0.08,0.38)+0.15*scale(routes_consistency_index,0.60,0.95)+0.15*scale(target_earning_index,0.12,0.45)+0.15*scale(opportunity_concentration_score,0.18,0.56)","0.50*scale(12.00-feature_finish,0.00,12.00)+0.25*scale(11.00-feature_games_played,0.00,11.00)+0.25*scale(0.14-feature_target_share,0.00,0.14)"
00-0031236,B.Cooks,2022,2023,WR,26.2816,44.2695,8.8889,48.8667,0.0000,0.0000,25.0000,19.2229,wr_signal_score_role_balanced_v1,"0.50*scale(feature_targets_per_game,4.00,10.00)+0.50*scale(feature_target_share,0.12,0.30)","0.55*scale(feature_ppg_per_target,0.80,2.50)+0.45*scale(feature_ppg,6.00,18.00)","0.40*scale(48.00-feature_finish,0.00,36.00)+0.60*scale(expected_ppg_baseline-feature_ppg,0.00,4.00)","0.65*scale(feature_games_played,8.00,17.00)+0.35*scale(feature_total_ppr,80.00,260.00)","0.50*scale(feature_ppg_minus_cohort_expected,0.00,6.00)+0.30*scale(expected_finish_from_cohort-feature_finish,0.00,36.00)+0.20*scale(cohort_player_count,1.00,18.00)","0.20*scale(route_participation_season_avg,0.50,0.95)+0.20*scale(target_share_season_avg,0.10,0.32)+0.15*scale(air_yard_share_season_avg,0.08,0.38)+0.15*scale(routes_consistency_index,0.60,0.95)+0.15*scale(target_earning_index,0.12,0.45)+0.15*scale(opportunity_concentration_score,0.18,0.56)","0.50*scale(12.00-feature_finish,0.00,12.00)+0.25*scale(11.00-feature_games_played,0.00,11.00)+0.25*scale(0.14-feature_target_share,0.00,0.14)"
00-0036233,D.Peoples-Jones,2022,2023,WR,13.7258,44.7918,0.0000,81.9361,0.0000,0.0000,25.0000,19.1647,wr_signal_score_role_balanced_v1,"0.50*scale(feature_targets_per_game,4.00,10.00)+0.50*scale(feature_target_share,0.12,0.30)","0.55*scale(feature_ppg_per_target,0.80,2.50)+0.45*scale(feature_ppg,6.00,18.00)","0.40*scale(48.00-feature_finish,0.00,36.00)+0.60*scale(expected_ppg_baseline-feature_ppg,0.00,4.00)","0.65*scale(feature_games_played,8.00,17.00)+0.35*scale(feature_total_ppr,80.00,260.00)","0.50*scale(feature_ppg_minus_cohort_expected,0.00,6.00)+0.30*scale(expected_finish_from_cohort-feature_finish,0.00,36.00)+0.20*scale(cohort_player_count,1.00,18.00)","0.20*scale(route_participation_season_avg,0.50,0.95)+0.20*scale(target_share_season_avg,0.10,0.32)+0.15*scale(air_yard_share_season_avg,0.08,0.38)+0.15*scale(routes_consistency_index,0.60,0.95)+0.15*scale(target_earning_index,0.12,0.45)+0.15*scale(opportunity_concentration_score,0.18,0.56)","0.50*scale(12.00-feature_finish,0.00,12.00)+0.25*scale(11.00-feature_games_played,0.00,11.00)+0.25*scale(0.14-feature_target_share,0.00,0.14)"
00-0033009,T.Boyd,2022,2023,WR,9.3750,56.7233,0.0000,74.7178,0.0000,0.0000,25.0000,18.9718,wr_signal_score_role_balanced_v1,"0.50*scale(feature_targets_per_game,4.00,10.00)+0.50*scale(feature_target_share,0.12,0.30)","0.55*scale(feature_ppg_per_target,0.80,2.50)+0.45*scale(feature_ppg,6.00,18.00)","0.40*scale(48.00-feature_finish,0.00,36.00)+0.60*scale(expected_ppg_baseline-feature_ppg,0.00,4.00)","0.65*scale(feature_games_played,8.00,17.00)+0.35*scale(feature_total_ppr,80.00,260.00)","0.50*scale(feature_ppg_minus_cohort_expected,0.00,6.00)+0.30*scale(expected_finish_from_cohort-feature_finish,0.00,36.00)+0.20*scale(cohort_player_count,1.00,18.00)","0.20*scale(route_participation_season_avg,0.50,0.95)+0.20*scale(target_share_season_avg,0.10,0.32)+0.15*scale(air_yard_share_season_avg,0.08,0.38)+0.15*scale(routes_consistency_index,0.60,0.95)+0.15*scale(target_earning_index,0.12,0.45)+0.15*scale(opportunity_concentration_score,0.18,0.56)","0.50*scale(12.00-feature_finish,0.00,12.00)+0.25*scale(11.00-feature_games_played,0.00,11.00)+0.25*scale(0.14-feature_target_share,0.00,0.14)"
00-0037742,T.Burks,2022,2023,WR,7.5758,34.4349,0.0000,23.2416,56.9284,0.0000,25.0000,18.7519,wr_signal_score_role_balanced_v1,"0.50*scale(feature_targets_per_game,4.00,10.00)+0.50*scale(feature_target_share,0.12,0.30)","0.55*scale(feature_ppg_per_target,0.80,2.50)+0.45*scale(feature_ppg,6.00,18.00)","0.40*scale(48.00-feature_finish,0.00,36.00)+0.60*scale(expected_ppg_baseline-feature_ppg,0.00,4.00)","0.65*scale(feature_games_played,8.00,17.00)+0.35*scale(feature_total_ppr,80.00,260.00)","0.50*scale(feature_ppg_minus_cohort_expected,0.00,6.00)+0.30*scale(expected_finish_from_cohort-feature_finish,0.00,36.00)+0.20*scale(cohort_player_count,1.00,18.00)","0.20*scale(route_participation_season_avg,0.50,0.95)+0.20*scale(target_share_season_avg,0.10,0.32)+0.15*scale(air_yard_share_season_avg,0.08,0.38)+0.15*scale(routes_consistency_index,0.60,0.95)+0.15*scale(target_earning_index,0.12,0.45)+0.15*scale(opportunity_concentration_score,0.18,0.56)","0.50*scale(12.00-feature_finish,0.00,12.00)+0.25*scale(11.00-feature_games_played,0.00,11.00)+0.25*scale(0.14-feature_target_share,0.00,0.14)"
00-0033555,M.Hollins,2022,2023,WR,12.7450,38.6823,0.0000,79.4200,0.0000,0.0000,25.0000,17.6857,wr_signal_score_role_balanced_v1,"0.50*scale(feature_targets_per_game,4.00,10.00)+0.50*scale(feature_target_share,0.12,0.30)","0.55*scale(feature_ppg_per_target,0.80,2.50)+0.45*scale(feature_ppg,6.00,18.00)","0.40*scale(48.00-feature_finish,0.00,36.00)+0.60*scale(expected_ppg_baseline-feature_ppg,0.00,4.00)","0.65*scale(feature_games_played,8.00,17.00)+0.35*scale(feature_total_ppr,80.00,260.00)","0.50*scale(feature_ppg_minus_cohort_expected,0.00,6.00)+0.30*scale(expected_finish_from_cohort-feature_finish,0.00,36.00)+0.20*scale(cohort_player_count,1.00,18.00)","0.20*scale(route_participation_season_avg,0.50,0.95)+0.20*scale(target_share_season_avg,0.10,0.32)+0.15*scale(air_yard_share_season_avg,0.08,0.38)+0.15*scale(routes_consistency_index,0.60,0.95)+0.15*scale(target_earning_index,0.12,0.45)+0.15*scale(opportunity_concentration_score,0.18,0.56)","0.50*scale(12.00-feature_finish,0.00,12.00)+0.25*scale(11.00-feature_games_played,0.00,11.00)+0.25*scale(0.14-feature_target_share,0.00,0.14)"
00-0036550,R.Bateman,2022,2023,WR,5.5559,46.8720,0.0000,0.0000,60.3962,0.0000,36.3636,17.0537,wr_signal_score_role_balanced_v1,"0.50*scale(feature_targets_per_game,4.00,10.00)+0.50*scale(feature_target_share,0.12,0.30)","0.55*scale(feature_ppg_per_target,0.80,2.50)+0.45*scale(feature_ppg,6.00,18.00)","0.40*scale(48.00-feature_finish,0.00,36.00)+0.60*scale(expected_ppg_baseline-feature_ppg,0.00,4.00)","0.65*scale(feature_games_played,8.00,17.00)+0.35*scale(feature_total_ppr,80.00,260.00)","0.50*scale(feature_ppg_minus_cohort_expected,0.00,6.00)+0.30*scale(expected_finish_from_cohort-feature_finish,0.00,36.00)+0.20*scale(cohort_player_count,1.00,18.00)","0.20*scale(route_participation_season_avg,0.50,0.95)+0.20*scale(target_share_season_avg,0.10,0.32)+0.15*scale(air_yard_share_season_avg,0.08,0.38)+0.15*scale(routes_consistency_index,0.60,0.95)+0.15*scale(target_earning_index,0.12,0.45)+0.15*scale(opportunity_concentration_score,0.18,0.56)","0.50*scale(12.00-feature_finish,0.00,12.00)+0.25*scale(11.00-feature_games_played,0.00,11.00)+0.25*scale(0.14-feature_target_share,0.00,0.14)"
00-0035639,P.Campbell,2022,2023,WR,11.2742,37.5168,0.0000,78.4361,0.0000,0.0000,25.0000,17.0300,wr_signal_score_role_balanced_v1,"0.50*scale(feature_targets_per_game,4.00,10.00)+0.50*scale(feature_target_share,0.12,0.30)","0.55*scale(feature_ppg_per_target,0.80,2.50)+0.45*scale(feature_ppg,6.00,18.00)","0.40*scale(48.00-feature_finish,0.00,36.00)+0.60*scale(expected_ppg_baseline-feature_ppg,0.00,4.00)","0.65*scale(feature_games_played,8.00,17.00)+0.35*scale(feature_total_ppr,80.00,260.00)","0.50*scale(feature_ppg_minus_cohort_expected,0.00,6.00)+0.30*scale(expected_finish_from_cohort-feature_finish,0.00,36.00)+0.20*scale(cohort_player_count,1.00,18.00)","0.20*scale(route_participation_season_avg,0.50,0.95)+0.20*scale(target_share_season_avg,0.10,0.32)+0.15*scale(air_yard_share_season_avg,0.08,0.38)+0.15*scale(routes_consistency_index,0.60,0.95)+0.15*scale(target_earning_index,0.12,0.45)+0.15*scale(opportunity_concentration_score,0.18,0.56)","0.50*scale(12.00-feature_finish,0.00,12.00)+0.25*scale(11.00-feature_games_played,0.00,11.00)+0.25*scale(0.14-feature_target_share,0.00,0.14)"
00-0038117,W.Robinson,2022,2023,WR,9.7225,37.7193,0.0000,0.0000,61.8525,0.0000,36.3636,16.9429,wr_signal_score_role_balanced_v1,"0.50*scale(feature_targets_per_game,4.00,10.00)+0.50*scale(feature_target_share,0.12,0.30)","0.55*scale(feature_ppg_per_target,0.80,2.50)+0.45*scale(feature_ppg,6.00,18.00)","0.40*scale(48.00-feature_finish,0.00,36.00)+0.60*scale(expected_ppg_baseline-feature_ppg,0.00,4.00)","0.65*scale(feature_games_played,8.00,17.00)+0.35*scale(feature_total_ppr,80.00,260.00)","0.50*scale(feature_ppg_minus_cohort_expected,0.00,6.00)+0.30*scale(expected_finish_from_cohort-feature_finish,0.00,36.00)+0.20*scale(cohort_player_count,1.00,18.00)","0.20*scale(route_participation_season_avg,0.50,0.95)+0.20*scale(target_share_season_avg,0.10,0.32)+0.15*scale(air_yard_share_season_avg,0.08,0.38)+0.15*scale(routes_consistency_index,0.60,0.95)+0.15*scale(target_earning_index,0.12,0.45)+0.15*scale(opportunity_concentration_score,0.18,0.56)","0.50*scale(12.00-feature_finish,0.00,12.00)+0.25*scale(11.00-feature_games_played,0.00,11.00)+0.25*scale(0.14-feature_target_share,0.00,0.14)"
00-0030068,M.Goodwin,2022,2023,WR,0.0000,49.2871,0.0000,30.8722,36.2628,0.0000,25.0000,16.4338,wr_signal_score_role_balanced_v1,"0.50*scale(feature_targets_per_game,4.00,10.00)+0.50*scale(feature_target_share,0.12,0.30)","0.55*scale(feature_ppg_per_target,0.80,2.50)+0.45*scale(feature_ppg,6.00,18.00)","0.40*scale(48.00-feature_finish,0.00,36.00)+0.60*scale(expected_ppg_baseline-feature_ppg,0.00,4.00)","0.65*scale(feature_games_played,8.00,17.00)+0.35*scale(feature_total_ppr,80.00,260.00)","0.50*scale(feature_ppg_minus_cohort_expected,0.00,6.00)+0.30*scale(expected_finish_from_cohort-feature_finish,0.00,36.00)+0.20*scale(cohort_player_count,1.00,18.00)","0.20*scale(route_participation_season_avg,0.50,0.95)+0.20*scale(target_share_season_avg,0.10,0.32)+0.15*scale(air_yard_share_season_avg,0.08,0.38)+0.15*scale(routes_consistency_index,0.60,0.95)+0.15*scale(target_earning_index,0.12,0.45)+0.15*scale(opportunity_concentration_score,0.18,0.56)","0.50*scale(12.00-feature_finish,0.00,12.00)+0.25*scale(11.00-feature_games_played,0.00,11.00)+0.25*scale(0.14-feature_target_share,0.00,0.14)"
00-0034386,J.Watson,2022,2023,WR,0.0000,29.7837,0.0000,65.0000,20.0000,0.0000,25.0000,15.0176,wr_signal_score_role_balanced_v1,"0.50*scale(feature_targets_per_game,4.00,10.00)+0.50*scale(feature_target_share,0.12,0.30)","0.55*scale(feature_ppg_per_target,0.80,2.50)+0.45*scale(feature_ppg,6.00,18.00)","0.40*scale(48.00-feature_finish,0.00,36.00)+0.60*scale(expected_ppg_baseline-feature_ppg,0.00,4.00)","0.65*scale(feature_games_played,8.00,17.00)+0.35*scale(feature_total_ppr,80.00,260.00)","0.50*scale(feature_ppg_minus_cohort_expected,0.00,6.00)+0.30*scale(expected_finish_from_cohort-feature_finish,0.00,36.00)+0.20*scale(cohort_player_count,1.00,18.00)","0.20*scale(route_participation_season_avg,0.50,0.95)+0.20*scale(target_share_season_avg,0.10,0.32)+0.15*scale(air_yard_share_season_avg,0.08,0.38)+0.15*scale(routes_consistency_index,0.60,0.95)+0.15*scale(target_earning_index,0.12,0.45)+0.15*scale(opportunity_concentration_score,0.18,0.56)","0.50*scale(12.00-feature_finish,0.00,12.00)+0.25*scale(11.00-feature_games_played,0.00,11.00)+0.25*scale(0.14-feature_target_share,0.00,0.14)"
00-0035535,D.Slayton,2022,2023,WR,12.1791,47.1651,0.0000,45.5223,0.0000,0.0000,25.0000,14.4156,wr_signal_score_role_balanced_v1,"0.50*scale(feature_targets_per_game,4.00,10.00)+0.50*scale(feature_target_share,0.12,0.30)","0.55*scale(feature_ppg_per_target,0.80,2.50)+0.45*scale(feature_ppg,6.00,18.00)","0.40*scale(48.00-feature_finish,0.00,36.00)+0.60*scale(expected_ppg_baseline-feature_ppg,0.00,4.00)","0.65*scale(feature_games_played,8.00,17.00)+0.35*scale(feature_total_ppr,80.00,260.00)","0.50*scale(feature_ppg_minus_cohort_expected,0.00,6.00)+0.30*scale(expected_finish_from_cohort-feature_finish,0.00,36.00)+0.20*scale(cohort_player_count,1.00,18.00)","0.20*scale(route_participation_season_avg,0.50,0.95)+0.20*scale(target_share_season_avg,0.10,0.32)+0.15*scale(air_yard_share_season_avg,0.08,0.38)+0.15*scale(routes_consistency_index,0.60,0.95)+0.15*scale(target_earning_index,0.12,0.45)+0.15*scale(opportunity_concentration_score,0.18,0.56)","0.50*scale(12.00-feature_finish,0.00,12.00)+0.25*scale(11.00-feature_games_played,0.00,11.00)+0.25*scale(0.14-feature_target_share,0.00,0.14)"
00-0036331,D.Duvernay,2022,2023,WR,0.0000,59.3727,0.0000,50.3528,0.0000,0.0000,25.0000,13.9518,wr_signal_score_role_balanced_v1,"0.50*scale(feature_targets_per_game,4.00,10.00)+0.50*scale(feature_target_share,0.12,0.30)","0.55*scale(feature_ppg_per_target,0.80,2.50)+0.45*scale(feature_ppg,6.00,18.00)","0.40*scale(48.00-feature_finish,0.00,36.00)+0.60*scale(expected_ppg_baseline-feature_ppg,0.00,4.00)","0.65*scale(feature_games_played,8.00,17.00)+0.35*scale(feature_total_ppr,80.00,260.00)","0.50*scale(feature_ppg_minus_cohort_expected,0.00,6.00)+0.30*scale(expected_finish_from_cohort-feature_finish,0.00,36.00)+0.20*scale(cohort_player_count,1.00,18.00)","0.20*scale(route_participation_season_avg,0.50,0.95)+0.20*scale(target_share_season_avg,0.10,0.32)+0.15*scale(air_yard_share_season_avg,0.08,0.38)+0.15*scale(routes_consistency_index,0.60,0.95)+0.15*scale(target_earning_index,0.12,0.45)+0.15*scale(opportunity_concentration_score,0.18,0.56)","0.50*scale(12.00-feature_finish,0.00,12.00)+0.25*scale(11.00-feature_games_played,0.00,11.00)+0.25*scale(0.14-feature_target_share,0.00,0.14)"
00-0034411,R.Gage,2022,2023,WR,11.5383,44.3977,0.0000,44.5889,0.0000,0.0000,25.0000,13.7254,wr_signal_score_role_balanced_v1,"0.50*scale(feature_targets_per_game,4.00,10.00)+0.50*scale(feature_target_share,0.12,0.30)","0.55*scale(feature_ppg_per_target,0.80,2.50)+0.45*scale(feature_ppg,6.00,18.00)","0.40*scale(48.00-feature_finish,0.00,36.00)+0.60*scale(expected_ppg_baseline-feature_ppg,0.00,4.00)","0.65*scale(feature_games_played,8.00,17.00)+0.35*scale(feature_total_ppr,80.00,260.00)","0.50*scale(feature_ppg_minus_cohort_expected,0.00,6.00)+0.30*scale(expected_finish_from_cohort-feature_finish,0.00,36.00)+0.20*scale(cohort_player_count,1.00,18.00)","0.20*scale(route_participation_season_avg,0.50,0.95)+0.20*scale(target_share_season_avg,0.10,0.32)+0.15*scale(air_yard_share_season_avg,0.08,0.38)+0.15*scale(routes_consistency_index,0.60,0.95)+0.15*scale(target_earning_index,0.12,0.45)+0.15*scale(opportunity_concentration_score,0.18,0.56)","0.50*scale(12.00-feature_finish,0.00,12.00)+0.25*scale(11.00-feature_games_played,0.00,11.00)+0.25*scale(0.14-feature_target_share,0.00,0.14)"
00-0034272,M.Valdes-Scantling,2022,2023,WR,6.3725,27.5066,0.0000,73.2445,0.0000,0.0000,25.0000,13.6772,wr_signal_score_role_balanced_v1,"0.50*scale(feature_targets_per_game,4.00,10.00)+0.50*scale(feature_target_share,0.12,0.30)","0.55*scale(feature_ppg_per_target,0.80,2.50)+0.45*scale(feature_ppg,6.00,18.00)","0.40*scale(48.00-feature_finish,0.00,36.00)+0.60*scale(expected_ppg_baseline-feature_ppg,0.00,4.00)","0.65*scale(feature_games_played,8.00,17.00)+0.35*scale(feature_total_ppr,80.00,260.00)","0.50*scale(feature_ppg_minus_cohort_expected,0.00,6.00)+0.30*scale(expected_finish_from_cohort-feature_finish,0.00,36.00)+0.20*scale(cohort_player_count,1.00,18.00)","0.20*scale(route_participation_season_avg,0.50,0.95)+0.20*scale(target_share_season_avg,0.10,0.32)+0.15*scale(air_yard_share_season_avg,0.08,0.38)+0.15*scale(routes_consistency_index,0.60,0.95)+0.15*scale(target_earning_index,0.12,0.45)+0.15*scale(opportunity_concentration_score,0.18,0.56)","0.50*scale(12.00-feature_finish,0.00,12.00)+0.25*scale(11.00-feature_games_played,0.00,11.00)+0.25*scale(0.14-feature_target_share,0.00,0.14)"
00-0030431,R.Woods,2022,2023,WR,11.2742,19.4266,0.0000,72.3305,0.0000,0.0000,25.0000,13.5228,wr_signal_score_role_balanced_v1,"0.50*scale(feature_targets_per_game,4.00,10.00)+0.50*scale(feature_target_share,0.12,0.30)","0.55*scale(feature_ppg_per_target,0.80,2.50)+0.45*scale(feature_ppg,6.00,18.00)","0.40*scale(48.00-feature_finish,0.00,36.00)+0.60*scale(expected_ppg_baseline-feature_ppg,0.00,4.00)","0.65*scale(feature_games_played,8.00,17.00)+0.35*scale(feature_total_ppr,80.00,260.00)","0.50*scale(feature_ppg_minus_cohort_expected,0.00,6.00)+0.30*scale(expected_finish_from_cohort-feature_finish,0.00,36.00)+0.20*scale(cohort_player_count,1.00,18.00)","0.20*scale(route_participation_season_avg,0.50,0.95)+0.20*scale(target_share_season_avg,0.10,0.32)+0.15*scale(air_yard_share_season_avg,0.08,0.38)+0.15*scale(routes_consistency_index,0.60,0.95)+0.15*scale(target_earning_index,0.12,0.45)+0.15*scale(opportunity_concentration_score,0.18,0.56)","0.50*scale(12.00-feature_finish,0.00,12.00)+0.25*scale(11.00-feature_games_played,0.00,11.00)+0.25*scale(0.14-feature_target_share,0.00,0.14)"
00-0032385,S.Shepard,2022,2023,WR,33.3334,40.9903,11.1111,0.0000,0.0000,0.0000,43.1818,13.3354,wr_signal_score_role_balanced_v1,"0.50*scale(feature_targets_per_game,4.00,10.00)+0.50*scale(feature_target_share,0.12,0.30)","0.55*scale(feature_ppg_per_target,0.80,2.50)+0.45*scale(feature_ppg,6.00,18.00)","0.40*scale(48.00-feature_finish,0.00,36.00)+0.60*scale(expected_ppg_baseline-feature_ppg,0.00,4.00)","0.65*scale(feature_games_played,8.00,17.00)+0.35*scale(feature_total_ppr,80.00,260.00)","0.50*scale(feature_ppg_minus_cohort_expected,0.00,6.00)+0.30*scale(expected_finish_from_cohort-feature_finish,0.00,36.00)+0.20*scale(cohort_player_count,1.00,18.00)","0.20*scale(route_participation_season_avg,0.50,0.95)+0.20*scale(target_share_season_avg,0.10,0.32)+0.15*scale(air_yard_share_season_avg,0.08,0.38)+0.15*scale(routes_consistency_index,0.60,0.95)+0.15*scale(target_earning_index,0.12,0.45)+0.15*scale(opportunity_concentration_score,0.18,0.56)","0.50*scale(12.00-feature_finish,0.00,12.00)+0.25*scale(11.00-feature_games_played,0.00,11.00)+0.25*scale(0.14-feature_target_share,0.00,0.14)"
00-0035140,M.Hardman,2022,2023,WR,2.0833,76.4687,16.6667,2.6833,0.0000,0.0000,31.8182,13.0767,wr_signal_score_role_balanced_v1,"0.50*scale(feature_targets_per_game,4.00,10.00)+0.50*scale(feature_target_share,0.12,0.30)","0.55*scale(feature_ppg_per_target,0.80,2.50)+0.45*scale(feature_ppg,6.00,18.00)","0.40*scale(48.00-feature_finish,0.00,36.00)+0.60*scale(expected_ppg_baseline-feature_ppg,0.00,4.00)","0.65*scale(feature_games_played,8.00,17.00)+0.35*scale(feature_total_ppr,80.00,260.00)","0.50*scale(feature_ppg_minus_cohort_expected,0.00,6.00)+0.30*scale(expected_finish_from_cohort-feature_finish,0.00,36.00)+0.20*scale(cohort_player_count,1.00,18.00)","0.20*scale(route_participation_season_avg,0.50,0.95)+0.20*scale(target_share_season_avg,0.10,0.32)+0.15*scale(air_yard_share_season_avg,0.08,0.38)+0.15*scale(routes_consistency_index,0.60,0.95)+0.15*scale(target_earning_index,0.12,0.45)+0.15*scale(opportunity_concentration_score,0.18,0.56)","0.50*scale(12.00-feature_finish,0.00,12.00)+0.25*scale(11.00-feature_games_played,0.00,11.00)+0.25*scale(0.14-feature_target_share,0.00,0.14)"
00-0036259,J.Jennings,2022,2023,WR,0.0000,21.8382,0.0000,58.2833,20.0000,0.0000,25.0000,12.9526,wr_signal_score_role_balanced_v1,"0.50*scale(feature_targets_per_game,4.00,10.00)+0.50*scale(feature_target_share,0.12,0.30)","0.55*scale(feature_ppg_per_target,0.80,2.50)+0.45*scale(feature_ppg,6.00,18.00)","0.40*scale(48.00-feature_finish,0.00,36.00)+0.60*scale(expected_ppg_baseline-feature_ppg,0.00,4.00)","0.65*scale(feature_games_played,8.00,17.00)+0.35*scale(feature_total_ppr,80.00,260.00)","0.50*scale(feature_ppg_minus_cohort_expected,0.00,6.00)+0.30*scale(expected_finish_from_cohort-feature_finish,0.00,36.00)+0.20*scale(cohort_player_count,1.00,18.00)","0.20*scale(route_participation_season_avg,0.50,0.95)+0.20*scale(target_share_season_avg,0.10,0.32)+0.15*scale(air_yard_share_season_avg,0.08,0.38)+0.15*scale(routes_consistency_index,0.60,0.95)+0.15*scale(target_earning_index,0.12,0.45)+0.15*scale(opportunity_concentration_score,0.18,0.56)","0.50*scale(12.00-feature_finish,0.00,12.00)+0.25*scale(11.00-feature_games_played,0.00,11.00)+0.25*scale(0.14-feature_target_share,0.00,0.14)"
00-0029293,M.Jones,2022,2023,WR,8.8542,25.7084,0.0000,64.9528,0.0000,0.0000,25.0000,12.9251,wr_signal_score_role_balanced_v1,"0.50*scale(feature_targets_per_game,4.00,10.00)+0.50*scale(feature_target_share,0.12,0.30)","0.55*scale(feature_ppg_per_target,0.80,2.50)+0.45*scale(feature_ppg,6.00,18.00)","0.40*scale(48.00-feature_finish,0.00,36.00)+0.60*scale(expected_ppg_baseline-feature_ppg,0.00,4.00)","0.65*scale(feature_games_played,8.00,17.00)+0.35*scale(feature_total_ppr,80.00,260.00)","0.50*scale(feature_ppg_minus_cohort_expected,0.00,6.00)+0.30*scale(expected_finish_from_cohort-feature_finish,0.00,36.00)+0.20*scale(cohort_player_count,1.00,18.00)","0.20*scale(route_participation_season_avg,0.50,0.95)+0.20*scale(target_share_season_avg,0.10,0.32)+0.15*scale(air_yard_share_season_avg,0.08,0.38)+0.15*scale(routes_consistency_index,0.60,0.95)+0.15*scale(target_earning_index,0.12,0.45)+0.15*scale(opportunity_concentration_score,0.18,0.56)","0.50*scale(12.00-feature_finish,0.00,12.00)+0.25*scale(11.00-feature_games_played,0.00,11.00)+0.25*scale(0.14-feature_target_share,0.00,0.14)"
00-0033466,I.McKenzie,2022,2023,WR,2.7775,41.1972,0.0000,58.2945,0.0000,0.0000,25.0000,12.9245,wr_signal_score_role_balanced_v1,"0.50*scale(feature_targets_per_game,4.00,10.00)+0.50*scale(feature_target_share,0.12,0.30)","0.55*scale(feature_ppg_per_target,0.80,2.50)+0.45*scale(feature_ppg,6.00,18.00)","0.40*scale(48.00-feature_finish,0.00,36.00)+0.60*scale(expected_ppg_baseline-feature_ppg,0.00,4.00)","0.65*scale(feature_games_played,8.00,17.00)+0.35*scale(feature_total_ppr,80.00,260.00)","0.50*scale(feature_ppg_minus_cohort_expected,0.00,6.00)+0.30*scale(expected_finish_from_cohort-feature_finish,0.00,36.00)+0.20*scale(cohort_player_count,1.00,18.00)","0.20*scale(route_participation_season_avg,0.50,0.95)+0.20*scale(target_share_season_avg,0.10,0.32)+0.15*scale(air_yard_share_season_avg,0.08,0.38)+0.15*scale(routes_consistency_index,0.60,0.95)+0.15*scale(target_earning_index,0.12,0.45)+0.15*scale(opportunity_concentration_score,0.18,0.56)","0.50*scale(12.00-feature_finish,0.00,12.00)+0.25*scale(11.00-feature_games_played,0.00,11.00)+0.25*scale(0.14-feature_target_share,0.00,0.14)"
00-0032464,K.Raymond,2022,2023,WR,0.0000,37.5928,0.0000,64.8167,0.0000,0.0000,25.0000,12.5651,wr_signal_score_role_balanced_v1,"0.50*scale(feature_targets_per_game,4.00,10.00)+0.50*scale(feature_target_share,0.12,0.30)","0.55*scale(feature_ppg_per_target,0.80,2.50)+0.45*scale(feature_ppg,6.00,18.00)","0.40*scale(48.00-feature_finish,0.00,36.00)+0.60*scale(expected_ppg_baseline-feature_ppg,0.00,4.00)","0.65*scale(feature_games_played,8.00,17.00)+0.35*scale(feature_total_ppr,80.00,260.00)","0.50*scale(feature_ppg_minus_cohort_expected,0.00,6.00)+0.30*scale(expected_finish_from_cohort-feature_finish,0.00,36.00)+0.20*scale(cohort_player_count,1.00,18.00)","0.20*scale(route_participation_season_avg,0.50,0.95)+0.20*scale(target_share_season_avg,0.10,0.32)+0.15*scale(air_yard_share_season_avg,0.08,0.38)+0.15*scale(routes_consistency_index,0.60,0.95)+0.15*scale(target_earning_index,0.12,0.45)+0.15*scale(opportunity_concentration_score,0.18,0.56)","0.50*scale(12.00-feature_finish,0.00,12.00)+0.25*scale(11.00-feature_games_played,0.00,11.00)+0.25*scale(0.14-feature_target_share,0.00,0.14)"
00-0037291,J.Nailor,2022,2023,WR,0.0000,57.1750,0.0000,0.0000,34.0923,0.0000,38.6364,12.3947,wr_signal_score_role_balanced_v1,"0.50*scale(feature_targets_per_game,4.00,10.00)+0.50*scale(feature_target_share,0.12,0.30)","0.55*scale(feature_ppg_per_target,0.80,2.50)+0.45*scale(feature_ppg,6.00,18.00)","0.40*scale(48.00-feature_finish,0.00,36.00)+0.60*scale(expected_ppg_baseline-feature_ppg,0.00,4.00)","0.65*scale(feature_games_played,8.00,17.00)+0.35*scale(feature_total_ppr,80.00,260.00)","0.50*scale(feature_ppg_minus_cohort_expected,0.00,6.00)+0.30*scale(expected_finish_from_cohort-feature_finish,0.00,36.00)+0.20*scale(cohort_player_count,1.00,18.00)","0.20*scale(route_participation_season_avg,0.50,0.95)+0.20*scale(target_share_season_avg,0.10,0.32)+0.15*scale(air_yard_share_season_avg,0.08,0.38)+0.15*scale(routes_consistency_index,0.60,0.95)+0.15*scale(target_earning_index,0.12,0.45)+0.15*scale(opportunity_concentration_score,0.18,0.56)","0.50*scale(12.00-feature_finish,0.00,12.00)+0.25*scale(11.00-feature_games_played,0.00,11.00)+0.25*scale(0.14-feature_target_share,0.00,0.14)"
00-0033591,N.Brown,2022,2023,WR,7.7775,30.3025,0.0000,57.2639,0.0000,0.0000,25.0000,12.3563,wr_signal_score_role_balanced_v1,"0.50*scale(feature_targets_per_game,4.00,10.00)+0.50*scale(feature_target_share,0.12,0.30)","0.55*scale(feature_ppg_per_target,0.80,2.50)+0.45*scale(feature_ppg,6.00,18.00)","0.40*scale(48.00-feature_finish,0.00,36.00)+0.60*scale(expected_ppg_baseline-feature_ppg,0.00,4.00)","0.65*scale(feature_games_played,8.00,17.00)+0.35*scale(feature_total_ppr,80.00,260.00)","0.50*scale(feature_ppg_minus_cohort_expected,0.00,6.00)+0.30*scale(expected_finish_from_cohort-feature_finish,0.00,36.00)+0.20*scale(cohort_player_count,1.00,18.00)","0.20*scale(route_participation_season_avg,0.50,0.95)+0.20*scale(target_share_season_avg,0.10,0.32)+0.15*scale(air_yard_share_season_avg,0.08,0.38)+0.15*scale(routes_consistency_index,0.60,0.95)+0.15*scale(target_earning_index,0.12,0.45)+0.15*scale(opportunity_concentration_score,0.18,0.56)","0.50*scale(12.00-feature_finish,0.00,12.00)+0.25*scale(11.00-feature_games_played,0.00,11.00)+0.25*scale(0.14-feature_target_share,0.00,0.14)"
00-0036913,K.Toney,2022,2023,WR,0.0000,57.2084,0.0000,7.2222,25.4295,0.0000,29.5454,12.3247,wr_signal_score_role_balanced_v1,"0.50*scale(feature_targets_per_game,4.00,10.00)+0.50*scale(feature_target_share,0.12,0.30)","0.55*scale(feature_ppg_per_target,0.80,2.50)+0.45*scale(feature_ppg,6.00,18.00)","0.40*scale(48.00-feature_finish,0.00,36.00)+0.60*scale(expected_ppg_baseline-feature_ppg,0.00,4.00)","0.65*scale(feature_games_played,8.00,17.00)+0.35*scale(feature_total_ppr,80.00,260.00)","0.50*scale(feature_ppg_minus_cohort_expected,0.00,6.00)+0.30*scale(expected_finish_from_cohort-feature_finish,0.00,36.00)+0.20*scale(cohort_player_count,1.00,18.00)","0.20*scale(route_participation_season_avg,0.50,0.95)+0.20*scale(target_share_season_avg,0.10,0.32)+0.15*scale(air_yard_share_season_avg,0.08,0.38)+0.15*scale(routes_consistency_index,0.60,0.95)+0.15*scale(target_earning_index,0.12,0.45)+0.15*scale(opportunity_concentration_score,0.18,0.56)","0.50*scale(12.00-feature_finish,0.00,12.00)+0.25*scale(11.00-feature_games_played,0.00,11.00)+0.25*scale(0.14-feature_target_share,0.00,0.14)"
00-0036980,E.Moore,2022,2023,WR,5.3575,19.0663,0.0000,44.9084,21.2628,0.0000,25.0000,12.3111,wr_signal_score_role_balanced_v1,"0.50*scale(feature_targets_per_game,4.00,10.00)+0.50*scale(feature_target_share,0.12,0.30)","0.55*scale(feature_ppg_per_target,0.80,2.50)+0.45*scale(feature_ppg,6.00,18.00)","0.40*scale(48.00-feature_finish,0.00,36.00)+0.60*scale(expected_ppg_baseline-feature_ppg,0.00,4.00)","0.65*scale(feature_games_played,8.00,17.00)+0.35*scale(feature_total_ppr,80.00,260.00)","0.50*scale(feature_ppg_minus_cohort_expected,0.00,6.00)+0.30*scale(expected_finish_from_cohort-feature_finish,0.00,36.00)+0.20*scale(cohort_player_count,1.00,18.00)","0.20*scale(route_participation_season_avg,0.50,0.95)+0.20*scale(target_share_season_avg,0.10,0.32)+0.15*scale(air_yard_share_season_avg,0.08,0.38)+0.15*scale(routes_consistency_index,0.60,0.95)+0.15*scale(target_earning_index,0.12,0.45)+0.15*scale(opportunity_concentration_score,0.18,0.56)","0.50*scale(12.00-feature_finish,0.00,12.00)+0.25*scale(11.00-feature_games_played,0.00,11.00)+0.25*scale(0.14-feature_target_share,0.00,0.14)"
00-0036955,T.Marshall,2022,2023,WR,0.0000,32.6936,0.0000,36.6945,22.9295,0.0000,25.0000,12.3016,wr_signal_score_role_balanced_v1,"0.50*scale(feature_targets_per_game,4.00,10.00)+0.50*scale(feature_target_share,0.12,0.30)","0.55*scale(feature_ppg_per_target,0.80,2.50)+0.45*scale(feature_ppg,6.00,18.00)","0.40*scale(48.00-feature_finish,0.00,36.00)+0.60*scale(expected_ppg_baseline-feature_ppg,0.00,4.00)","0.65*scale(feature_games_played,8.00,17.00)+0.35*scale(feature_total_ppr,80.00,260.00)","0.50*scale(feature_ppg_minus_cohort_expected,0.00,6.00)+0.30*scale(expected_finish_from_cohort-feature_finish,0.00,36.00)+0.20*scale(cohort_player_count,1.00,18.00)","0.20*scale(route_participation_season_avg,0.50,0.95)+0.20*scale(target_share_season_avg,0.10,0.32)+0.15*scale(air_yard_share_season_avg,0.08,0.38)+0.15*scale(routes_consistency_index,0.60,0.95)+0.15*scale(target_earning_index,0.12,0.45)+0.15*scale(opportunity_concentration_score,0.18,0.56)","0.50*scale(12.00-feature_finish,0.00,12.00)+0.25*scale(11.00-feature_games_played,0.00,11.00)+0.25*scale(0.14-feature_target_share,0.00,0.14)"
00-0031763,D.Carter,2022,2023,WR,0.5209,35.2979,0.0000,64.4472,0.0000,0.0000,25.0000,12.2978,wr_signal_score_role_balanced_v1,"0.50*scale(feature_targets_per_game,4.00,10.00)+0.50*scale(feature_target_share,0.12,0.30)","0.55*scale(feature_ppg_per_target,0.80,2.50)+0.45*scale(feature_ppg,6.00,18.00)","0.40*scale(48.00-feature_finish,0.00,36.00)+0.60*scale(expected_ppg_baseline-feature_ppg,0.00,4.00)","0.65*scale(feature_games_played,8.00,17.00)+0.35*scale(feature_total_ppr,80.00,260.00)","0.50*scale(feature_ppg_minus_cohort_expected,0.00,6.00)+0.30*scale(expected_finish_from_cohort-feature_finish,0.00,36.00)+0.20*scale(cohort_player_count,1.00,18.00)","0.20*scale(route_participation_season_avg,0.50,0.95)+0.20*scale(target_share_season_avg,0.10,0.32)+0.15*scale(air_yard_share_season_avg,0.08,0.38)+0.15*scale(routes_consistency_index,0.60,0.95)+0.15*scale(target_earning_index,0.12,0.45)+0.15*scale(opportunity_concentration_score,0.18,0.56)","0.50*scale(12.00-feature_finish,0.00,12.00)+0.25*scale(11.00-feature_games_played,0.00,11.00)+0.25*scale(0.14-feature_target_share,0.00,0.14)"
00-0035208,O.Zaccheaus,2022,2023,WR,0.0000,35.7403,0.0000,63.6111,0.0000,0.0000,25.0000,12.1305,wr_signal_score_role_balanced_v1,"0.50*scale(feature_targets_per_game,4.00,10.00)+0.50*scale(feature_target_share,0.12,0.30)","0.55*scale(feature_ppg_per_target,0.80,2.50)+0.45*scale(feature_ppg,6.00,18.00)","0.40*scale(48.00-feature_finish,0.00,36.00)+0.60*scale(expected_ppg_baseline-feature_ppg,0.00,4.00)","0.65*scale(feature_games_played,8.00,17.00)+0.35*scale(feature_total_ppr,80.00,260.00)","0.50*scale(feature_ppg_minus_cohort_expected,0.00,6.00)+0.30*scale(expected_finish_from_cohort-feature_finish,0.00,36.00)+0.20*scale(cohort_player_count,1.00,18.00)","0.20*scale(route_participation_season_avg,0.50,0.95)+0.20*scale(target_share_season_avg,0.10,0.32)+0.15*scale(air_yard_share_season_avg,0.08,0.38)+0.15*scale(routes_consistency_index,0.60,0.95)+0.15*scale(target_earning_index,0.12,0.45)+0.15*scale(opportunity_concentration_score,0.18,0.56)","0.50*scale(12.00-feature_finish,0.00,12.00)+0.25*scale(11.00-feature_games_played,0.00,11.00)+0.25*scale(0.14-feature_target_share,0.00,0.14)"
00-0036572,S.Smith,2022,2023,WR,0.0000,22.7265,0.0000,50.5556,20.0000,0.0000,25.0000,12.0812,wr_signal_score_role_balanced_v1,"0.50*scale(feature_targets_per_game,4.00,10.00)+0.50*scale(feature_target_share,0.12,0.30)","0.55*scale(feature_ppg_per_target,0.80,2.50)+0.45*scale(feature_ppg,6.00,18.00)","0.40*scale(48.00-feature_finish,0.00,36.00)+0.60*scale(expected_ppg_baseline-feature_ppg,0.00,4.00)","0.65*scale(feature_games_played,8.00,17.00)+0.35*scale(feature_total_ppr,80.00,260.00)","0.50*scale(feature_ppg_minus_cohort_expected,0.00,6.00)+0.30*scale(expected_finish_from_cohort-feature_finish,0.00,36.00)+0.20*scale(cohort_player_count,1.00,18.00)","0.20*scale(route_participation_season_avg,0.50,0.95)+0.20*scale(target_share_season_avg,0.10,0.32)+0.15*scale(air_yard_share_season_avg,0.08,0.38)+0.15*scale(routes_consistency_index,0.60,0.95)+0.15*scale(target_earning_index,0.12,0.45)+0.15*scale(opportunity_concentration_score,0.18,0.56)","0.50*scale(12.00-feature_finish,0.00,12.00)+0.25*scale(11.00-feature_games_played,0.00,11.00)+0.25*scale(0.14-feature_target_share,0.00,0.14)"
00-0033572,J.Agnew,2022,2023,WR,0.0000,49.9299,0.0000,43.3334,0.0000,0.0000,25.0000,11.6228,wr_signal_score_role_balanced_v1,"0.50*scale(feature_targets_per_game,4.00,10.00)+0.50*scale(feature_target_share,0.12,0.30)","0.55*scale(feature_ppg_per_target,0.80,2.50)+0.45*scale(feature_ppg,6.00,18.00)","0.40*scale(48.00-feature_finish,0.00,36.00)+0.60*scale(expected_ppg_baseline-feature_ppg,0.00,4.00)","0.65*scale(feature_games_played,8.00,17.00)+0.35*scale(feature_total_ppr,80.00,260.00)","0.50*scale(feature_ppg_minus_cohort_expected,0.00,6.00)+0.30*scale(expected_finish_from_cohort-feature_finish,0.00,36.00)+0.20*scale(cohort_player_count,1.00,18.00)","0.20*scale(route_participation_season_avg,0.50,0.95)+0.20*scale(target_share_season_avg,0.10,0.32)+0.15*scale(air_yard_share_season_avg,0.08,0.38)+0.15*scale(routes_consistency_index,0.60,0.95)+0.15*scale(target_earning_index,0.12,0.45)+0.15*scale(opportunity_concentration_score,0.18,0.56)","0.50*scale(12.00-feature_finish,0.00,12.00)+0.25*scale(11.00-feature_games_played,0.00,11.00)+0.25*scale(0.14-feature_target_share,0.00,0.14)"
00-0034407,R.McCloud,2022,2023,WR,0.0000,49.3065,0.0000,43.3334,0.0000,0.0000,25.0000,11.5293,wr_signal_score_role_balanced_v1,"0.50*scale(feature_targets_per_game,4.00,10.00)+0.50*scale(feature_target_share,0.12,0.30)","0.55*scale(feature_ppg_per_target,0.80,2.50)+0.45*scale(feature_ppg,6.00,18.00)","0.40*scale(48.00-feature_finish,0.00,36.00)+0.60*scale(expected_ppg_baseline-feature_ppg,0.00,4.00)","0.65*scale(feature_games_played,8.00,17.00)+0.35*scale(feature_total_ppr,80.00,260.00)","0.50*scale(feature_ppg_minus_cohort_expected,0.00,6.00)+0.30*scale(expected_finish_from_cohort-feature_finish,0.00,36.00)+0.20*scale(cohort_player_count,1.00,18.00)","0.20*scale(route_participation_season_avg,0.50,0.95)+0.20*scale(target_share_season_avg,0.10,0.32)+0.15*scale(air_yard_share_season_avg,0.08,0.38)+0.15*scale(routes_consistency_index,0.60,0.95)+0.15*scale(target_earning_index,0.12,0.45)+0.15*scale(opportunity_concentration_score,0.18,0.56)","0.50*scale(12.00-feature_finish,0.00,12.00)+0.25*scale(11.00-feature_games_played,0.00,11.00)+0.25*scale(0.14-feature_target_share,0.00,0.14)"
00-0036862,B.Skowronek,2022,2023,WR,2.9758,18.9090,0.0000,44.1695,20.0000,0.0000,25.0000,11.3926,wr_signal_score_role_balanced_v1,"0.50*scale(feature_targets_per_game,4.00,10.00)+0.50*scale(feature_target_share,0.12,0.30)","0.55*scale(feature_ppg_per_target,0.80,2.50)+0.45*scale(feature_ppg,6.00,18.00)","0.40*scale(48.00-feature_finish,0.00,36.00)+0.60*scale(expected_ppg_baseline-feature_ppg,0.00,4.00)","0.65*scale(feature_games_played,8.00,17.00)+0.35*scale(feature_total_ppr,80.00,260.00)","0.50*scale(feature_ppg_minus_cohort_expected,0.00,6.00)+0.30*scale(expected_finish_from_cohort-feature_finish,0.00,36.00)+0.20*scale(cohort_player_count,1.00,18.00)","0.20*scale(route_participation_season_avg,0.50,0.95)+0.20*scale(target_share_season_avg,0.10,0.32)+0.15*scale(air_yard_share_season_avg,0.08,0.38)+0.15*scale(routes_consistency_index,0.60,0.95)+0.15*scale(target_earning_index,0.12,0.45)+0.15*scale(opportunity_concentration_score,0.18,0.56)","0.50*scale(12.00-feature_finish,0.00,12.00)+0.25*scale(11.00-feature_games_played,0.00,11.00)+0.25*scale(0.14-feature_target_share,0.00,0.14)"
00-0036326,C.Claypool,2022,2023,WR,10.5558,20.8946,0.0000,55.4245,0.0000,0.0000,25.0000,11.3728,wr_signal_score_role_balanced_v1,"0.50*scale(feature_targets_per_game,4.00,10.00)+0.50*scale(feature_target_share,0.12,0.30)","0.55*scale(feature_ppg_per_target,0.80,2.50)+0.45*scale(feature_ppg,6.00,18.00)","0.40*scale(48.00-feature_finish,0.00,36.00)+0.60*scale(expected_ppg_baseline-feature_ppg,0.00,4.00)","0.65*scale(feature_games_played,8.00,17.00)+0.35*scale(feature_total_ppr,80.00,260.00)","0.50*scale(feature_ppg_minus_cohort_expected,0.00,6.00)+0.30*scale(expected_finish_from_cohort-feature_finish,0.00,36.00)+0.20*scale(cohort_player_count,1.00,18.00)","0.20*scale(route_participation_season_avg,0.50,0.95)+0.20*scale(target_share_season_avg,0.10,0.32)+0.15*scale(air_yard_share_season_avg,0.08,0.38)+0.15*scale(routes_consistency_index,0.60,0.95)+0.15*scale(target_earning_index,0.12,0.45)+0.15*scale(opportunity_concentration_score,0.18,0.56)","0.50*scale(12.00-feature_finish,0.00,12.00)+0.25*scale(11.00-feature_games_played,0.00,11.00)+0.25*scale(0.14-feature_target_share,0.00,0.14)"
00-0033307,K.Bourne,2022,2023,WR,0.0000,33.6336,0.0000,59.3917,0.0000,0.0000,25.0000,11.2660,wr_signal_score_role_balanced_v1,"0.50*scale(feature_targets_per_game,4.00,10.00)+0.50*scale(feature_target_share,0.12,0.30)","0.55*scale(feature_ppg_per_target,0.80,2.50)+0.45*scale(feature_ppg,6.00,18.00)","0.40*scale(48.00-feature_finish,0.00,36.00)+0.60*scale(expected_ppg_baseline-feature_ppg,0.00,4.00)","0.65*scale(feature_games_played,8.00,17.00)+0.35*scale(feature_total_ppr,80.00,260.00)","0.50*scale(feature_ppg_minus_cohort_expected,0.00,6.00)+0.30*scale(expected_finish_from_cohort-feature_finish,0.00,36.00)+0.20*scale(cohort_player_count,1.00,18.00)","0.20*scale(route_participation_season_avg,0.50,0.95)+0.20*scale(target_share_season_avg,0.10,0.32)+0.15*scale(air_yard_share_season_avg,0.08,0.38)+0.15*scale(routes_consistency_index,0.60,0.95)+0.15*scale(target_earning_index,0.12,0.45)+0.15*scale(opportunity_concentration_score,0.18,0.56)","0.50*scale(12.00-feature_finish,0.00,12.00)+0.25*scale(11.00-feature_games_played,0.00,11.00)+0.25*scale(0.14-feature_target_share,0.00,0.14)"
00-0034764,M.Gallup,2022,2023,WR,10.7142,25.9311,0.0000,48.2722,0.0000,0.0000,25.0000,11.2365,wr_signal_score_role_balanced_v1,"0.50*scale(feature_targets_per_game,4.00,10.00)+0.50*scale(feature_target_share,0.12,0.30)","0.55*scale(feature_ppg_per_target,0.80,2.50)+0.45*scale(feature_ppg,6.00,18.00)","0.40*scale(48.00-feature_finish,0.00,36.00)+0.60*scale(expected_ppg_baseline-feature_ppg,0.00,4.00)","0.65*scale(feature_games_played,8.00,17.00)+0.35*scale(feature_total_ppr,80.00,260.00)","0.50*scale(feature_ppg_minus_cohort_expected,0.00,6.00)+0.30*scale(expected_finish_from_cohort-feature_finish,0.00,36.00)+0.20*scale(cohort_player_count,1.00,18.00)","0.20*scale(route_participation_season_avg,0.50,0.95)+0.20*scale(target_share_season_avg,0.10,0.32)+0.15*scale(air_yard_share_season_avg,0.08,0.38)+0.15*scale(routes_consistency_index,0.60,0.95)+0.15*scale(target_earning_index,0.12,0.45)+0.15*scale(opportunity_concentration_score,0.18,0.56)","0.50*scale(12.00-feature_finish,0.00,12.00)+0.25*scale(11.00-feature_games_played,0.00,11.00)+0.25*scale(0.14-feature_target_share,0.00,0.14)"
00-0038090,S.Moore,2022,2023,WR,0.0000,22.5499,0.0000,43.3334,20.0000,0.0000,25.0000,11.1158,wr_signal_score_role_balanced_v1,"0.50*scale(feature_targets_per_game,4.00,10.00)+0.50*scale(feature_target_share,0.12,0.30)","0.55*scale(feature_ppg_per_target,0.80,2.50)+0.45*scale(feature_ppg,6.00,18.00)","0.40*scale(48.00-feature_finish,0.00,36.00)+0.60*scale(expected_ppg_baseline-feature_ppg,0.00,4.00)","0.65*scale(feature_games_played,8.00,17.00)+0.35*scale(feature_total_ppr,80.00,260.00)","0.50*scale(feature_ppg_minus_cohort_expected,0.00,6.00)+0.30*scale(expected_finish_from_cohort-feature_finish,0.00,36.00)+0.20*scale(cohort_player_count,1.00,18.00)","0.20*scale(route_participation_season_avg,0.50,0.95)+0.20*scale(target_share_season_avg,0.10,0.32)+0.15*scale(air_yard_share_season_avg,0.08,0.38)+0.15*scale(routes_consistency_index,0.60,0.95)+0.15*scale(target_earning_index,0.12,0.45)+0.15*scale(opportunity_concentration_score,0.18,0.56)","0.50*scale(12.00-feature_finish,0.00,12.00)+0.25*scale(11.00-feature_games_played,0.00,11.00)+0.25*scale(0.14-feature_target_share,0.00,0.14)"
00-0032775,D.Robinson,2022,2023,WR,5.7291,20.7222,0.0000,62.4056,0.0000,0.0000,25.0000,11.0960,wr_signal_score_role_balanced_v1,"0.50*scale(feature_targets_per_game,4.00,10.00)+0.50*scale(feature_target_share,0.12,0.30)","0.55*scale(feature_ppg_per_target,0.80,2.50)+0.45*scale(feature_ppg,6.00,18.00)","0.40*scale(48.00-feature_finish,0.00,36.00)+0.60*scale(expected_ppg_baseline-feature_ppg,0.00,4.00)","0.65*scale(feature_games_played,8.00,17.00)+0.35*scale(feature_total_ppr,80.00,260.00)","0.50*scale(feature_ppg_minus_cohort_expected,0.00,6.00)+0.30*scale(expected_finish_from_cohort-feature_finish,0.00,36.00)+0.20*scale(cohort_player_count,1.00,18.00)","0.20*scale(route_participation_season_avg,0.50,0.95)+0.20*scale(target_share_season_avg,0.10,0.32)+0.15*scale(air_yard_share_season_avg,0.08,0.38)+0.15*scale(routes_consistency_index,0.60,0.95)+0.15*scale(target_earning_index,0.12,0.45)+0.15*scale(opportunity_concentration_score,0.18,0.56)","0.50*scale(12.00-feature_finish,0.00,12.00)+0.25*scale(11.00-feature_games_played,0.00,11.00)+0.25*scale(0.14-feature_target_share,0.00,0.14)"
00-0031547,D.Parker,2022,2023,WR,0.0000,54.6056,0.0000,33.3416,0.0000,0.0000,25.0000,11.0252,wr_signal_score_role_balanced_v1,"0.50*scale(feature_targets_per_game,4.00,10.00)+0.50*scale(feature_target_share,0.12,0.30)","0.55*scale(feature_ppg_per_target,0.80,2.50)+0.45*scale(feature_ppg,6.00,18.00)","0.40*scale(48.00-feature_finish,0.00,36.00)+0.60*scale(expected_ppg_baseline-feature_ppg,0.00,4.00)","0.65*scale(feature_games_played,8.00,17.00)+0.35*scale(feature_total_ppr,80.00,260.00)","0.50*scale(feature_ppg_minus_cohort_expected,0.00,6.00)+0.30*scale(expected_finish_from_cohort-feature_finish,0.00,36.00)+0.20*scale(cohort_player_count,1.00,18.00)","0.20*scale(route_participation_season_avg,0.50,0.95)+0.20*scale(target_share_season_avg,0.10,0.32)+0.15*scale(air_yard_share_season_avg,0.08,0.38)+0.15*scale(routes_consistency_index,0.60,0.95)+0.15*scale(target_earning_index,0.12,0.45)+0.15*scale(opportunity_concentration_score,0.18,0.56)","0.50*scale(12.00-feature_finish,0.00,12.00)+0.25*scale(11.00-feature_games_played,0.00,11.00)+0.25*scale(0.14-feature_target_share,0.00,0.14)"
00-0037745,V.Jones,2022,2023,WR,0.0000,55.0000,0.0000,7.2222,20.0000,0.0000,29.5454,11.0162,wr_signal_score_role_balanced_v1,"0.50*scale(feature_targets_per_game,4.00,10.00)+0.50*scale(feature_target_share,0.12,0.30)","0.55*scale(feature_ppg_per_target,0.80,2.50)+0.45*scale(feature_ppg,6.00,18.00)","0.40*scale(48.00-feature_finish,0.00,36.00)+0.60*scale(expected_ppg_baseline-feature_ppg,0.00,4.00)","0.65*scale(feature_games_played,8.00,17.00)+0.35*scale(feature_total_ppr,80.00,260.00)","0.50*scale(feature_ppg_minus_cohort_expected,0.00,6.00)+0.30*scale(expected_finish_from_cohort-feature_finish,0.00,36.00)+0.20*scale(cohort_player_count,1.00,18.00)","0.20*scale(route_participation_season_avg,0.50,0.95)+0.20*scale(target_share_season_avg,0.10,0.32)+0.15*scale(air_yard_share_season_avg,0.08,0.38)+0.15*scale(routes_consistency_index,0.60,0.95)+0.15*scale(target_earning_index,0.12,0.45)+0.15*scale(opportunity_concentration_score,0.18,0.56)","0.50*scale(12.00-feature_finish,0.00,12.00)+0.25*scale(11.00-feature_games_played,0.00,11.00)+0.25*scale(0.14-feature_target_share,0.00,0.14)"
00-0036309,D.Mooney,2022,2023,WR,12.8791,40.0528,0.0000,25.8472,0.0000,0.0000,25.0000,10.9590,wr_signal_score_role_balanced_v1,"0.50*scale(feature_targets_per_game,4.00,10.00)+0.50*scale(feature_target_share,0.12,0.30)","0.55*scale(feature_ppg_per_target,0.80,2.50)+0.45*scale(feature_ppg,6.00,18.00)","0.40*scale(48.00-feature_finish,0.00,36.00)+0.60*scale(expected_ppg_baseline-feature_ppg,0.00,4.00)","0.65*scale(feature_games_played,8.00,17.00)+0.35*scale(feature_total_ppr,80.00,260.00)","0.50*scale(feature_ppg_minus_cohort_expected,0.00,6.00)+0.30*scale(expected_finish_from_cohort-feature_finish,0.00,36.00)+0.20*scale(cohort_player_count,1.00,18.00)","0.20*scale(route_participation_season_avg,0.50,0.95)+0.20*scale(target_share_season_avg,0.10,0.32)+0.15*scale(air_yard_share_season_avg,0.08,0.38)+0.15*scale(routes_consistency_index,0.60,0.95)+0.15*scale(target_earning_index,0.12,0.45)+0.15*scale(opportunity_concentration_score,0.18,0.56)","0.50*scale(12.00-feature_finish,0.00,12.00)+0.25*scale(11.00-feature_games_played,0.00,11.00)+0.25*scale(0.14-feature_target_share,0.00,0.14)"
00-0033943,J.Reynolds,2022,2023,WR,7.6391,41.0600,0.0000,33.5361,0.0000,0.0000,25.0000,10.8521,wr_signal_score_role_balanced_v1,"0.50*scale(feature_targets_per_game,4.00,10.00)+0.50*scale(feature_target_share,0.12,0.30)","0.55*scale(feature_ppg_per_target,0.80,2.50)+0.45*scale(feature_ppg,6.00,18.00)","0.40*scale(48.00-feature_finish,0.00,36.00)+0.60*scale(expected_ppg_baseline-feature_ppg,0.00,4.00)","0.65*scale(feature_games_played,8.00,17.00)+0.35*scale(feature_total_ppr,80.00,260.00)","0.50*scale(feature_ppg_minus_cohort_expected,0.00,6.00)+0.30*scale(expected_finish_from_cohort-feature_finish,0.00,36.00)+0.20*scale(cohort_player_count,1.00,18.00)","0.20*scale(route_participation_season_avg,0.50,0.95)+0.20*scale(target_share_season_avg,0.10,0.32)+0.15*scale(air_yard_share_season_avg,0.08,0.38)+0.15*scale(routes_consistency_index,0.60,0.95)+0.15*scale(target_earning_index,0.12,0.45)+0.15*scale(opportunity_concentration_score,0.18,0.56)","0.50*scale(12.00-feature_finish,0.00,12.00)+0.25*scale(11.00-feature_games_played,0.00,11.00)+0.25*scale(0.14-feature_target_share,0.00,0.14)"
00-0036849,T.Atwell,2022,2023,WR,0.0000,32.5371,0.0000,28.8889,20.0000,0.0000,25.0000,10.7361,wr_signal_score_role_balanced_v1,"0.50*scale(feature_targets_per_game,4.00,10.00)+0.50*scale(feature_target_share,0.12,0.30)","0.55*scale(feature_ppg_per_target,0.80,2.50)+0.45*scale(feature_ppg,6.00,18.00)","0.40*scale(48.00-feature_finish,0.00,36.00)+0.60*scale(expected_ppg_baseline-feature_ppg,0.00,4.00)","0.65*scale(feature_games_played,8.00,17.00)+0.35*scale(feature_total_ppr,80.00,260.00)","0.50*scale(feature_ppg_minus_cohort_expected,0.00,6.00)+0.30*scale(expected_finish_from_cohort-feature_finish,0.00,36.00)+0.20*scale(cohort_player_count,1.00,18.00)","0.20*scale(route_participation_season_avg,0.50,0.95)+0.20*scale(target_share_season_avg,0.10,0.32)+0.15*scale(air_yard_share_season_avg,0.08,0.38)+0.15*scale(routes_consistency_index,0.60,0.95)+0.15*scale(target_earning_index,0.12,0.45)+0.15*scale(opportunity_concentration_score,0.18,0.56)","0.50*scale(12.00-feature_finish,0.00,12.00)+0.25*scale(11.00-feature_games_played,0.00,11.00)+0.25*scale(0.14-feature_target_share,0.00,0.14)"
00-0036268,L.Shenault,2022,2023,WR,0.0000,47.6207,0.0000,36.1111,0.0000,0.0000,25.0000,10.3375,wr_signal_score_role_balanced_v1,"0.50*scale(feature_targets_per_game,4.00,10.00)+0.50*scale(feature_target_share,0.12,0.30)","0.55*scale(feature_ppg_per_target,0.80,2.50)+0.45*scale(feature_ppg,6.00,18.00)","0.40*scale(48.00-feature_finish,0.00,36.00)+0.60*scale(expected_ppg_baseline-feature_ppg,0.00,4.00)","0.65*scale(feature_games_played,8.00,17.00)+0.35*scale(feature_total_ppr,80.00,260.00)","0.50*scale(feature_ppg_minus_cohort_expected,0.00,6.00)+0.30*scale(expected_finish_from_cohort-feature_finish,0.00,36.00)+0.20*scale(cohort_player_count,1.00,18.00)","0.20*scale(route_participation_season_avg,0.50,0.95)+0.20*scale(target_share_season_avg,0.10,0.32)+0.15*scale(air_yard_share_season_avg,0.08,0.38)+0.15*scale(routes_consistency_index,0.60,0.95)+0.15*scale(target_earning_index,0.12,0.45)+0.15*scale(opportunity_concentration_score,0.18,0.56)","0.50*scale(12.00-feature_finish,0.00,12.00)+0.25*scale(11.00-feature_games_played,0.00,11.00)+0.25*scale(0.14-feature_target_share,0.00,0.14)"
00-0036271,Q.Watkins,2022,2023,WR,0.0000,27.7220,0.0000,58.6528,0.0000,0.0000,25.0000,10.2832,wr_signal_score_role_balanced_v1,"0.50*scale(feature_targets_per_game,4.00,10.00)+0.50*scale(feature_target_share,0.12,0.30)","0.55*scale(feature_ppg_per_target,0.80,2.50)+0.45*scale(feature_ppg,6.00,18.00)","0.40*scale(48.00-feature_finish,0.00,36.00)+0.60*scale(expected_ppg_baseline-feature_ppg,0.00,4.00)","0.65*scale(feature_games_played,8.00,17.00)+0.35*scale(feature_total_ppr,80.00,260.00)","0.50*scale(feature_ppg_minus_cohort_expected,0.00,6.00)+0.30*scale(expected_finish_from_cohort-feature_finish,0.00,36.00)+0.20*scale(cohort_player_count,1.00,18.00)","0.20*scale(route_participation_season_avg,0.50,0.95)+0.20*scale(target_share_season_avg,0.10,0.32)+0.15*scale(air_yard_share_season_avg,0.08,0.38)+0.15*scale(routes_consistency_index,0.60,0.95)+0.15*scale(target_earning_index,0.12,0.45)+0.15*scale(opportunity_concentration_score,0.18,0.56)","0.50*scale(12.00-feature_finish,0.00,12.00)+0.25*scale(11.00-feature_games_played,0.00,11.00)+0.25*scale(0.14-feature_target_share,0.00,0.14)"
00-0034487,T.Sherfield,2022,2023,WR,0.0000,27.2146,0.0000,58.4972,0.0000,0.0000,25.0000,10.1868,wr_signal_score_role_balanced_v1,"0.50*scale(feature_targets_per_game,4.00,10.00)+0.50*scale(feature_target_share,0.12,0.30)","0.55*scale(feature_ppg_per_target,0.80,2.50)+0.45*scale(feature_ppg,6.00,18.00)","0.40*scale(48.00-feature_finish,0.00,36.00)+0.60*scale(expected_ppg_baseline-feature_ppg,0.00,4.00)","0.65*scale(feature_games_played,8.00,17.00)+0.35*scale(feature_total_ppr,80.00,260.00)","0.50*scale(feature_ppg_minus_cohort_expected,0.00,6.00)+0.30*scale(expected_finish_from_cohort-feature_finish,0.00,36.00)+0.20*scale(cohort_player_count,1.00,18.00)","0.20*scale(route_participation_season_avg,0.50,0.95)+0.20*scale(target_share_season_avg,0.10,0.32)+0.15*scale(air_yard_share_season_avg,0.08,0.38)+0.15*scale(routes_consistency_index,0.60,0.95)+0.15*scale(target_earning_index,0.12,0.45)+0.15*scale(opportunity_concentration_score,0.18,0.56)","0.50*scale(12.00-feature_finish,0.00,12.00)+0.25*scale(11.00-feature_games_played,0.00,11.00)+0.25*scale(0.14-feature_target_share,0.00,0.14)"
00-0034777,D.Chark,2022,2023,WR,6.0609,46.1920,0.0000,25.2055,0.0000,0.0000,25.0000,10.1601,wr_signal_score_role_balanced_v1,"0.50*scale(feature_targets_per_game,4.00,10.00)+0.50*scale(feature_target_share,0.12,0.30)","0.55*scale(feature_ppg_per_target,0.80,2.50)+0.45*scale(feature_ppg,6.00,18.00)","0.40*scale(48.00-feature_finish,0.00,36.00)+0.60*scale(expected_ppg_baseline-feature_ppg,0.00,4.00)","0.65*scale(feature_games_played,8.00,17.00)+0.35*scale(feature_total_ppr,80.00,260.00)","0.50*scale(feature_ppg_minus_cohort_expected,0.00,6.00)+0.30*scale(expected_finish_from_cohort-feature_finish,0.00,36.00)+0.20*scale(cohort_player_count,1.00,18.00)","0.20*scale(route_participation_season_avg,0.50,0.95)+0.20*scale(target_share_season_avg,0.10,0.32)+0.15*scale(air_yard_share_season_avg,0.08,0.38)+0.15*scale(routes_consistency_index,0.60,0.95)+0.15*scale(target_earning_index,0.12,0.45)+0.15*scale(opportunity_concentration_score,0.18,0.56)","0.50*scale(12.00-feature_finish,0.00,12.00)+0.25*scale(11.00-feature_games_played,0.00,11.00)+0.25*scale(0.14-feature_target_share,0.00,0.14)"
00-0037257,D.Bell,2022,2023,WR,0.0000,16.0840,0.0000,43.3334,20.0000,0.0000,25.0000,10.1459,wr_signal_score_role_balanced_v1,"0.50*scale(feature_targets_per_game,4.00,10.00)+0.50*scale(feature_target_share,0.12,0.30)","0.55*scale(feature_ppg_per_target,0.80,2.50)+0.45*scale(feature_ppg,6.00,18.00)","0.40*scale(48.00-feature_finish,0.00,36.00)+0.60*scale(expected_ppg_baseline-feature_ppg,0.00,4.00)","0.65*scale(feature_games_played,8.00,17.00)+0.35*scale(feature_total_ppr,80.00,260.00)","0.50*scale(feature_ppg_minus_cohort_expected,0.00,6.00)+0.30*scale(expected_finish_from_cohort-feature_finish,0.00,36.00)+0.20*scale(cohort_player_count,1.00,18.00)","0.20*scale(route_participation_season_avg,0.50,0.95)+0.20*scale(target_share_season_avg,0.10,0.32)+0.15*scale(air_yard_share_season_avg,0.08,0.38)+0.15*scale(routes_consistency_index,0.60,0.95)+0.15*scale(target_earning_index,0.12,0.45)+0.15*scale(opportunity_concentration_score,0.18,0.56)","0.50*scale(12.00-feature_finish,0.00,12.00)+0.25*scale(11.00-feature_games_played,0.00,11.00)+0.25*scale(0.14-feature_target_share,0.00,0.14)"
00-0034279,E.St. Brown,2022,2023,WR,0.0000,27.5000,0.0000,57.7778,0.0000,0.0000,25.0000,10.1361,wr_signal_score_role_balanced_v1,"0.50*scale(feature_targets_per_game,4.00,10.00)+0.50*scale(feature_target_share,0.12,0.30)","0.55*scale(feature_ppg_per_target,0.80,2.50)+0.45*scale(feature_ppg,6.00,18.00)","0.40*scale(48.00-feature_finish,0.00,36.00)+0.60*scale(expected_ppg_baseline-feature_ppg,0.00,4.00)","0.65*scale(feature_games_played,8.00,17.00)+0.35*scale(feature_total_ppr,80.00,260.00)","0.50*scale(feature_ppg_minus_cohort_expected,0.00,6.00)+0.30*scale(expected_finish_from_cohort-feature_finish,0.00,36.00)+0.20*scale(cohort_player_count,1.00,18.00)","0.20*scale(route_participation_season_avg,0.50,0.95)+0.20*scale(target_share_season_avg,0.10,0.32)+0.15*scale(air_yard_share_season_avg,0.08,0.38)+0.15*scale(routes_consistency_index,0.60,0.95)+0.15*scale(target_earning_index,0.12,0.45)+0.15*scale(opportunity_concentration_score,0.18,0.56)","0.50*scale(12.00-feature_finish,0.00,12.00)+0.25*scale(11.00-feature_games_played,0.00,11.00)+0.25*scale(0.14-feature_target_share,0.00,0.14)"
00-0032208,P.Dorsett,2022,2023,WR,0.0000,15.9344,0.0000,43.3334,20.0000,0.0000,25.0000,10.1235,wr_signal_score_role_balanced_v1,"0.50*scale(feature_targets_per_game,4.00,10.00)+0.50*scale(feature_target_share,0.12,0.30)","0.55*scale(feature_ppg_per_target,0.80,2.50)+0.45*scale(feature_ppg,6.00,18.00)","0.40*scale(48.00-feature_finish,0.00,36.00)+0.60*scale(expected_ppg_baseline-feature_ppg,0.00,4.00)","0.65*scale(feature_games_played,8.00,17.00)+0.35*scale(feature_total_ppr,80.00,260.00)","0.50*scale(feature_ppg_minus_cohort_expected,0.00,6.00)+0.30*scale(expected_finish_from_cohort-feature_finish,0.00,36.00)+0.20*scale(cohort_player_count,1.00,18.00)","0.20*scale(route_participation_season_avg,0.50,0.95)+0.20*scale(target_share_season_avg,0.10,0.32)+0.15*scale(air_yard_share_season_avg,0.08,0.38)+0.15*scale(routes_consistency_index,0.60,0.95)+0.15*scale(target_earning_index,0.12,0.45)+0.15*scale(opportunity_concentration_score,0.18,0.56)","0.50*scale(12.00-feature_finish,0.00,12.00)+0.25*scale(11.00-feature_games_played,0.00,11.00)+0.25*scale(0.14-feature_target_share,0.00,0.14)"
00-0038104,T.Thornton,2022,2023,WR,0.0000,21.7843,0.0000,28.8889,24.9257,0.0000,25.0000,10.0098,wr_signal_score_role_balanced_v1,"0.50*scale(feature_targets_per_game,4.00,10.00)+0.50*scale(feature_target_share,0.12,0.30)","0.55*scale(feature_ppg_per_target,0.80,2.50)+0.45*scale(feature_ppg,6.00,18.00)","0.40*scale(48.00-feature_finish,0.00,36.00)+0.60*scale(expected_ppg_baseline-feature_ppg,0.00,4.00)","0.65*scale(feature_games_played,8.00,17.00)+0.35*scale(feature_total_ppr,80.00,260.00)","0.50*scale(feature_ppg_minus_cohort_expected,0.00,6.00)+0.30*scale(expected_finish_from_cohort-feature_finish,0.00,36.00)+0.20*scale(cohort_player_count,1.00,18.00)","0.20*scale(route_participation_season_avg,0.50,0.95)+0.20*scale(target_share_season_avg,0.10,0.32)+0.15*scale(air_yard_share_season_avg,0.08,0.38)+0.15*scale(routes_consistency_index,0.60,0.95)+0.15*scale(target_earning_index,0.12,0.45)+0.15*scale(opportunity_concentration_score,0.18,0.56)","0.50*scale(12.00-feature_finish,0.00,12.00)+0.25*scale(11.00-feature_games_played,0.00,11.00)+0.25*scale(0.14-feature_target_share,0.00,0.14)"
00-0034419,B.Berrios,2022,2023,WR,0.0000,32.4347,0.0000,50.5556,0.0000,0.0000,25.0000,9.9374,wr_signal_score_role_balanced_v1,"0.50*scale(feature_targets_per_game,4.00,10.00)+0.50*scale(feature_target_share,0.12,0.30)","0.55*scale(feature_ppg_per_target,0.80,2.50)+0.45*scale(feature_ppg,6.00,18.00)","0.40*scale(48.00-feature_finish,0.00,36.00)+0.60*scale(expected_ppg_baseline-feature_ppg,0.00,4.00)","0.65*scale(feature_games_played,8.00,17.00)+0.35*scale(feature_total_ppr,80.00,260.00)","0.50*scale(feature_ppg_minus_cohort_expected,0.00,6.00)+0.30*scale(expected_finish_from_cohort-feature_finish,0.00,36.00)+0.20*scale(cohort_player_count,1.00,18.00)","0.20*scale(route_participation_season_avg,0.50,0.95)+0.20*scale(target_share_season_avg,0.10,0.32)+0.15*scale(air_yard_share_season_avg,0.08,0.38)+0.15*scale(routes_consistency_index,0.60,0.95)+0.15*scale(target_earning_index,0.12,0.45)+0.15*scale(opportunity_concentration_score,0.18,0.56)","0.50*scale(12.00-feature_finish,0.00,12.00)+0.25*scale(11.00-feature_games_played,0.00,11.00)+0.25*scale(0.14-feature_target_share,0.00,0.14)"
00-0033871,C.Davis,2022,2023,WR,7.6925,29.1095,0.0000,39.5334,0.0000,0.0000,25.0000,9.8520,wr_signal_score_role_balanced_v1,"0.50*scale(feature_targets_per_game,4.00,10.00)+0.50*scale(feature_target_share,0.12,0.30)","0.55*scale(feature_ppg_per_target,0.80,2.50)+0.45*scale(feature_ppg,6.00,18.00)","0.40*scale(48.00-feature_finish,0.00,36.00)+0.60*scale(expected_ppg_baseline-feature_ppg,0.00,4.00)","0.65*scale(feature_games_played,8.00,17.00)+0.35*scale(feature_total_ppr,80.00,260.00)","0.50*scale(feature_ppg_minus_cohort_expected,0.00,6.00)+0.30*scale(expected_finish_from_cohort-feature_finish,0.00,36.00)+0.20*scale(cohort_player_count,1.00,18.00)","0.20*scale(route_participation_season_avg,0.50,0.95)+0.20*scale(target_share_season_avg,0.10,0.32)+0.15*scale(air_yard_share_season_avg,0.08,0.38)+0.15*scale(routes_consistency_index,0.60,0.95)+0.15*scale(target_earning_index,0.12,0.45)+0.15*scale(opportunity_concentration_score,0.18,0.56)","0.50*scale(12.00-feature_finish,0.00,12.00)+0.25*scale(11.00-feature_games_played,0.00,11.00)+0.25*scale(0.14-feature_target_share,0.00,0.14)"
00-0035624,N.Harry,2022,2023,WR,0.0000,55.0000,0.0000,0.0000,20.0000,0.0000,36.3636,9.6682,wr_signal_score_role_balanced_v1,"0.50*scale(feature_targets_per_game,4.00,10.00)+0.50*scale(feature_target_share,0.12,0.30)","0.55*scale(feature_ppg_per_target,0.80,2.50)+0.45*scale(feature_ppg,6.00,18.00)","0.40*scale(48.00-feature_finish,0.00,36.00)+0.60*scale(expected_ppg_baseline-feature_ppg,0.00,4.00)","0.65*scale(feature_games_played,8.00,17.00)+0.35*scale(feature_total_ppr,80.00,260.00)","0.50*scale(feature_ppg_minus_cohort_expected,0.00,6.00)+0.30*scale(expected_finish_from_cohort-feature_finish,0.00,36.00)+0.20*scale(cohort_player_count,1.00,18.00)","0.20*scale(route_participation_season_avg,0.50,0.95)+0.20*scale(target_share_season_avg,0.10,0.32)+0.15*scale(air_yard_share_season_avg,0.08,0.38)+0.15*scale(routes_consistency_index,0.60,0.95)+0.15*scale(target_earning_index,0.12,0.45)+0.15*scale(opportunity_concentration_score,0.18,0.56)","0.50*scale(12.00-feature_finish,0.00,12.00)+0.25*scale(11.00-feature_games_played,0.00,11.00)+0.25*scale(0.14-feature_target_share,0.00,0.14)"
00-0037387,J.Virgil,2022,2023,WR,0.0000,55.0000,0.0000,0.0000,20.0000,0.0000,40.9091,9.3955,wr_signal_score_role_balanced_v1,"0.50*scale(feature_targets_per_game,4.00,10.00)+0.50*scale(feature_target_share,0.12,0.30)","0.55*scale(feature_ppg_per_target,0.80,2.50)+0.45*scale(feature_ppg,6.00,18.00)","0.40*scale(48.00-feature_finish,0.00,36.00)+0.60*scale(expected_ppg_baseline-feature_ppg,0.00,4.00)","0.65*scale(feature_games_played,8.00,17.00)+0.35*scale(feature_total_ppr,80.00,260.00)","0.50*scale(feature_ppg_minus_cohort_expected,0.00,6.00)+0.30*scale(expected_finish_from_cohort-feature_finish,0.00,36.00)+0.20*scale(cohort_player_count,1.00,18.00)","0.20*scale(route_participation_season_avg,0.50,0.95)+0.20*scale(target_share_season_avg,0.10,0.32)+0.15*scale(air_yard_share_season_avg,0.08,0.38)+0.15*scale(routes_consistency_index,0.60,0.95)+0.15*scale(target_earning_index,0.12,0.45)+0.15*scale(opportunity_concentration_score,0.18,0.56)","0.50*scale(12.00-feature_finish,0.00,12.00)+0.25*scale(11.00-feature_games_played,0.00,11.00)+0.25*scale(0.14-feature_target_share,0.00,0.14)"
00-0034646,B.Powell,2022,2023,WR,0.0000,22.2427,0.0000,57.7778,0.0000,0.0000,25.0000,9.3475,wr_signal_score_role_balanced_v1,"0.50*scale(feature_targets_per_game,4.00,10.00)+0.50*scale(feature_target_share,0.12,0.30)","0.55*scale(feature_ppg_per_target,0.80,2.50)+0.45*scale(feature_ppg,6.00,18.00)","0.40*scale(48.00-feature_finish,0.00,36.00)+0.60*scale(expected_ppg_baseline-feature_ppg,0.00,4.00)","0.65*scale(feature_games_played,8.00,17.00)+0.35*scale(feature_total_ppr,80.00,260.00)","0.50*scale(feature_ppg_minus_cohort_expected,0.00,6.00)+0.30*scale(expected_finish_from_cohort-feature_finish,0.00,36.00)+0.20*scale(cohort_player_count,1.00,18.00)","0.20*scale(route_participation_season_avg,0.50,0.95)+0.20*scale(target_share_season_avg,0.10,0.32)+0.15*scale(air_yard_share_season_avg,0.08,0.38)+0.15*scale(routes_consistency_index,0.60,0.95)+0.15*scale(target_earning_index,0.12,0.45)+0.15*scale(opportunity_concentration_score,0.18,0.56)","0.50*scale(12.00-feature_finish,0.00,12.00)+0.25*scale(11.00-feature_games_played,0.00,11.00)+0.25*scale(0.14-feature_target_share,0.00,0.14)"
00-0031868,D.Byrd,2022,2023,WR,0.0000,46.9808,0.0000,28.8889,0.0000,0.0000,25.0000,9.3027,wr_signal_score_role_balanced_v1,"0.50*scale(feature_targets_per_game,4.00,10.00)+0.50*scale(feature_target_share,0.12,0.30)","0.55*scale(feature_ppg_per_target,0.80,2.50)+0.45*scale(feature_ppg,6.00,18.00)","0.40*scale(48.00-feature_finish,0.00,36.00)+0.60*scale(expected_ppg_baseline-feature_ppg,0.00,4.00)","0.65*scale(feature_games_played,8.00,17.00)+0.35*scale(feature_total_ppr,80.00,260.00)","0.50*scale(feature_ppg_minus_cohort_expected,0.00,6.00)+0.30*scale(expected_finish_from_cohort-feature_finish,0.00,36.00)+0.20*scale(cohort_player_count,1.00,18.00)","0.20*scale(route_participation_season_avg,0.50,0.95)+0.20*scale(target_share_season_avg,0.10,0.32)+0.15*scale(air_yard_share_season_avg,0.08,0.38)+0.15*scale(routes_consistency_index,0.60,0.95)+0.15*scale(target_earning_index,0.12,0.45)+0.15*scale(opportunity_concentration_score,0.18,0.56)","0.50*scale(12.00-feature_finish,0.00,12.00)+0.25*scale(11.00-feature_games_played,0.00,11.00)+0.25*scale(0.14-feature_target_share,0.00,0.14)"
00-0036182,N.Westbrook-Ikhine,2022,2023,WR,0.0000,27.6300,0.0000,51.0806,0.0000,0.0000,25.0000,9.2850,wr_signal_score_role_balanced_v1,"0.50*scale(feature_targets_per_game,4.00,10.00)+0.50*scale(feature_target_share,0.12,0.30)","0.55*scale(feature_ppg_per_target,0.80,2.50)+0.45*scale(feature_ppg,6.00,18.00)","0.40*scale(48.00-feature_finish,0.00,36.00)+0.60*scale(expected_ppg_baseline-feature_ppg,0.00,4.00)","0.65*scale(feature_games_played,8.00,17.00)+0.35*scale(feature_total_ppr,80.00,260.00)","0.50*scale(feature_ppg_minus_cohort_expected,0.00,6.00)+0.30*scale(expected_finish_from_cohort-feature_finish,0.00,36.00)+0.20*scale(cohort_player_count,1.00,18.00)","0.20*scale(route_participation_season_avg,0.50,0.95)+0.20*scale(target_share_season_avg,0.10,0.32)+0.15*scale(air_yard_share_season_avg,0.08,0.38)+0.15*scale(routes_consistency_index,0.60,0.95)+0.15*scale(target_earning_index,0.12,0.45)+0.15*scale(opportunity_concentration_score,0.18,0.56)","0.50*scale(12.00-feature_finish,0.00,12.00)+0.25*scale(11.00-feature_games_played,0.00,11.00)+0.25*scale(0.14-feature_target_share,0.00,0.14)"
00-0036527,D.Turner,2022,2023,WR,0.0000,55.0000,0.0000,0.0000,20.0000,0.0000,45.4545,9.1227,wr_signal_score_role_balanced_v1,"0.50*scale(feature_targets_per_game,4.00,10.00)+0.50*scale(feature_target_share,0.12,0.30)","0.55*scale(feature_ppg_per_target,0.80,2.50)+0.45*scale(feature_ppg,6.00,18.00)","0.40*scale(48.00-feature_finish,0.00,36.00)+0.60*scale(expected_ppg_baseline-feature_ppg,0.00,4.00)","0.65*scale(feature_games_played,8.00,17.00)+0.35*scale(feature_total_ppr,80.00,260.00)","0.50*scale(feature_ppg_minus_cohort_expected,0.00,6.00)+0.30*scale(expected_finish_from_cohort-feature_finish,0.00,36.00)+0.20*scale(cohort_player_count,1.00,18.00)","0.20*scale(route_participation_season_avg,0.50,0.95)+0.20*scale(target_share_season_avg,0.10,0.32)+0.15*scale(air_yard_share_season_avg,0.08,0.38)+0.15*scale(routes_consistency_index,0.60,0.95)+0.15*scale(target_earning_index,0.12,0.45)+0.15*scale(opportunity_concentration_score,0.18,0.56)","0.50*scale(12.00-feature_finish,0.00,12.00)+0.25*scale(11.00-feature_games_played,0.00,11.00)+0.25*scale(0.14-feature_target_share,0.00,0.14)"
00-0036626,D.Brown,2022,2023,WR,0.0000,49.9160,0.0000,0.0000,20.0000,0.0000,34.0909,9.0419,wr_signal_score_role_balanced_v1,"0.50*scale(feature_targets_per_game,4.00,10.00)+0.50*scale(feature_target_share,0.12,0.30)","0.55*scale(feature_ppg_per_target,0.80,2.50)+0.45*scale(feature_ppg,6.00,18.00)","0.40*scale(48.00-feature_finish,0.00,36.00)+0.60*scale(expected_ppg_baseline-feature_ppg,0.00,4.00)","0.65*scale(feature_games_played,8.00,17.00)+0.35*scale(feature_total_ppr,80.00,260.00)","0.50*scale(feature_ppg_minus_cohort_expected,0.00,6.00)+0.30*scale(expected_finish_from_cohort-feature_finish,0.00,36.00)+0.20*scale(cohort_player_count,1.00,18.00)","0.20*scale(route_participation_season_avg,0.50,0.95)+0.20*scale(target_share_season_avg,0.10,0.32)+0.15*scale(air_yard_share_season_avg,0.08,0.38)+0.15*scale(routes_consistency_index,0.60,0.95)+0.15*scale(target_earning_index,0.12,0.45)+0.15*scale(opportunity_concentration_score,0.18,0.56)","0.50*scale(12.00-feature_finish,0.00,12.00)+0.25*scale(11.00-feature_games_played,0.00,11.00)+0.25*scale(0.14-feature_target_share,0.00,0.14)"
00-0036951,F.Darby,2022,2023,WR,0.0000,55.0000,0.0000,0.0000,20.0000,0.0000,47.7273,8.9864,wr_signal_score_role_balanced_v1,"0.50*scale(feature_targets_per_game,4.00,10.00)+0.50*scale(feature_target_share,0.12,0.30)","0.55*scale(feature_ppg_per_target,0.80,2.50)+0.45*scale(feature_ppg,6.00,18.00)","0.40*scale(48.00-feature_finish,0.00,36.00)+0.60*scale(expected_ppg_baseline-feature_ppg,0.00,4.00)","0.65*scale(feature_games_played,8.00,17.00)+0.35*scale(feature_total_ppr,80.00,260.00)","0.50*scale(feature_ppg_minus_cohort_expected,0.00,6.00)+0.30*scale(expected_finish_from_cohort-feature_finish,0.00,36.00)+0.20*scale(cohort_player_count,1.00,18.00)","0.20*scale(route_participation_season_avg,0.50,0.95)+0.20*scale(target_share_season_avg,0.10,0.32)+0.15*scale(air_yard_share_season_avg,0.08,0.38)+0.15*scale(routes_consistency_index,0.60,0.95)+0.15*scale(target_earning_index,0.12,0.45)+0.15*scale(opportunity_concentration_score,0.18,0.56)","0.50*scale(12.00-feature_finish,0.00,12.00)+0.25*scale(11.00-feature_games_played,0.00,11.00)+0.25*scale(0.14-feature_target_share,0.00,0.14)"
00-0036877,J.Darden,2022,2023,WR,0.0000,51.7608,0.0000,0.0000,20.0000,0.0000,43.1818,8.7732,wr_signal_score_role_balanced_v1,"0.50*scale(feature_targets_per_game,4.00,10.00)+0.50*scale(feature_target_share,0.12,0.30)","0.55*scale(feature_ppg_per_target,0.80,2.50)+0.45*scale(feature_ppg,6.00,18.00)","0.40*scale(48.00-feature_finish,0.00,36.00)+0.60*scale(expected_ppg_baseline-feature_ppg,0.00,4.00)","0.65*scale(feature_games_played,8.00,17.00)+0.35*scale(feature_total_ppr,80.00,260.00)","0.50*scale(feature_ppg_minus_cohort_expected,0.00,6.00)+0.30*scale(expected_finish_from_cohort-feature_finish,0.00,36.00)+0.20*scale(cohort_player_count,1.00,18.00)","0.20*scale(route_participation_season_avg,0.50,0.95)+0.20*scale(target_share_season_avg,0.10,0.32)+0.15*scale(air_yard_share_season_avg,0.08,0.38)+0.15*scale(routes_consistency_index,0.60,0.95)+0.15*scale(target_earning_index,0.12,0.45)+0.15*scale(opportunity_concentration_score,0.18,0.56)","0.50*scale(12.00-feature_finish,0.00,12.00)+0.25*scale(11.00-feature_games_played,0.00,11.00)+0.25*scale(0.14-feature_target_share,0.00,0.14)"
00-0034054,R.Cracraft,2022,2023,WR,0.0000,46.2185,0.0000,0.0000,20.0000,0.0000,31.8182,8.6237,wr_signal_score_role_balanced_v1,"0.50*scale(feature_targets_per_game,4.00,10.00)+0.50*scale(feature_target_share,0.12,0.30)","0.55*scale(feature_ppg_per_target,0.80,2.50)+0.45*scale(feature_ppg,6.00,18.00)","0.40*scale(48.00-feature_finish,0.00,36.00)+0.60*scale(expected_ppg_baseline-feature_ppg,0.00,4.00)","0.65*scale(feature_games_played,8.00,17.00)+0.35*scale(feature_total_ppr,80.00,260.00)","0.50*scale(feature_ppg_minus_cohort_expected,0.00,6.00)+0.30*scale(expected_finish_from_cohort-feature_finish,0.00,36.00)+0.20*scale(cohort_player_count,1.00,18.00)","0.20*scale(route_participation_season_avg,0.50,0.95)+0.20*scale(target_share_season_avg,0.10,0.32)+0.15*scale(air_yard_share_season_avg,0.08,0.38)+0.15*scale(routes_consistency_index,0.60,0.95)+0.15*scale(target_earning_index,0.12,0.45)+0.15*scale(opportunity_concentration_score,0.18,0.56)","0.50*scale(12.00-feature_finish,0.00,12.00)+0.25*scale(11.00-feature_games_played,0.00,11.00)+0.25*scale(0.14-feature_target_share,0.00,0.14)"
00-0036671,D.Milne,2022,2023,WR,0.0000,46.6806,0.0000,0.0000,20.0000,0.0000,34.0909,8.5566,wr_signal_score_role_balanced_v1,"0.50*scale(feature_targets_per_game,4.00,10.00)+0.50*scale(feature_target_share,0.12,0.30)","0.55*scale(feature_ppg_per_target,0.80,2.50)+0.45*scale(feature_ppg,6.00,18.00)","0.40*scale(48.00-feature_finish,0.00,36.00)+0.60*scale(expected_ppg_baseline-feature_ppg,0.00,4.00)","0.65*scale(feature_games_played,8.00,17.00)+0.35*scale(feature_total_ppr,80.00,260.00)","0.50*scale(feature_ppg_minus_cohort_expected,0.00,6.00)+0.30*scale(expected_finish_from_cohort-feature_finish,0.00,36.00)+0.20*scale(cohort_player_count,1.00,18.00)","0.20*scale(route_participation_season_avg,0.50,0.95)+0.20*scale(target_share_season_avg,0.10,0.32)+0.15*scale(air_yard_share_season_avg,0.08,0.38)+0.15*scale(routes_consistency_index,0.60,0.95)+0.15*scale(target_earning_index,0.12,0.45)+0.15*scale(opportunity_concentration_score,0.18,0.56)","0.50*scale(12.00-feature_finish,0.00,12.00)+0.25*scale(11.00-feature_games_played,0.00,11.00)+0.25*scale(0.14-feature_target_share,0.00,0.14)"
00-0037261,K.Shakir,2022,2023,WR,0.0000,29.2794,0.0000,14.4444,20.0000,0.0000,27.2727,8.2333,wr_signal_score_role_balanced_v1,"0.50*scale(feature_targets_per_game,4.00,10.00)+0.50*scale(feature_target_share,0.12,0.30)","0.55*scale(feature_ppg_per_target,0.80,2.50)+0.45*scale(feature_ppg,6.00,18.00)","0.40*scale(48.00-feature_finish,0.00,36.00)+0.60*scale(expected_ppg_baseline-feature_ppg,0.00,4.00)","0.65*scale(feature_games_played,8.00,17.00)+0.35*scale(feature_total_ppr,80.00,260.00)","0.50*scale(feature_ppg_minus_cohort_expected,0.00,6.00)+0.30*scale(expected_finish_from_cohort-feature_finish,0.00,36.00)+0.20*scale(cohort_player_count,1.00,18.00)","0.20*scale(route_participation_season_avg,0.50,0.95)+0.20*scale(target_share_season_avg,0.10,0.32)+0.15*scale(air_yard_share_season_avg,0.08,0.38)+0.15*scale(routes_consistency_index,0.60,0.95)+0.15*scale(target_earning_index,0.12,0.45)+0.15*scale(opportunity_concentration_score,0.18,0.56)","0.50*scale(12.00-feature_finish,0.00,12.00)+0.25*scale(11.00-feature_games_played,0.00,11.00)+0.25*scale(0.14-feature_target_share,0.00,0.14)"
00-0031428,A.Robinson,2022,2023,WR,10.0000,36.2775,0.0000,15.3972,0.0000,0.0000,27.2727,8.2069,wr_signal_score_role_balanced_v1,"0.50*scale(feature_targets_per_game,4.00,10.00)+0.50*scale(feature_target_share,0.12,0.30)","0.55*scale(feature_ppg_per_target,0.80,2.50)+0.45*scale(feature_ppg,6.00,18.00)","0.40*scale(48.00-feature_finish,0.00,36.00)+0.60*scale(expected_ppg_baseline-feature_ppg,0.00,4.00)","0.65*scale(feature_games_played,8.00,17.00)+0.35*scale(feature_total_ppr,80.00,260.00)","0.50*scale(feature_ppg_minus_cohort_expected,0.00,6.00)+0.30*scale(expected_finish_from_cohort-feature_finish,0.00,36.00)+0.20*scale(cohort_player_count,1.00,18.00)","0.20*scale(route_participation_season_avg,0.50,0.95)+0.20*scale(target_share_season_avg,0.10,0.32)+0.15*scale(air_yard_share_season_avg,0.08,0.38)+0.15*scale(routes_consistency_index,0.60,0.95)+0.15*scale(target_earning_index,0.12,0.45)+0.15*scale(opportunity_concentration_score,0.18,0.56)","0.50*scale(12.00-feature_finish,0.00,12.00)+0.25*scale(11.00-feature_games_played,0.00,11.00)+0.25*scale(0.14-feature_target_share,0.00,0.14)"
00-0035341,T.Irwin,2022,2023,WR,0.0000,58.8332,0.0000,7.2222,0.0000,0.0000,29.5454,7.9911,wr_signal_score_role_balanced_v1,"0.50*scale(feature_targets_per_game,4.00,10.00)+0.50*scale(feature_target_share,0.12,0.30)","0.55*scale(feature_ppg_per_target,0.80,2.50)+0.45*scale(feature_ppg,6.00,18.00)","0.40*scale(48.00-feature_finish,0.00,36.00)+0.60*scale(expected_ppg_baseline-feature_ppg,0.00,4.00)","0.65*scale(feature_games_played,8.00,17.00)+0.35*scale(feature_total_ppr,80.00,260.00)","0.50*scale(feature_ppg_minus_cohort_expected,0.00,6.00)+0.30*scale(expected_finish_from_cohort-feature_finish,0.00,36.00)+0.20*scale(cohort_player_count,1.00,18.00)","0.20*scale(route_participation_season_avg,0.50,0.95)+0.20*scale(target_share_season_avg,0.10,0.32)+0.15*scale(air_yard_share_season_avg,0.08,0.38)+0.15*scale(routes_consistency_index,0.60,0.95)+0.15*scale(target_earning_index,0.12,0.45)+0.15*scale(opportunity_concentration_score,0.18,0.56)","0.50*scale(12.00-feature_finish,0.00,12.00)+0.25*scale(11.00-feature_games_played,0.00,11.00)+0.25*scale(0.14-feature_target_share,0.00,0.14)"
00-0034860,D.Pettis,2022,2023,WR,0.0000,25.5662,0.0000,43.3334,0.0000,0.0000,25.0000,7.9683,wr_signal_score_role_balanced_v1,"0.50*scale(feature_targets_per_game,4.00,10.00)+0.50*scale(feature_target_share,0.12,0.30)","0.55*scale(feature_ppg_per_target,0.80,2.50)+0.45*scale(feature_ppg,6.00,18.00)","0.40*scale(48.00-feature_finish,0.00,36.00)+0.60*scale(expected_ppg_baseline-feature_ppg,0.00,4.00)","0.65*scale(feature_games_played,8.00,17.00)+0.35*scale(feature_total_ppr,80.00,260.00)","0.50*scale(feature_ppg_minus_cohort_expected,0.00,6.00)+0.30*scale(expected_finish_from_cohort-feature_finish,0.00,36.00)+0.20*scale(cohort_player_count,1.00,18.00)","0.20*scale(route_participation_season_avg,0.50,0.95)+0.20*scale(target_share_season_avg,0.10,0.32)+0.15*scale(air_yard_share_season_avg,0.08,0.38)+0.15*scale(routes_consistency_index,0.60,0.95)+0.15*scale(target_earning_index,0.12,0.45)+0.15*scale(opportunity_concentration_score,0.18,0.56)","0.50*scale(12.00-feature_finish,0.00,12.00)+0.25*scale(11.00-feature_games_played,0.00,11.00)+0.25*scale(0.14-feature_target_share,0.00,0.14)"
00-0032200,T.Montgomery,2022,2023,WR,0.0000,71.1250,0.0000,0.0000,0.0000,0.0000,47.7273,7.8051,wr_signal_score_role_balanced_v1,"0.50*scale(feature_targets_per_game,4.00,10.00)+0.50*scale(feature_target_share,0.12,0.30)","0.55*scale(feature_ppg_per_target,0.80,2.50)+0.45*scale(feature_ppg,6.00,18.00)","0.40*scale(48.00-feature_finish,0.00,36.00)+0.60*scale(expected_ppg_baseline-feature_ppg,0.00,4.00)","0.65*scale(feature_games_played,8.00,17.00)+0.35*scale(feature_total_ppr,80.00,260.00)","0.50*scale(feature_ppg_minus_cohort_expected,0.00,6.00)+0.30*scale(expected_finish_from_cohort-feature_finish,0.00,36.00)+0.20*scale(cohort_player_count,1.00,18.00)","0.20*scale(route_participation_season_avg,0.50,0.95)+0.20*scale(target_share_season_avg,0.10,0.32)+0.15*scale(air_yard_share_season_avg,0.08,0.38)+0.15*scale(routes_consistency_index,0.60,0.95)+0.15*scale(target_earning_index,0.12,0.45)+0.15*scale(opportunity_concentration_score,0.18,0.56)","0.50*scale(12.00-feature_finish,0.00,12.00)+0.25*scale(11.00-feature_games_played,0.00,11.00)+0.25*scale(0.14-feature_target_share,0.00,0.14)"
00-0038147,D.Baldwin,2022,2023,WR,0.0000,46.9118,0.0000,0.0000,20.0000,0.0000,47.7273,7.7731,wr_signal_score_role_balanced_v1,"0.50*scale(feature_targets_per_game,4.00,10.00)+0.50*scale(feature_target_share,0.12,0.30)","0.55*scale(feature_ppg_per_target,0.80,2.50)+0.45*scale(feature_ppg,6.00,18.00)","0.40*scale(48.00-feature_finish,0.00,36.00)+0.60*scale(expected_ppg_baseline-feature_ppg,0.00,4.00)","0.65*scale(feature_games_played,8.00,17.00)+0.35*scale(feature_total_ppr,80.00,260.00)","0.50*scale(feature_ppg_minus_cohort_expected,0.00,6.00)+0.30*scale(expected_finish_from_cohort-feature_finish,0.00,36.00)+0.20*scale(cohort_player_count,1.00,18.00)","0.20*scale(route_participation_season_avg,0.50,0.95)+0.20*scale(target_share_season_avg,0.10,0.32)+0.15*scale(air_yard_share_season_avg,0.08,0.38)+0.15*scale(routes_consistency_index,0.60,0.95)+0.15*scale(target_earning_index,0.12,0.45)+0.15*scale(opportunity_concentration_score,0.18,0.56)","0.50*scale(12.00-feature_finish,0.00,12.00)+0.25*scale(11.00-feature_games_played,0.00,11.00)+0.25*scale(0.14-feature_target_share,0.00,0.14)"
00-0034928,S.Sims,2022,2023,WR,0.0000,18.2866,0.0000,21.6666,20.0000,0.0000,25.0000,7.6596,wr_signal_score_role_balanced_v1,"0.50*scale(feature_targets_per_game,4.00,10.00)+0.50*scale(feature_target_share,0.12,0.30)","0.55*scale(feature_ppg_per_target,0.80,2.50)+0.45*scale(feature_ppg,6.00,18.00)","0.40*scale(48.00-feature_finish,0.00,36.00)+0.60*scale(expected_ppg_baseline-feature_ppg,0.00,4.00)","0.65*scale(feature_games_played,8.00,17.00)+0.35*scale(feature_total_ppr,80.00,260.00)","0.50*scale(feature_ppg_minus_cohort_expected,0.00,6.00)+0.30*scale(expected_finish_from_cohort-feature_finish,0.00,36.00)+0.20*scale(cohort_player_count,1.00,18.00)","0.20*scale(route_participation_season_avg,0.50,0.95)+0.20*scale(target_share_season_avg,0.10,0.32)+0.15*scale(air_yard_share_season_avg,0.08,0.38)+0.15*scale(routes_consistency_index,0.60,0.95)+0.15*scale(target_earning_index,0.12,0.45)+0.15*scale(opportunity_concentration_score,0.18,0.56)","0.50*scale(12.00-feature_finish,0.00,12.00)+0.25*scale(11.00-feature_games_played,0.00,11.00)+0.25*scale(0.14-feature_target_share,0.00,0.14)"
00-0033251,Z.Pascal,2022,2023,WR,0.0000,35.4192,0.0000,28.8889,0.0000,0.0000,25.0000,7.5684,wr_signal_score_role_balanced_v1,"0.50*scale(feature_targets_per_game,4.00,10.00)+0.50*scale(feature_target_share,0.12,0.30)","0.55*scale(feature_ppg_per_target,0.80,2.50)+0.45*scale(feature_ppg,6.00,18.00)","0.40*scale(48.00-feature_finish,0.00,36.00)+0.60*scale(expected_ppg_baseline-feature_ppg,0.00,4.00)","0.65*scale(feature_games_played,8.00,17.00)+0.35*scale(feature_total_ppr,80.00,260.00)","0.50*scale(feature_ppg_minus_cohort_expected,0.00,6.00)+0.30*scale(expected_finish_from_cohort-feature_finish,0.00,36.00)+0.20*scale(cohort_player_count,1.00,18.00)","0.20*scale(route_participation_season_avg,0.50,0.95)+0.20*scale(target_share_season_avg,0.10,0.32)+0.15*scale(air_yard_share_season_avg,0.08,0.38)+0.15*scale(routes_consistency_index,0.60,0.95)+0.15*scale(target_earning_index,0.12,0.45)+0.15*scale(opportunity_concentration_score,0.18,0.56)","0.50*scale(12.00-feature_finish,0.00,12.00)+0.25*scale(11.00-feature_games_played,0.00,11.00)+0.25*scale(0.14-feature_target_share,0.00,0.14)"
00-0037093,D.Young,2022,2023,WR,0.0000,45.2941,0.0000,0.0000,20.0000,0.0000,47.7273,7.5305,wr_signal_score_role_balanced_v1,"0.50*scale(feature_targets_per_game,4.00,10.00)+0.50*scale(feature_target_share,0.12,0.30)","0.55*scale(feature_ppg_per_target,0.80,2.50)+0.45*scale(feature_ppg,6.00,18.00)","0.40*scale(48.00-feature_finish,0.00,36.00)+0.60*scale(expected_ppg_baseline-feature_ppg,0.00,4.00)","0.65*scale(feature_games_played,8.00,17.00)+0.35*scale(feature_total_ppr,80.00,260.00)","0.50*scale(feature_ppg_minus_cohort_expected,0.00,6.00)+0.30*scale(expected_finish_from_cohort-feature_finish,0.00,36.00)+0.20*scale(cohort_player_count,1.00,18.00)","0.20*scale(route_participation_season_avg,0.50,0.95)+0.20*scale(target_share_season_avg,0.10,0.32)+0.15*scale(air_yard_share_season_avg,0.08,0.38)+0.15*scale(routes_consistency_index,0.60,0.95)+0.15*scale(target_earning_index,0.12,0.45)+0.15*scale(opportunity_concentration_score,0.18,0.56)","0.50*scale(12.00-feature_finish,0.00,12.00)+0.25*scale(11.00-feature_games_played,0.00,11.00)+0.25*scale(0.14-feature_target_share,0.00,0.14)"
00-0028002,R.Cobb,2022,2023,WR,0.0000,28.0490,0.0000,36.4417,0.0000,0.0000,25.0000,7.4448,wr_signal_score_role_balanced_v1,"0.50*scale(feature_targets_per_game,4.00,10.00)+0.50*scale(feature_target_share,0.12,0.30)","0.55*scale(feature_ppg_per_target,0.80,2.50)+0.45*scale(feature_ppg,6.00,18.00)","0.40*scale(48.00-feature_finish,0.00,36.00)+0.60*scale(expected_ppg_baseline-feature_ppg,0.00,4.00)","0.65*scale(feature_games_played,8.00,17.00)+0.35*scale(feature_total_ppr,80.00,260.00)","0.50*scale(feature_ppg_minus_cohort_expected,0.00,6.00)+0.30*scale(expected_finish_from_cohort-feature_finish,0.00,36.00)+0.20*scale(cohort_player_count,1.00,18.00)","0.20*scale(route_participation_season_avg,0.50,0.95)+0.20*scale(target_share_season_avg,0.10,0.32)+0.15*scale(air_yard_share_season_avg,0.08,0.38)+0.15*scale(routes_consistency_index,0.60,0.95)+0.15*scale(target_earning_index,0.12,0.45)+0.15*scale(opportunity_concentration_score,0.18,0.56)","0.50*scale(12.00-feature_finish,0.00,12.00)+0.25*scale(11.00-feature_games_played,0.00,11.00)+0.25*scale(0.14-feature_target_share,0.00,0.14)"
00-0036991,A.Rodgers,2022,2023,WR,0.0000,29.8937,0.0000,7.2222,20.0000,0.0000,29.5454,7.2502,wr_signal_score_role_balanced_v1,"0.50*scale(feature_targets_per_game,4.00,10.00)+0.50*scale(feature_target_share,0.12,0.30)","0.55*scale(feature_ppg_per_target,0.80,2.50)+0.45*scale(feature_ppg,6.00,18.00)","0.40*scale(48.00-feature_finish,0.00,36.00)+0.60*scale(expected_ppg_baseline-feature_ppg,0.00,4.00)","0.65*scale(feature_games_played,8.00,17.00)+0.35*scale(feature_total_ppr,80.00,260.00)","0.50*scale(feature_ppg_minus_cohort_expected,0.00,6.00)+0.30*scale(expected_finish_from_cohort-feature_finish,0.00,36.00)+0.20*scale(cohort_player_count,1.00,18.00)","0.20*scale(route_participation_season_avg,0.50,0.95)+0.20*scale(target_share_season_avg,0.10,0.32)+0.15*scale(air_yard_share_season_avg,0.08,0.38)+0.15*scale(routes_consistency_index,0.60,0.95)+0.15*scale(target_earning_index,0.12,0.45)+0.15*scale(opportunity_concentration_score,0.18,0.56)","0.50*scale(12.00-feature_finish,0.00,12.00)+0.25*scale(11.00-feature_games_played,0.00,11.00)+0.25*scale(0.14-feature_target_share,0.00,0.14)"
00-0031549,N.Agholor,2022,2023,WR,0.0000,20.0224,0.0000,43.3334,0.0000,0.0000,25.0000,7.1367,wr_signal_score_role_balanced_v1,"0.50*scale(feature_targets_per_game,4.00,10.00)+0.50*scale(feature_target_share,0.12,0.30)","0.55*scale(feature_ppg_per_target,0.80,2.50)+0.45*scale(feature_ppg,6.00,18.00)","0.40*scale(48.00-feature_finish,0.00,36.00)+0.60*scale(expected_ppg_baseline-feature_ppg,0.00,4.00)","0.65*scale(feature_games_played,8.00,17.00)+0.35*scale(feature_total_ppr,80.00,260.00)","0.50*scale(feature_ppg_minus_cohort_expected,0.00,6.00)+0.30*scale(expected_finish_from_cohort-feature_finish,0.00,36.00)+0.20*scale(cohort_player_count,1.00,18.00)","0.20*scale(route_participation_season_avg,0.50,0.95)+0.20*scale(target_share_season_avg,0.10,0.32)+0.15*scale(air_yard_share_season_avg,0.08,0.38)+0.15*scale(routes_consistency_index,0.60,0.95)+0.15*scale(target_earning_index,0.12,0.45)+0.15*scale(opportunity_concentration_score,0.18,0.56)","0.50*scale(12.00-feature_finish,0.00,12.00)+0.25*scale(11.00-feature_games_played,0.00,11.00)+0.25*scale(0.14-feature_target_share,0.00,0.14)"
00-0034983,H.Renfrow,2022,2023,WR,8.3333,32.3603,0.0000,14.4444,0.0000,0.0000,27.2727,7.0954,wr_signal_score_role_balanced_v1,"0.50*scale(feature_targets_per_game,4.00,10.00)+0.50*scale(feature_target_share,0.12,0.30)","0.55*scale(feature_ppg_per_target,0.80,2.50)+0.45*scale(feature_ppg,6.00,18.00)","0.40*scale(48.00-feature_finish,0.00,36.00)+0.60*scale(expected_ppg_baseline-feature_ppg,0.00,4.00)","0.65*scale(feature_games_played,8.00,17.00)+0.35*scale(feature_total_ppr,80.00,260.00)","0.50*scale(feature_ppg_minus_cohort_expected,0.00,6.00)+0.30*scale(expected_finish_from_cohort-feature_finish,0.00,36.00)+0.20*scale(cohort_player_count,1.00,18.00)","0.20*scale(route_participation_season_avg,0.50,0.95)+0.20*scale(target_share_season_avg,0.10,0.32)+0.15*scale(air_yard_share_season_avg,0.08,0.38)+0.15*scale(routes_consistency_index,0.60,0.95)+0.15*scale(target_earning_index,0.12,0.45)+0.15*scale(opportunity_concentration_score,0.18,0.56)","0.50*scale(12.00-feature_finish,0.00,12.00)+0.25*scale(11.00-feature_games_played,0.00,11.00)+0.25*scale(0.14-feature_target_share,0.00,0.14)"
00-0036415,V.Jefferson,2022,2023,WR,3.3333,39.2199,0.0000,14.4444,0.0000,0.0000,27.2727,6.9244,wr_signal_score_role_balanced_v1,"0.50*scale(feature_targets_per_game,4.00,10.00)+0.50*scale(feature_target_share,0.12,0.30)","0.55*scale(feature_ppg_per_target,0.80,2.50)+0.45*scale(feature_ppg,6.00,18.00)","0.40*scale(48.00-feature_finish,0.00,36.00)+0.60*scale(expected_ppg_baseline-feature_ppg,0.00,4.00)","0.65*scale(feature_games_played,8.00,17.00)+0.35*scale(feature_total_ppr,80.00,260.00)","0.50*scale(feature_ppg_minus_cohort_expected,0.00,6.00)+0.30*scale(expected_finish_from_cohort-feature_finish,0.00,36.00)+0.20*scale(cohort_player_count,1.00,18.00)","0.20*scale(route_participation_season_avg,0.50,0.95)+0.20*scale(target_share_season_avg,0.10,0.32)+0.15*scale(air_yard_share_season_avg,0.08,0.38)+0.15*scale(routes_consistency_index,0.60,0.95)+0.15*scale(target_earning_index,0.12,0.45)+0.15*scale(opportunity_concentration_score,0.18,0.56)","0.50*scale(12.00-feature_finish,0.00,12.00)+0.25*scale(11.00-feature_games_played,0.00,11.00)+0.25*scale(0.14-feature_target_share,0.00,0.14)"
00-0036999,A.Schwartz,2022,2023,WR,0.0000,34.9400,0.0000,0.0000,20.0000,0.0000,36.3636,6.6592,wr_signal_score_role_balanced_v1,"0.50*scale(feature_targets_per_game,4.00,10.00)+0.50*scale(feature_target_share,0.12,0.30)","0.55*scale(feature_ppg_per_target,0.80,2.50)+0.45*scale(feature_ppg,6.00,18.00)","0.40*scale(48.00-feature_finish,0.00,36.00)+0.60*scale(expected_ppg_baseline-feature_ppg,0.00,4.00)","0.65*scale(feature_games_played,8.00,17.00)+0.35*scale(feature_total_ppr,80.00,260.00)","0.50*scale(feature_ppg_minus_cohort_expected,0.00,6.00)+0.30*scale(expected_finish_from_cohort-feature_finish,0.00,36.00)+0.20*scale(cohort_player_count,1.00,18.00)","0.20*scale(route_participation_season_avg,0.50,0.95)+0.20*scale(target_share_season_avg,0.10,0.32)+0.15*scale(air_yard_share_season_avg,0.08,0.38)+0.15*scale(routes_consistency_index,0.60,0.95)+0.15*scale(target_earning_index,0.12,0.45)+0.15*scale(opportunity_concentration_score,0.18,0.56)","0.50*scale(12.00-feature_finish,0.00,12.00)+0.25*scale(11.00-feature_games_played,0.00,11.00)+0.25*scale(0.14-feature_target_share,0.00,0.14)"
00-0037098,S.Toure,2022,2023,WR,0.0000,36.2353,0.0000,0.0000,20.0000,0.0000,40.9091,6.5807,wr_signal_score_role_balanced_v1,"0.50*scale(feature_targets_per_game,4.00,10.00)+0.50*scale(feature_target_share,0.12,0.30)","0.55*scale(feature_ppg_per_target,0.80,2.50)+0.45*scale(feature_ppg,6.00,18.00)","0.40*scale(48.00-feature_finish,0.00,36.00)+0.60*scale(expected_ppg_baseline-feature_ppg,0.00,4.00)","0.65*scale(feature_games_played,8.00,17.00)+0.35*scale(feature_total_ppr,80.00,260.00)","0.50*scale(feature_ppg_minus_cohort_expected,0.00,6.00)+0.30*scale(expected_finish_from_cohort-feature_finish,0.00,36.00)+0.20*scale(cohort_player_count,1.00,18.00)","0.20*scale(route_participation_season_avg,0.50,0.95)+0.20*scale(target_share_season_avg,0.10,0.32)+0.15*scale(air_yard_share_season_avg,0.08,0.38)+0.15*scale(routes_consistency_index,0.60,0.95)+0.15*scale(target_earning_index,0.12,0.45)+0.15*scale(opportunity_concentration_score,0.18,0.56)","0.50*scale(12.00-feature_finish,0.00,12.00)+0.25*scale(11.00-feature_games_played,0.00,11.00)+0.25*scale(0.14-feature_target_share,0.00,0.14)"
00-0036387,J.Reagor,2022,2023,WR,0.0000,41.0633,0.0000,14.4444,0.0000,0.0000,27.2727,6.4009,wr_signal_score_role_balanced_v1,"0.50*scale(feature_targets_per_game,4.00,10.00)+0.50*scale(feature_target_share,0.12,0.30)","0.55*scale(feature_ppg_per_target,0.80,2.50)+0.45*scale(feature_ppg,6.00,18.00)","0.40*scale(48.00-feature_finish,0.00,36.00)+0.60*scale(expected_ppg_baseline-feature_ppg,0.00,4.00)","0.65*scale(feature_games_played,8.00,17.00)+0.35*scale(feature_total_ppr,80.00,260.00)","0.50*scale(feature_ppg_minus_cohort_expected,0.00,6.00)+0.30*scale(expected_finish_from_cohort-feature_finish,0.00,36.00)+0.20*scale(cohort_player_count,1.00,18.00)","0.20*scale(route_participation_season_avg,0.50,0.95)+0.20*scale(target_share_season_avg,0.10,0.32)+0.15*scale(air_yard_share_season_avg,0.08,0.38)+0.15*scale(routes_consistency_index,0.60,0.95)+0.15*scale(target_earning_index,0.12,0.45)+0.15*scale(opportunity_concentration_score,0.18,0.56)","0.50*scale(12.00-feature_finish,0.00,12.00)+0.25*scale(11.00-feature_games_played,0.00,11.00)+0.25*scale(0.14-feature_target_share,0.00,0.14)"
00-0031545,K.White,2022,2023,WR,0.0000,34.9412,0.0000,0.0000,20.0000,0.0000,40.9091,6.3866,wr_signal_score_role_balanced_v1,"0.50*scale(feature_targets_per_game,4.00,10.00)+0.50*scale(feature_target_share,0.12,0.30)","0.55*scale(feature_ppg_per_target,0.80,2.50)+0.45*scale(feature_ppg,6.00,18.00)","0.40*scale(48.00-feature_finish,0.00,36.00)+0.60*scale(expected_ppg_baseline-feature_ppg,0.00,4.00)","0.65*scale(feature_games_played,8.00,17.00)+0.35*scale(feature_total_ppr,80.00,260.00)","0.50*scale(feature_ppg_minus_cohort_expected,0.00,6.00)+0.30*scale(expected_finish_from_cohort-feature_finish,0.00,36.00)+0.20*scale(cohort_player_count,1.00,18.00)","0.20*scale(route_participation_season_avg,0.50,0.95)+0.20*scale(target_share_season_avg,0.10,0.32)+0.15*scale(air_yard_share_season_avg,0.08,0.38)+0.15*scale(routes_consistency_index,0.60,0.95)+0.15*scale(target_earning_index,0.12,0.45)+0.15*scale(opportunity_concentration_score,0.18,0.56)","0.50*scale(12.00-feature_finish,0.00,12.00)+0.25*scale(11.00-feature_games_played,0.00,11.00)+0.25*scale(0.14-feature_target_share,0.00,0.14)"
00-0035645,G.Olszewski,2022,2023,WR,0.0000,39.7479,0.0000,14.4444,0.0000,0.0000,27.2727,6.2036,wr_signal_score_role_balanced_v1,"0.50*scale(feature_targets_per_game,4.00,10.00)+0.50*scale(feature_target_share,0.12,0.30)","0.55*scale(feature_ppg_per_target,0.80,2.50)+0.45*scale(feature_ppg,6.00,18.00)","0.40*scale(48.00-feature_finish,0.00,36.00)+0.60*scale(expected_ppg_baseline-feature_ppg,0.00,4.00)","0.65*scale(feature_games_played,8.00,17.00)+0.35*scale(feature_total_ppr,80.00,260.00)","0.50*scale(feature_ppg_minus_cohort_expected,0.00,6.00)+0.30*scale(expected_finish_from_cohort-feature_finish,0.00,36.00)+0.20*scale(cohort_player_count,1.00,18.00)","0.20*scale(route_participation_season_avg,0.50,0.95)+0.20*scale(target_share_season_avg,0.10,0.32)+0.15*scale(air_yard_share_season_avg,0.08,0.38)+0.15*scale(routes_consistency_index,0.60,0.95)+0.15*scale(target_earning_index,0.12,0.45)+0.15*scale(opportunity_concentration_score,0.18,0.56)","0.50*scale(12.00-feature_finish,0.00,12.00)+0.25*scale(11.00-feature_games_played,0.00,11.00)+0.25*scale(0.14-feature_target_share,0.00,0.14)"
00-0037801,K.Turpin,2022,2023,WR,0.0000,32.3529,0.0000,0.0000,20.0000,0.0000,38.6364,6.1348,wr_signal_score_role_balanced_v1,"0.50*scale(feature_targets_per_game,4.00,10.00)+0.50*scale(feature_target_share,0.12,0.30)","0.55*scale(feature_ppg_per_target,0.80,2.50)+0.45*scale(feature_ppg,6.00,18.00)","0.40*scale(48.00-feature_finish,0.00,36.00)+0.60*scale(expected_ppg_baseline-feature_ppg,0.00,4.00)","0.65*scale(feature_games_played,8.00,17.00)+0.35*scale(feature_total_ppr,80.00,260.00)","0.50*scale(feature_ppg_minus_cohort_expected,0.00,6.00)+0.30*scale(expected_finish_from_cohort-feature_finish,0.00,36.00)+0.20*scale(cohort_player_count,1.00,18.00)","0.20*scale(route_participation_season_avg,0.50,0.95)+0.20*scale(target_share_season_avg,0.10,0.32)+0.15*scale(air_yard_share_season_avg,0.08,0.38)+0.15*scale(routes_consistency_index,0.60,0.95)+0.15*scale(target_earning_index,0.12,0.45)+0.15*scale(opportunity_concentration_score,0.18,0.56)","0.50*scale(12.00-feature_finish,0.00,12.00)+0.25*scale(11.00-feature_games_played,0.00,11.00)+0.25*scale(0.14-feature_target_share,0.00,0.14)"
00-0035864,K.Hinton,2022,2023,WR,0.0000,29.4117,0.0000,21.6666,0.0000,0.0000,25.0000,5.7284,wr_signal_score_role_balanced_v1,"0.50*scale(feature_targets_per_game,4.00,10.00)+0.50*scale(feature_target_share,0.12,0.30)","0.55*scale(feature_ppg_per_target,0.80,2.50)+0.45*scale(feature_ppg,6.00,18.00)","0.40*scale(48.00-feature_finish,0.00,36.00)+0.60*scale(expected_ppg_baseline-feature_ppg,0.00,4.00)","0.65*scale(feature_games_played,8.00,17.00)+0.35*scale(feature_total_ppr,80.00,260.00)","0.50*scale(feature_ppg_minus_cohort_expected,0.00,6.00)+0.30*scale(expected_finish_from_cohort-feature_finish,0.00,36.00)+0.20*scale(cohort_player_count,1.00,18.00)","0.20*scale(route_participation_season_avg,0.50,0.95)+0.20*scale(target_share_season_avg,0.10,0.32)+0.15*scale(air_yard_share_season_avg,0.08,0.38)+0.15*scale(routes_consistency_index,0.60,0.95)+0.15*scale(target_earning_index,0.12,0.45)+0.15*scale(opportunity_concentration_score,0.18,0.56)","0.50*scale(12.00-feature_finish,0.00,12.00)+0.25*scale(11.00-feature_games_played,0.00,11.00)+0.25*scale(0.14-feature_target_share,0.00,0.14)"
00-0037240,J.Williams,2022,2023,WR,0.0000,28.3987,0.0000,0.0000,20.0000,0.0000,36.3636,5.6780,wr_signal_score_role_balanced_v1,"0.50*scale(feature_targets_per_game,4.00,10.00)+0.50*scale(feature_target_share,0.12,0.30)","0.55*scale(feature_ppg_per_target,0.80,2.50)+0.45*scale(feature_ppg,6.00,18.00)","0.40*scale(48.00-feature_finish,0.00,36.00)+0.60*scale(expected_ppg_baseline-feature_ppg,0.00,4.00)","0.65*scale(feature_games_played,8.00,17.00)+0.35*scale(feature_total_ppr,80.00,260.00)","0.50*scale(feature_ppg_minus_cohort_expected,0.00,6.00)+0.30*scale(expected_finish_from_cohort-feature_finish,0.00,36.00)+0.20*scale(cohort_player_count,1.00,18.00)","0.20*scale(route_participation_season_avg,0.50,0.95)+0.20*scale(target_share_season_avg,0.10,0.32)+0.15*scale(air_yard_share_season_avg,0.08,0.38)+0.15*scale(routes_consistency_index,0.60,0.95)+0.15*scale(target_earning_index,0.12,0.45)+0.15*scale(opportunity_concentration_score,0.18,0.56)","0.50*scale(12.00-feature_finish,0.00,12.00)+0.25*scale(11.00-feature_games_played,0.00,11.00)+0.25*scale(0.14-feature_target_share,0.00,0.14)"
00-0027942,A.Green,2022,2023,WR,0.0000,16.5205,0.0000,36.1111,0.0000,0.0000,25.0000,5.6725,wr_signal_score_role_balanced_v1,"0.50*scale(feature_targets_per_game,4.00,10.00)+0.50*scale(feature_target_share,0.12,0.30)","0.55*scale(feature_ppg_per_target,0.80,2.50)+0.45*scale(feature_ppg,6.00,18.00)","0.40*scale(48.00-feature_finish,0.00,36.00)+0.60*scale(expected_ppg_baseline-feature_ppg,0.00,4.00)","0.65*scale(feature_games_played,8.00,17.00)+0.35*scale(feature_total_ppr,80.00,260.00)","0.50*scale(feature_ppg_minus_cohort_expected,0.00,6.00)+0.30*scale(expected_finish_from_cohort-feature_finish,0.00,36.00)+0.20*scale(cohort_player_count,1.00,18.00)","0.20*scale(route_participation_season_avg,0.50,0.95)+0.20*scale(target_share_season_avg,0.10,0.32)+0.15*scale(air_yard_share_season_avg,0.08,0.38)+0.15*scale(routes_consistency_index,0.60,0.95)+0.15*scale(target_earning_index,0.12,0.45)+0.15*scale(opportunity_concentration_score,0.18,0.56)","0.50*scale(12.00-feature_finish,0.00,12.00)+0.25*scale(11.00-feature_games_played,0.00,11.00)+0.25*scale(0.14-feature_target_share,0.00,0.14)"
00-0031051,J.Brown,2022,2023,WR,0.0000,55.0000,0.0000,0.0000,0.0000,0.0000,45.4545,5.5227,wr_signal_score_role_balanced_v1,"0.50*scale(feature_targets_per_game,4.00,10.00)+0.50*scale(feature_target_share,0.12,0.30)","0.55*scale(feature_ppg_per_target,0.80,2.50)+0.45*scale(feature_ppg,6.00,18.00)","0.40*scale(48.00-feature_finish,0.00,36.00)+0.60*scale(expected_ppg_baseline-feature_ppg,0.00,4.00)","0.65*scale(feature_games_played,8.00,17.00)+0.35*scale(feature_total_ppr,80.00,260.00)","0.50*scale(feature_ppg_minus_cohort_expected,0.00,6.00)+0.30*scale(expected_finish_from_cohort-feature_finish,0.00,36.00)+0.20*scale(cohort_player_count,1.00,18.00)","0.20*scale(route_participation_season_avg,0.50,0.95)+0.20*scale(target_share_season_avg,0.10,0.32)+0.15*scale(air_yard_share_season_avg,0.08,0.38)+0.15*scale(routes_consistency_index,0.60,0.95)+0.15*scale(target_earning_index,0.12,0.45)+0.15*scale(opportunity_concentration_score,0.18,0.56)","0.50*scale(12.00-feature_finish,0.00,12.00)+0.25*scale(11.00-feature_games_played,0.00,11.00)+0.25*scale(0.14-feature_target_share,0.00,0.14)"
00-0027944,J.Jones,2022,2023,WR,2.5000,30.9862,0.0000,14.4444,0.0000,0.0000,27.2727,5.4893,wr_signal_score_role_balanced_v1,"0.50*scale(feature_targets_per_game,4.00,10.00)+0.50*scale(feature_target_share,0.12,0.30)","0.55*scale(feature_ppg_per_target,0.80,2.50)+0.45*scale(feature_ppg,6.00,18.00)","0.40*scale(48.00-feature_finish,0.00,36.00)+0.60*scale(expected_ppg_baseline-feature_ppg,0.00,4.00)","0.65*scale(feature_games_played,8.00,17.00)+0.35*scale(feature_total_ppr,80.00,260.00)","0.50*scale(feature_ppg_minus_cohort_expected,0.00,6.00)+0.30*scale(expected_finish_from_cohort-feature_finish,0.00,36.00)+0.20*scale(cohort_player_count,1.00,18.00)","0.20*scale(route_participation_season_avg,0.50,0.95)+0.20*scale(target_share_season_avg,0.10,0.32)+0.15*scale(air_yard_share_season_avg,0.08,0.38)+0.15*scale(routes_consistency_index,0.60,0.95)+0.15*scale(target_earning_index,0.12,0.45)+0.15*scale(opportunity_concentration_score,0.18,0.56)","0.50*scale(12.00-feature_finish,0.00,12.00)+0.25*scale(11.00-feature_games_played,0.00,11.00)+0.25*scale(0.14-feature_target_share,0.00,0.14)"
00-0034854,K.Hodge,2022,2023,WR,0.0000,40.7654,0.0000,7.2222,0.0000,0.0000,29.5454,5.2810,wr_signal_score_role_balanced_v1,"0.50*scale(feature_targets_per_game,4.00,10.00)+0.50*scale(feature_target_share,0.12,0.30)","0.55*scale(feature_ppg_per_target,0.80,2.50)+0.45*scale(feature_ppg,6.00,18.00)","0.40*scale(48.00-feature_finish,0.00,36.00)+0.60*scale(expected_ppg_baseline-feature_ppg,0.00,4.00)","0.65*scale(feature_games_played,8.00,17.00)+0.35*scale(feature_total_ppr,80.00,260.00)","0.50*scale(feature_ppg_minus_cohort_expected,0.00,6.00)+0.30*scale(expected_finish_from_cohort-feature_finish,0.00,36.00)+0.20*scale(cohort_player_count,1.00,18.00)","0.20*scale(route_participation_season_avg,0.50,0.95)+0.20*scale(target_share_season_avg,0.10,0.32)+0.15*scale(air_yard_share_season_avg,0.08,0.38)+0.15*scale(routes_consistency_index,0.60,0.95)+0.15*scale(target_earning_index,0.12,0.45)+0.15*scale(opportunity_concentration_score,0.18,0.56)","0.50*scale(12.00-feature_finish,0.00,12.00)+0.25*scale(11.00-feature_games_played,0.00,11.00)+0.25*scale(0.14-feature_target_share,0.00,0.14)"
00-0036858,J.Camp,2022,2023,WR,0.0000,29.1177,0.0000,0.0000,20.0000,0.0000,47.7273,5.1040,wr_signal_score_role_balanced_v1,"0.50*scale(feature_targets_per_game,4.00,10.00)+0.50*scale(feature_target_share,0.12,0.30)","0.55*scale(feature_ppg_per_target,0.80,2.50)+0.45*scale(feature_ppg,6.00,18.00)","0.40*scale(48.00-feature_finish,0.00,36.00)+0.60*scale(expected_ppg_baseline-feature_ppg,0.00,4.00)","0.65*scale(feature_games_played,8.00,17.00)+0.35*scale(feature_total_ppr,80.00,260.00)","0.50*scale(feature_ppg_minus_cohort_expected,0.00,6.00)+0.30*scale(expected_finish_from_cohort-feature_finish,0.00,36.00)+0.20*scale(cohort_player_count,1.00,18.00)","0.20*scale(route_participation_season_avg,0.50,0.95)+0.20*scale(target_share_season_avg,0.10,0.32)+0.15*scale(air_yard_share_season_avg,0.08,0.38)+0.15*scale(routes_consistency_index,0.60,0.95)+0.15*scale(target_earning_index,0.12,0.45)+0.15*scale(opportunity_concentration_score,0.18,0.56)","0.50*scale(12.00-feature_finish,0.00,12.00)+0.25*scale(11.00-feature_games_played,0.00,11.00)+0.25*scale(0.14-feature_target_share,0.00,0.14)"
00-0037708,M.Alexander,2022,2023,WR,0.0000,29.1177,0.0000,0.0000,20.0000,0.0000,47.7273,5.1040,wr_signal_score_role_balanced_v1,"0.50*scale(feature_targets_per_game,4.00,10.00)+0.50*scale(feature_target_share,0.12,0.30)","0.55*scale(feature_ppg_per_target,0.80,2.50)+0.45*scale(feature_ppg,6.00,18.00)","0.40*scale(48.00-feature_finish,0.00,36.00)+0.60*scale(expected_ppg_baseline-feature_ppg,0.00,4.00)","0.65*scale(feature_games_played,8.00,17.00)+0.35*scale(feature_total_ppr,80.00,260.00)","0.50*scale(feature_ppg_minus_cohort_expected,0.00,6.00)+0.30*scale(expected_finish_from_cohort-feature_finish,0.00,36.00)+0.20*scale(cohort_player_count,1.00,18.00)","0.20*scale(route_participation_season_avg,0.50,0.95)+0.20*scale(target_share_season_avg,0.10,0.32)+0.15*scale(air_yard_share_season_avg,0.08,0.38)+0.15*scale(routes_consistency_index,0.60,0.95)+0.15*scale(target_earning_index,0.12,0.45)+0.15*scale(opportunity_concentration_score,0.18,0.56)","0.50*scale(12.00-feature_finish,0.00,12.00)+0.25*scale(11.00-feature_games_played,0.00,11.00)+0.25*scale(0.14-feature_target_share,0.00,0.14)"
00-0034297,B.Pringle,2022,2023,WR,0.0000,45.9007,0.0000,0.0000,0.0000,0.0000,31.8182,4.9760,wr_signal_score_role_balanced_v1,"0.50*scale(feature_targets_per_game,4.00,10.00)+0.50*scale(feature_target_share,0.12,0.30)","0.55*scale(feature_ppg_per_target,0.80,2.50)+0.45*scale(feature_ppg,6.00,18.00)","0.40*scale(48.00-feature_finish,0.00,36.00)+0.60*scale(expected_ppg_baseline-feature_ppg,0.00,4.00)","0.65*scale(feature_games_played,8.00,17.00)+0.35*scale(feature_total_ppr,80.00,260.00)","0.50*scale(feature_ppg_minus_cohort_expected,0.00,6.00)+0.30*scale(expected_finish_from_cohort-feature_finish,0.00,36.00)+0.20*scale(cohort_player_count,1.00,18.00)","0.20*scale(route_participation_season_avg,0.50,0.95)+0.20*scale(target_share_season_avg,0.10,0.32)+0.15*scale(air_yard_share_season_avg,0.08,0.38)+0.15*scale(routes_consistency_index,0.60,0.95)+0.15*scale(target_earning_index,0.12,0.45)+0.15*scale(opportunity_concentration_score,0.18,0.56)","0.50*scale(12.00-feature_finish,0.00,12.00)+0.25*scale(11.00-feature_games_played,0.00,11.00)+0.25*scale(0.14-feature_target_share,0.00,0.14)"
00-0034765,T.Smith,2022,2023,WR,0.0000,37.3856,0.0000,7.2222,0.0000,0.0000,29.5454,4.7740,wr_signal_score_role_balanced_v1,"0.50*scale(feature_targets_per_game,4.00,10.00)+0.50*scale(feature_target_share,0.12,0.30)","0.55*scale(feature_ppg_per_target,0.80,2.50)+0.45*scale(feature_ppg,6.00,18.00)","0.40*scale(48.00-feature_finish,0.00,36.00)+0.60*scale(expected_ppg_baseline-feature_ppg,0.00,4.00)","0.65*scale(feature_games_played,8.00,17.00)+0.35*scale(feature_total_ppr,80.00,260.00)","0.50*scale(feature_ppg_minus_cohort_expected,0.00,6.00)+0.30*scale(expected_finish_from_cohort-feature_finish,0.00,36.00)+0.20*scale(cohort_player_count,1.00,18.00)","0.20*scale(route_participation_season_avg,0.50,0.95)+0.20*scale(target_share_season_avg,0.10,0.32)+0.15*scale(air_yard_share_season_avg,0.08,0.38)+0.15*scale(routes_consistency_index,0.60,0.95)+0.15*scale(target_earning_index,0.12,0.45)+0.15*scale(opportunity_concentration_score,0.18,0.56)","0.50*scale(12.00-feature_finish,0.00,12.00)+0.25*scale(11.00-feature_games_played,0.00,11.00)+0.25*scale(0.14-feature_target_share,0.00,0.14)"
00-0036228,D.Patmon,2022,2023,WR,16.6667,0.0000,0.0000,0.0000,20.0000,0.0000,47.7273,4.7364,wr_signal_score_role_balanced_v1,"0.50*scale(feature_targets_per_game,4.00,10.00)+0.50*scale(feature_target_share,0.12,0.30)","0.55*scale(feature_ppg_per_target,0.80,2.50)+0.45*scale(feature_ppg,6.00,18.00)","0.40*scale(48.00-feature_finish,0.00,36.00)+0.60*scale(expected_ppg_baseline-feature_ppg,0.00,4.00)","0.65*scale(feature_games_played,8.00,17.00)+0.35*scale(feature_total_ppr,80.00,260.00)","0.50*scale(feature_ppg_minus_cohort_expected,0.00,6.00)+0.30*scale(expected_finish_from_cohort-feature_finish,0.00,36.00)+0.20*scale(cohort_player_count,1.00,18.00)","0.20*scale(route_participation_season_avg,0.50,0.95)+0.20*scale(target_share_season_avg,0.10,0.32)+0.15*scale(air_yard_share_season_avg,0.08,0.38)+0.15*scale(routes_consistency_index,0.60,0.95)+0.15*scale(target_earning_index,0.12,0.45)+0.15*scale(opportunity_concentration_score,0.18,0.56)","0.50*scale(12.00-feature_finish,0.00,12.00)+0.25*scale(11.00-feature_games_played,0.00,11.00)+0.25*scale(0.14-feature_target_share,0.00,0.14)"
00-0037487,D.Thompkins,2022,2023,WR,8.3333,9.0588,0.0000,0.0000,22.4257,0.0000,45.4545,4.6682,wr_signal_score_role_balanced_v1,"0.50*scale(feature_targets_per_game,4.00,10.00)+0.50*scale(feature_target_share,0.12,0.30)","0.55*scale(feature_ppg_per_target,0.80,2.50)+0.45*scale(feature_ppg,6.00,18.00)","0.40*scale(48.00-feature_finish,0.00,36.00)+0.60*scale(expected_ppg_baseline-feature_ppg,0.00,4.00)","0.65*scale(feature_games_played,8.00,17.00)+0.35*scale(feature_total_ppr,80.00,260.00)","0.50*scale(feature_ppg_minus_cohort_expected,0.00,6.00)+0.30*scale(expected_finish_from_cohort-feature_finish,0.00,36.00)+0.20*scale(cohort_player_count,1.00,18.00)","0.20*scale(route_participation_season_avg,0.50,0.95)+0.20*scale(target_share_season_avg,0.10,0.32)+0.15*scale(air_yard_share_season_avg,0.08,0.38)+0.15*scale(routes_consistency_index,0.60,0.95)+0.15*scale(target_earning_index,0.12,0.45)+0.15*scale(opportunity_concentration_score,0.18,0.56)","0.50*scale(12.00-feature_finish,0.00,12.00)+0.25*scale(11.00-feature_games_played,0.00,11.00)+0.25*scale(0.14-feature_target_share,0.00,0.14)"
00-0036918,J.Harris,2022,2023,WR,0.0000,25.8823,0.0000,0.0000,20.0000,0.0000,47.7273,4.6187,wr_signal_score_role_balanced_v1,"0.50*scale(feature_targets_per_game,4.00,10.00)+0.50*scale(feature_target_share,0.12,0.30)","0.55*scale(feature_ppg_per_target,0.80,2.50)+0.45*scale(feature_ppg,6.00,18.00)","0.40*scale(48.00-feature_finish,0.00,36.00)+0.60*scale(expected_ppg_baseline-feature_ppg,0.00,4.00)","0.65*scale(feature_games_played,8.00,17.00)+0.35*scale(feature_total_ppr,80.00,260.00)","0.50*scale(feature_ppg_minus_cohort_expected,0.00,6.00)+0.30*scale(expected_finish_from_cohort-feature_finish,0.00,36.00)+0.20*scale(cohort_player_count,1.00,18.00)","0.20*scale(route_participation_season_avg,0.50,0.95)+0.20*scale(target_share_season_avg,0.10,0.32)+0.15*scale(air_yard_share_season_avg,0.08,0.38)+0.15*scale(routes_consistency_index,0.60,0.95)+0.15*scale(target_earning_index,0.12,0.45)+0.15*scale(opportunity_concentration_score,0.18,0.56)","0.50*scale(12.00-feature_finish,0.00,12.00)+0.25*scale(11.00-feature_games_played,0.00,11.00)+0.25*scale(0.14-feature_target_share,0.00,0.14)"
00-0035544,T.Kennedy,2022,2023,WR,0.0000,21.7843,0.0000,0.0000,20.0000,0.0000,38.6364,4.5495,wr_signal_score_role_balanced_v1,"0.50*scale(feature_targets_per_game,4.00,10.00)+0.50*scale(feature_target_share,0.12,0.30)","0.55*scale(feature_ppg_per_target,0.80,2.50)+0.45*scale(feature_ppg,6.00,18.00)","0.40*scale(48.00-feature_finish,0.00,36.00)+0.60*scale(expected_ppg_baseline-feature_ppg,0.00,4.00)","0.65*scale(feature_games_played,8.00,17.00)+0.35*scale(feature_total_ppr,80.00,260.00)","0.50*scale(feature_ppg_minus_cohort_expected,0.00,6.00)+0.30*scale(expected_finish_from_cohort-feature_finish,0.00,36.00)+0.20*scale(cohort_player_count,1.00,18.00)","0.20*scale(route_participation_season_avg,0.50,0.95)+0.20*scale(target_share_season_avg,0.10,0.32)+0.15*scale(air_yard_share_season_avg,0.08,0.38)+0.15*scale(routes_consistency_index,0.60,0.95)+0.15*scale(target_earning_index,0.12,0.45)+0.15*scale(opportunity_concentration_score,0.18,0.56)","0.50*scale(12.00-feature_finish,0.00,12.00)+0.25*scale(11.00-feature_games_played,0.00,11.00)+0.25*scale(0.14-feature_target_share,0.00,0.14)"
00-0036497,T.Jones,2022,2023,WR,0.0000,22.6471,0.0000,0.0000,20.0000,0.0000,40.9091,4.5425,wr_signal_score_role_balanced_v1,"0.50*scale(feature_targets_per_game,4.00,10.00)+0.50*scale(feature_target_share,0.12,0.30)","0.55*scale(feature_ppg_per_target,0.80,2.50)+0.45*scale(feature_ppg,6.00,18.00)","0.40*scale(48.00-feature_finish,0.00,36.00)+0.60*scale(expected_ppg_baseline-feature_ppg,0.00,4.00)","0.65*scale(feature_games_played,8.00,17.00)+0.35*scale(feature_total_ppr,80.00,260.00)","0.50*scale(feature_ppg_minus_cohort_expected,0.00,6.00)+0.30*scale(expected_finish_from_cohort-feature_finish,0.00,36.00)+0.20*scale(cohort_player_count,1.00,18.00)","0.20*scale(route_participation_season_avg,0.50,0.95)+0.20*scale(target_share_season_avg,0.10,0.32)+0.15*scale(air_yard_share_season_avg,0.08,0.38)+0.15*scale(routes_consistency_index,0.60,0.95)+0.15*scale(target_earning_index,0.12,0.45)+0.15*scale(opportunity_concentration_score,0.18,0.56)","0.50*scale(12.00-feature_finish,0.00,12.00)+0.25*scale(11.00-feature_games_played,0.00,11.00)+0.25*scale(0.14-feature_target_share,0.00,0.14)"
00-0032688,R.Chosen,2022,2023,WR,0.0000,12.4996,0.0000,28.8889,0.0000,0.0000,25.0000,4.1305,wr_signal_score_role_balanced_v1,"0.50*scale(feature_targets_per_game,4.00,10.00)+0.50*scale(feature_target_share,0.12,0.30)","0.55*scale(feature_ppg_per_target,0.80,2.50)+0.45*scale(feature_ppg,6.00,18.00)","0.40*scale(48.00-feature_finish,0.00,36.00)+0.60*scale(expected_ppg_baseline-feature_ppg,0.00,4.00)","0.65*scale(feature_games_played,8.00,17.00)+0.35*scale(feature_total_ppr,80.00,260.00)","0.50*scale(feature_ppg_minus_cohort_expected,0.00,6.00)+0.30*scale(expected_finish_from_cohort-feature_finish,0.00,36.00)+0.20*scale(cohort_player_count,1.00,18.00)","0.20*scale(route_participation_season_avg,0.50,0.95)+0.20*scale(target_share_season_avg,0.10,0.32)+0.15*scale(air_yard_share_season_avg,0.08,0.38)+0.15*scale(routes_consistency_index,0.60,0.95)+0.15*scale(target_earning_index,0.12,0.45)+0.15*scale(opportunity_concentration_score,0.18,0.56)","0.50*scale(12.00-feature_finish,0.00,12.00)+0.25*scale(11.00-feature_games_played,0.00,11.00)+0.25*scale(0.14-feature_target_share,0.00,0.14)"
00-0035359,D.Sills,2022,2023,WR,0.0000,15.2244,0.0000,0.0000,20.0000,0.0000,34.0909,3.8382,wr_signal_score_role_balanced_v1,"0.50*scale(feature_targets_per_game,4.00,10.00)+0.50*scale(feature_target_share,0.12,0.30)","0.55*scale(feature_ppg_per_target,0.80,2.50)+0.45*scale(feature_ppg,6.00,18.00)","0.40*scale(48.00-feature_finish,0.00,36.00)+0.60*scale(expected_ppg_baseline-feature_ppg,0.00,4.00)","0.65*scale(feature_games_played,8.00,17.00)+0.35*scale(feature_total_ppr,80.00,260.00)","0.50*scale(feature_ppg_minus_cohort_expected,0.00,6.00)+0.30*scale(expected_finish_from_cohort-feature_finish,0.00,36.00)+0.20*scale(cohort_player_count,1.00,18.00)","0.20*scale(route_participation_season_avg,0.50,0.95)+0.20*scale(target_share_season_avg,0.10,0.32)+0.15*scale(air_yard_share_season_avg,0.08,0.38)+0.15*scale(routes_consistency_index,0.60,0.95)+0.15*scale(target_earning_index,0.12,0.45)+0.15*scale(opportunity_concentration_score,0.18,0.56)","0.50*scale(12.00-feature_finish,0.00,12.00)+0.25*scale(11.00-feature_games_played,0.00,11.00)+0.25*scale(0.14-feature_target_share,0.00,0.14)"
00-0031382,J.Landry,2022,2023,WR,2.7775,26.6411,0.0000,7.2222,0.0000,0.0000,29.5454,3.8289,wr_signal_score_role_balanced_v1,"0.50*scale(feature_targets_per_game,4.00,10.00)+0.50*scale(feature_target_share,0.12,0.30)","0.55*scale(feature_ppg_per_target,0.80,2.50)+0.45*scale(feature_ppg,6.00,18.00)","0.40*scale(48.00-feature_finish,0.00,36.00)+0.60*scale(expected_ppg_baseline-feature_ppg,0.00,4.00)","0.65*scale(feature_games_played,8.00,17.00)+0.35*scale(feature_total_ppr,80.00,260.00)","0.50*scale(feature_ppg_minus_cohort_expected,0.00,6.00)+0.30*scale(expected_finish_from_cohort-feature_finish,0.00,36.00)+0.20*scale(cohort_player_count,1.00,18.00)","0.20*scale(route_participation_season_avg,0.50,0.95)+0.20*scale(target_share_season_avg,0.10,0.32)+0.15*scale(air_yard_share_season_avg,0.08,0.38)+0.15*scale(routes_consistency_index,0.60,0.95)+0.15*scale(target_earning_index,0.12,0.45)+0.15*scale(opportunity_concentration_score,0.18,0.56)","0.50*scale(12.00-feature_finish,0.00,12.00)+0.25*scale(11.00-feature_games_played,0.00,11.00)+0.25*scale(0.14-feature_target_share,0.00,0.14)"
00-0031325,S.Watkins,2022,2023,WR,0.0000,29.8366,0.0000,7.2222,0.0000,0.0000,29.5454,3.6417,wr_signal_score_role_balanced_v1,"0.50*scale(feature_targets_per_game,4.00,10.00)+0.50*scale(feature_target_share,0.12,0.30)","0.55*scale(feature_ppg_per_target,0.80,2.50)+0.45*scale(feature_ppg,6.00,18.00)","0.40*scale(48.00-feature_finish,0.00,36.00)+0.60*scale(expected_ppg_baseline-feature_ppg,0.00,4.00)","0.65*scale(feature_games_played,8.00,17.00)+0.35*scale(feature_total_ppr,80.00,260.00)","0.50*scale(feature_ppg_minus_cohort_expected,0.00,6.00)+0.30*scale(expected_finish_from_cohort-feature_finish,0.00,36.00)+0.20*scale(cohort_player_count,1.00,18.00)","0.20*scale(route_participation_season_avg,0.50,0.95)+0.20*scale(target_share_season_avg,0.10,0.32)+0.15*scale(air_yard_share_season_avg,0.08,0.38)+0.15*scale(routes_consistency_index,0.60,0.95)+0.15*scale(target_earning_index,0.12,0.45)+0.15*scale(opportunity_concentration_score,0.18,0.56)","0.50*scale(12.00-feature_finish,0.00,12.00)+0.25*scale(11.00-feature_games_played,0.00,11.00)+0.25*scale(0.14-feature_target_share,0.00,0.14)"
00-0035414,J.Guyton,2022,2023,WR,0.0000,42.0588,0.0000,0.0000,0.0000,0.0000,45.4545,3.5816,wr_signal_score_role_balanced_v1,"0.50*scale(feature_targets_per_game,4.00,10.00)+0.50*scale(feature_target_share,0.12,0.30)","0.55*scale(feature_ppg_per_target,0.80,2.50)+0.45*scale(feature_ppg,6.00,18.00)","0.40*scale(48.00-feature_finish,0.00,36.00)+0.60*scale(expected_ppg_baseline-feature_ppg,0.00,4.00)","0.65*scale(feature_games_played,8.00,17.00)+0.35*scale(feature_total_ppr,80.00,260.00)","0.50*scale(feature_ppg_minus_cohort_expected,0.00,6.00)+0.30*scale(expected_finish_from_cohort-feature_finish,0.00,36.00)+0.20*scale(cohort_player_count,1.00,18.00)","0.20*scale(route_participation_season_avg,0.50,0.95)+0.20*scale(target_share_season_avg,0.10,0.32)+0.15*scale(air_yard_share_season_avg,0.08,0.38)+0.15*scale(routes_consistency_index,0.60,0.95)+0.15*scale(target_earning_index,0.12,0.45)+0.15*scale(opportunity_concentration_score,0.18,0.56)","0.50*scale(12.00-feature_finish,0.00,12.00)+0.25*scale(11.00-feature_games_played,0.00,11.00)+0.25*scale(0.14-feature_target_share,0.00,0.14)"
00-0036646,S.Fehoko,2022,2023,WR,0.0000,17.7941,0.0000,0.0000,20.0000,0.0000,45.4545,3.5418,wr_signal_score_role_balanced_v1,"0.50*scale(feature_targets_per_game,4.00,10.00)+0.50*scale(feature_target_share,0.12,0.30)","0.55*scale(feature_ppg_per_target,0.80,2.50)+0.45*scale(feature_ppg,6.00,18.00)","0.40*scale(48.00-feature_finish,0.00,36.00)+0.60*scale(expected_ppg_baseline-feature_ppg,0.00,4.00)","0.65*scale(feature_games_played,8.00,17.00)+0.35*scale(feature_total_ppr,80.00,260.00)","0.50*scale(feature_ppg_minus_cohort_expected,0.00,6.00)+0.30*scale(expected_finish_from_cohort-feature_finish,0.00,36.00)+0.20*scale(cohort_player_count,1.00,18.00)","0.20*scale(route_participation_season_avg,0.50,0.95)+0.20*scale(target_share_season_avg,0.10,0.32)+0.15*scale(air_yard_share_season_avg,0.08,0.38)+0.15*scale(routes_consistency_index,0.60,0.95)+0.15*scale(target_earning_index,0.12,0.45)+0.15*scale(opportunity_concentration_score,0.18,0.56)","0.50*scale(12.00-feature_finish,0.00,12.00)+0.25*scale(11.00-feature_games_played,0.00,11.00)+0.25*scale(0.14-feature_target_share,0.00,0.14)"
00-0035510,J.Smith,2022,2023,WR,0.0000,37.0600,0.0000,0.0000,0.0000,0.0000,34.0909,3.5135,wr_signal_score_role_balanced_v1,"0.50*scale(feature_targets_per_game,4.00,10.00)+0.50*scale(feature_target_share,0.12,0.30)","0.55*scale(feature_ppg_per_target,0.80,2.50)+0.45*scale(feature_ppg,6.00,18.00)","0.40*scale(48.00-feature_finish,0.00,36.00)+0.60*scale(expected_ppg_baseline-feature_ppg,0.00,4.00)","0.65*scale(feature_games_played,8.00,17.00)+0.35*scale(feature_total_ppr,80.00,260.00)","0.50*scale(feature_ppg_minus_cohort_expected,0.00,6.00)+0.30*scale(expected_finish_from_cohort-feature_finish,0.00,36.00)+0.20*scale(cohort_player_count,1.00,18.00)","0.20*scale(route_participation_season_avg,0.50,0.95)+0.20*scale(target_share_season_avg,0.10,0.32)+0.15*scale(air_yard_share_season_avg,0.08,0.38)+0.15*scale(routes_consistency_index,0.60,0.95)+0.15*scale(target_earning_index,0.12,0.45)+0.15*scale(opportunity_concentration_score,0.18,0.56)","0.50*scale(12.00-feature_finish,0.00,12.00)+0.25*scale(11.00-feature_games_played,0.00,11.00)+0.25*scale(0.14-feature_target_share,0.00,0.14)"
00-0035021,A.Dulin,2022,2023,WR,0.0000,36.8845,0.0000,0.0000,0.0000,0.0000,34.0909,3.4872,wr_signal_score_role_balanced_v1,"0.50*scale(feature_targets_per_game,4.00,10.00)+0.50*scale(feature_target_share,0.12,0.30)","0.55*scale(feature_ppg_per_target,0.80,2.50)+0.45*scale(feature_ppg,6.00,18.00)","0.40*scale(48.00-feature_finish,0.00,36.00)+0.60*scale(expected_ppg_baseline-feature_ppg,0.00,4.00)","0.65*scale(feature_games_played,8.00,17.00)+0.35*scale(feature_total_ppr,80.00,260.00)","0.50*scale(feature_ppg_minus_cohort_expected,0.00,6.00)+0.30*scale(expected_finish_from_cohort-feature_finish,0.00,36.00)+0.20*scale(cohort_player_count,1.00,18.00)","0.20*scale(route_participation_season_avg,0.50,0.95)+0.20*scale(target_share_season_avg,0.10,0.32)+0.15*scale(air_yard_share_season_avg,0.08,0.38)+0.15*scale(routes_consistency_index,0.60,0.95)+0.15*scale(target_earning_index,0.12,0.45)+0.15*scale(opportunity_concentration_score,0.18,0.56)","0.50*scale(12.00-feature_finish,0.00,12.00)+0.25*scale(11.00-feature_games_played,0.00,11.00)+0.25*scale(0.14-feature_target_share,0.00,0.14)"
00-0033111,P.Cooper,2022,2023,WR,0.0000,40.4412,0.0000,0.0000,0.0000,0.0000,45.4545,3.3389,wr_signal_score_role_balanced_v1,"0.50*scale(feature_targets_per_game,4.00,10.00)+0.50*scale(feature_target_share,0.12,0.30)","0.55*scale(feature_ppg_per_target,0.80,2.50)+0.45*scale(feature_ppg,6.00,18.00)","0.40*scale(48.00-feature_finish,0.00,36.00)+0.60*scale(expected_ppg_baseline-feature_ppg,0.00,4.00)","0.65*scale(feature_games_played,8.00,17.00)+0.35*scale(feature_total_ppr,80.00,260.00)","0.50*scale(feature_ppg_minus_cohort_expected,0.00,6.00)+0.30*scale(expected_finish_from_cohort-feature_finish,0.00,36.00)+0.20*scale(cohort_player_count,1.00,18.00)","0.20*scale(route_participation_season_avg,0.50,0.95)+0.20*scale(target_share_season_avg,0.10,0.32)+0.15*scale(air_yard_share_season_avg,0.08,0.38)+0.15*scale(routes_consistency_index,0.60,0.95)+0.15*scale(target_earning_index,0.12,0.45)+0.15*scale(opportunity_concentration_score,0.18,0.56)","0.50*scale(12.00-feature_finish,0.00,12.00)+0.25*scale(11.00-feature_games_played,0.00,11.00)+0.25*scale(0.14-feature_target_share,0.00,0.14)"
00-0036176,M.Kinsey,2022,2023,WR,0.0000,16.1765,0.0000,0.0000,20.0000,0.0000,47.7273,3.1628,wr_signal_score_role_balanced_v1,"0.50*scale(feature_targets_per_game,4.00,10.00)+0.50*scale(feature_target_share,0.12,0.30)","0.55*scale(feature_ppg_per_target,0.80,2.50)+0.45*scale(feature_ppg,6.00,18.00)","0.40*scale(48.00-feature_finish,0.00,36.00)+0.60*scale(expected_ppg_baseline-feature_ppg,0.00,4.00)","0.65*scale(feature_games_played,8.00,17.00)+0.35*scale(feature_total_ppr,80.00,260.00)","0.50*scale(feature_ppg_minus_cohort_expected,0.00,6.00)+0.30*scale(expected_finish_from_cohort-feature_finish,0.00,36.00)+0.20*scale(cohort_player_count,1.00,18.00)","0.20*scale(route_participation_season_avg,0.50,0.95)+0.20*scale(target_share_season_avg,0.10,0.32)+0.15*scale(air_yard_share_season_avg,0.08,0.38)+0.15*scale(routes_consistency_index,0.60,0.95)+0.15*scale(target_earning_index,0.12,0.45)+0.15*scale(opportunity_concentration_score,0.18,0.56)","0.50*scale(12.00-feature_finish,0.00,12.00)+0.25*scale(11.00-feature_games_played,0.00,11.00)+0.25*scale(0.14-feature_target_share,0.00,0.14)"
00-0038092,E.Ezukanma,2022,2023,WR,0.0000,16.1765,0.0000,0.0000,20.0000,0.0000,47.7273,3.1628,wr_signal_score_role_balanced_v1,"0.50*scale(feature_targets_per_game,4.00,10.00)+0.50*scale(feature_target_share,0.12,0.30)","0.55*scale(feature_ppg_per_target,0.80,2.50)+0.45*scale(feature_ppg,6.00,18.00)","0.40*scale(48.00-feature_finish,0.00,36.00)+0.60*scale(expected_ppg_baseline-feature_ppg,0.00,4.00)","0.65*scale(feature_games_played,8.00,17.00)+0.35*scale(feature_total_ppr,80.00,260.00)","0.50*scale(feature_ppg_minus_cohort_expected,0.00,6.00)+0.30*scale(expected_finish_from_cohort-feature_finish,0.00,36.00)+0.20*scale(cohort_player_count,1.00,18.00)","0.20*scale(route_participation_season_avg,0.50,0.95)+0.20*scale(target_share_season_avg,0.10,0.32)+0.15*scale(air_yard_share_season_avg,0.08,0.38)+0.15*scale(routes_consistency_index,0.60,0.95)+0.15*scale(target_earning_index,0.12,0.45)+0.15*scale(opportunity_concentration_score,0.18,0.56)","0.50*scale(12.00-feature_finish,0.00,12.00)+0.25*scale(11.00-feature_games_played,0.00,11.00)+0.25*scale(0.14-feature_target_share,0.00,0.14)"
00-0037273,K.Philips,2022,2023,WR,0.0000,13.4389,0.0000,0.0000,20.0000,0.0000,40.9091,3.1613,wr_signal_score_role_balanced_v1,"0.50*scale(feature_targets_per_game,4.00,10.00)+0.50*scale(feature_target_share,0.12,0.30)","0.55*scale(feature_ppg_per_target,0.80,2.50)+0.45*scale(feature_ppg,6.00,18.00)","0.40*scale(48.00-feature_finish,0.00,36.00)+0.60*scale(expected_ppg_baseline-feature_ppg,0.00,4.00)","0.65*scale(feature_games_played,8.00,17.00)+0.35*scale(feature_total_ppr,80.00,260.00)","0.50*scale(feature_ppg_minus_cohort_expected,0.00,6.00)+0.30*scale(expected_finish_from_cohort-feature_finish,0.00,36.00)+0.20*scale(cohort_player_count,1.00,18.00)","0.20*scale(route_participation_season_avg,0.50,0.95)+0.20*scale(target_share_season_avg,0.10,0.32)+0.15*scale(air_yard_share_season_avg,0.08,0.38)+0.15*scale(routes_consistency_index,0.60,0.95)+0.15*scale(target_earning_index,0.12,0.45)+0.15*scale(opportunity_concentration_score,0.18,0.56)","0.50*scale(12.00-feature_finish,0.00,12.00)+0.25*scale(11.00-feature_games_played,0.00,11.00)+0.25*scale(0.14-feature_target_share,0.00,0.14)"
00-0029608,T.Hilton,2022,2023,WR,0.0000,37.2875,0.0000,0.0000,0.0000,0.0000,43.1818,3.0022,wr_signal_score_role_balanced_v1,"0.50*scale(feature_targets_per_game,4.00,10.00)+0.50*scale(feature_target_share,0.12,0.30)","0.55*scale(feature_ppg_per_target,0.80,2.50)+0.45*scale(feature_ppg,6.00,18.00)","0.40*scale(48.00-feature_finish,0.00,36.00)+0.60*scale(expected_ppg_baseline-feature_ppg,0.00,4.00)","0.65*scale(feature_games_played,8.00,17.00)+0.35*scale(feature_total_ppr,80.00,260.00)","0.50*scale(feature_ppg_minus_cohort_expected,0.00,6.00)+0.30*scale(expected_finish_from_cohort-feature_finish,0.00,36.00)+0.20*scale(cohort_player_count,1.00,18.00)","0.20*scale(route_participation_season_avg,0.50,0.95)+0.20*scale(target_share_season_avg,0.10,0.32)+0.15*scale(air_yard_share_season_avg,0.08,0.38)+0.15*scale(routes_consistency_index,0.60,0.95)+0.15*scale(target_earning_index,0.12,0.45)+0.15*scale(opportunity_concentration_score,0.18,0.56)","0.50*scale(12.00-feature_finish,0.00,12.00)+0.25*scale(11.00-feature_games_played,0.00,11.00)+0.25*scale(0.14-feature_target_share,0.00,0.14)"
00-0035876,A.Baccellia,2022,2023,WR,0.0000,11.3235,0.0000,0.0000,20.0000,0.0000,38.6364,2.9803,wr_signal_score_role_balanced_v1,"0.50*scale(feature_targets_per_game,4.00,10.00)+0.50*scale(feature_target_share,0.12,0.30)","0.55*scale(feature_ppg_per_target,0.80,2.50)+0.45*scale(feature_ppg,6.00,18.00)","0.40*scale(48.00-feature_finish,0.00,36.00)+0.60*scale(expected_ppg_baseline-feature_ppg,0.00,4.00)","0.65*scale(feature_games_played,8.00,17.00)+0.35*scale(feature_total_ppr,80.00,260.00)","0.50*scale(feature_ppg_minus_cohort_expected,0.00,6.00)+0.30*scale(expected_finish_from_cohort-feature_finish,0.00,36.00)+0.20*scale(cohort_player_count,1.00,18.00)","0.20*scale(route_participation_season_avg,0.50,0.95)+0.20*scale(target_share_season_avg,0.10,0.32)+0.15*scale(air_yard_share_season_avg,0.08,0.38)+0.15*scale(routes_consistency_index,0.60,0.95)+0.15*scale(target_earning_index,0.12,0.45)+0.15*scale(opportunity_concentration_score,0.18,0.56)","0.50*scale(12.00-feature_finish,0.00,12.00)+0.25*scale(11.00-feature_games_played,0.00,11.00)+0.25*scale(0.14-feature_target_share,0.00,0.14)"
00-0036620,D.Eskridge,2022,2023,WR,0.0000,8.4615,0.0000,0.0000,20.0000,0.0000,31.8182,2.9601,wr_signal_score_role_balanced_v1,"0.50*scale(feature_targets_per_game,4.00,10.00)+0.50*scale(feature_target_share,0.12,0.30)","0.55*scale(feature_ppg_per_target,0.80,2.50)+0.45*scale(feature_ppg,6.00,18.00)","0.40*scale(48.00-feature_finish,0.00,36.00)+0.60*scale(expected_ppg_baseline-feature_ppg,0.00,4.00)","0.65*scale(feature_games_played,8.00,17.00)+0.35*scale(feature_total_ppr,80.00,260.00)","0.50*scale(feature_ppg_minus_cohort_expected,0.00,6.00)+0.30*scale(expected_finish_from_cohort-feature_finish,0.00,36.00)+0.20*scale(cohort_player_count,1.00,18.00)","0.20*scale(route_participation_season_avg,0.50,0.95)+0.20*scale(target_share_season_avg,0.10,0.32)+0.15*scale(air_yard_share_season_avg,0.08,0.38)+0.15*scale(routes_consistency_index,0.60,0.95)+0.15*scale(target_earning_index,0.12,0.45)+0.15*scale(opportunity_concentration_score,0.18,0.56)","0.50*scale(12.00-feature_finish,0.00,12.00)+0.25*scale(11.00-feature_games_played,0.00,11.00)+0.25*scale(0.14-feature_target_share,0.00,0.14)"
00-0034104,C.Sims,2022,2023,WR,0.0000,4.4934,0.0000,28.8889,0.0000,0.0000,25.0000,2.9296,wr_signal_score_role_balanced_v1,"0.50*scale(feature_targets_per_game,4.00,10.00)+0.50*scale(feature_target_share,0.12,0.30)","0.55*scale(feature_ppg_per_target,0.80,2.50)+0.45*scale(feature_ppg,6.00,18.00)","0.40*scale(48.00-feature_finish,0.00,36.00)+0.60*scale(expected_ppg_baseline-feature_ppg,0.00,4.00)","0.65*scale(feature_games_played,8.00,17.00)+0.35*scale(feature_total_ppr,80.00,260.00)","0.50*scale(feature_ppg_minus_cohort_expected,0.00,6.00)+0.30*scale(expected_finish_from_cohort-feature_finish,0.00,36.00)+0.20*scale(cohort_player_count,1.00,18.00)","0.20*scale(route_participation_season_avg,0.50,0.95)+0.20*scale(target_share_season_avg,0.10,0.32)+0.15*scale(air_yard_share_season_avg,0.08,0.38)+0.15*scale(routes_consistency_index,0.60,0.95)+0.15*scale(target_earning_index,0.12,0.45)+0.15*scale(opportunity_concentration_score,0.18,0.56)","0.50*scale(12.00-feature_finish,0.00,12.00)+0.25*scale(11.00-feature_games_played,0.00,11.00)+0.25*scale(0.14-feature_target_share,0.00,0.14)"
00-0036412,K.Hamler,2022,2023,WR,0.0000,33.7404,0.0000,0.0000,0.0000,0.0000,36.3636,2.8792,wr_signal_score_role_balanced_v1,"0.50*scale(feature_targets_per_game,4.00,10.00)+0.50*scale(feature_target_share,0.12,0.30)","0.55*scale(feature_ppg_per_target,0.80,2.50)+0.45*scale(feature_ppg,6.00,18.00)","0.40*scale(48.00-feature_finish,0.00,36.00)+0.60*scale(expected_ppg_baseline-feature_ppg,0.00,4.00)","0.65*scale(feature_games_played,8.00,17.00)+0.35*scale(feature_total_ppr,80.00,260.00)","0.50*scale(feature_ppg_minus_cohort_expected,0.00,6.00)+0.30*scale(expected_finish_from_cohort-feature_finish,0.00,36.00)+0.20*scale(cohort_player_count,1.00,18.00)","0.20*scale(route_participation_season_avg,0.50,0.95)+0.20*scale(target_share_season_avg,0.10,0.32)+0.15*scale(air_yard_share_season_avg,0.08,0.38)+0.15*scale(routes_consistency_index,0.60,0.95)+0.15*scale(target_earning_index,0.12,0.45)+0.15*scale(opportunity_concentration_score,0.18,0.56)","0.50*scale(12.00-feature_finish,0.00,12.00)+0.25*scale(11.00-feature_games_played,0.00,11.00)+0.25*scale(0.14-feature_target_share,0.00,0.14)"
00-0037382,B.Johnson,2022,2023,WR,0.0000,11.5546,0.0000,0.0000,20.0000,0.0000,40.9091,2.8786,wr_signal_score_role_balanced_v1,"0.50*scale(feature_targets_per_game,4.00,10.00)+0.50*scale(feature_target_share,0.12,0.30)","0.55*scale(feature_ppg_per_target,0.80,2.50)+0.45*scale(feature_ppg,6.00,18.00)","0.40*scale(48.00-feature_finish,0.00,36.00)+0.60*scale(expected_ppg_baseline-feature_ppg,0.00,4.00)","0.65*scale(feature_games_played,8.00,17.00)+0.35*scale(feature_total_ppr,80.00,260.00)","0.50*scale(feature_ppg_minus_cohort_expected,0.00,6.00)+0.30*scale(expected_finish_from_cohort-feature_finish,0.00,36.00)+0.20*scale(cohort_player_count,1.00,18.00)","0.20*scale(route_participation_season_avg,0.50,0.95)+0.20*scale(target_share_season_avg,0.10,0.32)+0.15*scale(air_yard_share_season_avg,0.08,0.38)+0.15*scale(routes_consistency_index,0.60,0.95)+0.15*scale(target_earning_index,0.12,0.45)+0.15*scale(opportunity_concentration_score,0.18,0.56)","0.50*scale(12.00-feature_finish,0.00,12.00)+0.25*scale(11.00-feature_games_played,0.00,11.00)+0.25*scale(0.14-feature_target_share,0.00,0.14)"
00-0037272,M.Washington,2022,2023,WR,0.0000,0.0000,0.0000,7.2222,20.0000,0.0000,29.5454,2.7662,wr_signal_score_role_balanced_v1,"0.50*scale(feature_targets_per_game,4.00,10.00)+0.50*scale(feature_target_share,0.12,0.30)","0.55*scale(feature_ppg_per_target,0.80,2.50)+0.45*scale(feature_ppg,6.00,18.00)","0.40*scale(48.00-feature_finish,0.00,36.00)+0.60*scale(expected_ppg_baseline-feature_ppg,0.00,4.00)","0.65*scale(feature_games_played,8.00,17.00)+0.35*scale(feature_total_ppr,80.00,260.00)","0.50*scale(feature_ppg_minus_cohort_expected,0.00,6.00)+0.30*scale(expected_finish_from_cohort-feature_finish,0.00,36.00)+0.20*scale(cohort_player_count,1.00,18.00)","0.20*scale(route_participation_season_avg,0.50,0.95)+0.20*scale(target_share_season_avg,0.10,0.32)+0.15*scale(air_yard_share_season_avg,0.08,0.38)+0.15*scale(routes_consistency_index,0.60,0.95)+0.15*scale(target_earning_index,0.12,0.45)+0.15*scale(opportunity_concentration_score,0.18,0.56)","0.50*scale(12.00-feature_finish,0.00,12.00)+0.25*scale(11.00-feature_games_played,0.00,11.00)+0.25*scale(0.14-feature_target_share,0.00,0.14)"
00-0036247,F.Swain,2022,2023,WR,0.0000,35.5882,0.0000,0.0000,0.0000,0.0000,43.1818,2.7473,wr_signal_score_role_balanced_v1,"0.50*scale(feature_targets_per_game,4.00,10.00)+0.50*scale(feature_target_share,0.12,0.30)","0.55*scale(feature_ppg_per_target,0.80,2.50)+0.45*scale(feature_ppg,6.00,18.00)","0.40*scale(48.00-feature_finish,0.00,36.00)+0.60*scale(expected_ppg_baseline-feature_ppg,0.00,4.00)","0.65*scale(feature_games_played,8.00,17.00)+0.35*scale(feature_total_ppr,80.00,260.00)","0.50*scale(feature_ppg_minus_cohort_expected,0.00,6.00)+0.30*scale(expected_finish_from_cohort-feature_finish,0.00,36.00)+0.20*scale(cohort_player_count,1.00,18.00)","0.20*scale(route_participation_season_avg,0.50,0.95)+0.20*scale(target_share_season_avg,0.10,0.32)+0.15*scale(air_yard_share_season_avg,0.08,0.38)+0.15*scale(routes_consistency_index,0.60,0.95)+0.15*scale(target_earning_index,0.12,0.45)+0.15*scale(opportunity_concentration_score,0.18,0.56)","0.50*scale(12.00-feature_finish,0.00,12.00)+0.25*scale(11.00-feature_games_played,0.00,11.00)+0.25*scale(0.14-feature_target_share,0.00,0.14)"
00-0035891,C.White,2022,2023,WR,0.0000,12.9412,0.0000,0.0000,20.0000,0.0000,47.7273,2.6775,wr_signal_score_role_balanced_v1,"0.50*scale(feature_targets_per_game,4.00,10.00)+0.50*scale(feature_target_share,0.12,0.30)","0.55*scale(feature_ppg_per_target,0.80,2.50)+0.45*scale(feature_ppg,6.00,18.00)","0.40*scale(48.00-feature_finish,0.00,36.00)+0.60*scale(expected_ppg_baseline-feature_ppg,0.00,4.00)","0.65*scale(feature_games_played,8.00,17.00)+0.35*scale(feature_total_ppr,80.00,260.00)","0.50*scale(feature_ppg_minus_cohort_expected,0.00,6.00)+0.30*scale(expected_finish_from_cohort-feature_finish,0.00,36.00)+0.20*scale(cohort_player_count,1.00,18.00)","0.20*scale(route_participation_season_avg,0.50,0.95)+0.20*scale(target_share_season_avg,0.10,0.32)+0.15*scale(air_yard_share_season_avg,0.08,0.38)+0.15*scale(routes_consistency_index,0.60,0.95)+0.15*scale(target_earning_index,0.12,0.45)+0.15*scale(opportunity_concentration_score,0.18,0.56)","0.50*scale(12.00-feature_finish,0.00,12.00)+0.25*scale(11.00-feature_games_played,0.00,11.00)+0.25*scale(0.14-feature_target_share,0.00,0.14)"
00-0035298,S.Miller,2022,2023,WR,0.0000,8.3305,0.0000,21.6666,0.0000,0.0000,25.0000,2.5662,wr_signal_score_role_balanced_v1,"0.50*scale(feature_targets_per_game,4.00,10.00)+0.50*scale(feature_target_share,0.12,0.30)","0.55*scale(feature_ppg_per_target,0.80,2.50)+0.45*scale(feature_ppg,6.00,18.00)","0.40*scale(48.00-feature_finish,0.00,36.00)+0.60*scale(expected_ppg_baseline-feature_ppg,0.00,4.00)","0.65*scale(feature_games_played,8.00,17.00)+0.35*scale(feature_total_ppr,80.00,260.00)","0.50*scale(feature_ppg_minus_cohort_expected,0.00,6.00)+0.30*scale(expected_finish_from_cohort-feature_finish,0.00,36.00)+0.20*scale(cohort_player_count,1.00,18.00)","0.20*scale(route_participation_season_avg,0.50,0.95)+0.20*scale(target_share_season_avg,0.10,0.32)+0.15*scale(air_yard_share_season_avg,0.08,0.38)+0.15*scale(routes_consistency_index,0.60,0.95)+0.15*scale(target_earning_index,0.12,0.45)+0.15*scale(opportunity_concentration_score,0.18,0.56)","0.50*scale(12.00-feature_finish,0.00,12.00)+0.25*scale(11.00-feature_games_played,0.00,11.00)+0.25*scale(0.14-feature_target_share,0.00,0.14)"
00-0036630,T.Wallace,2022,2023,WR,0.0000,7.8571,0.0000,0.0000,20.0000,0.0000,38.6364,2.4604,wr_signal_score_role_balanced_v1,"0.50*scale(feature_targets_per_game,4.00,10.00)+0.50*scale(feature_target_share,0.12,0.30)","0.55*scale(feature_ppg_per_target,0.80,2.50)+0.45*scale(feature_ppg,6.00,18.00)","0.40*scale(48.00-feature_finish,0.00,36.00)+0.60*scale(expected_ppg_baseline-feature_ppg,0.00,4.00)","0.65*scale(feature_games_played,8.00,17.00)+0.35*scale(feature_total_ppr,80.00,260.00)","0.50*scale(feature_ppg_minus_cohort_expected,0.00,6.00)+0.30*scale(expected_finish_from_cohort-feature_finish,0.00,36.00)+0.20*scale(cohort_player_count,1.00,18.00)","0.20*scale(route_participation_season_avg,0.50,0.95)+0.20*scale(target_share_season_avg,0.10,0.32)+0.15*scale(air_yard_share_season_avg,0.08,0.38)+0.15*scale(routes_consistency_index,0.60,0.95)+0.15*scale(target_earning_index,0.12,0.45)+0.15*scale(opportunity_concentration_score,0.18,0.56)","0.50*scale(12.00-feature_finish,0.00,12.00)+0.25*scale(11.00-feature_games_played,0.00,11.00)+0.25*scale(0.14-feature_target_share,0.00,0.14)"
00-0034418,C.Wilson,2022,2023,WR,0.0000,21.5686,0.0000,7.2222,0.0000,0.0000,29.5454,2.4015,wr_signal_score_role_balanced_v1,"0.50*scale(feature_targets_per_game,4.00,10.00)+0.50*scale(feature_target_share,0.12,0.30)","0.55*scale(feature_ppg_per_target,0.80,2.50)+0.45*scale(feature_ppg,6.00,18.00)","0.40*scale(48.00-feature_finish,0.00,36.00)+0.60*scale(expected_ppg_baseline-feature_ppg,0.00,4.00)","0.65*scale(feature_games_played,8.00,17.00)+0.35*scale(feature_total_ppr,80.00,260.00)","0.50*scale(feature_ppg_minus_cohort_expected,0.00,6.00)+0.30*scale(expected_finish_from_cohort-feature_finish,0.00,36.00)+0.20*scale(cohort_player_count,1.00,18.00)","0.20*scale(route_participation_season_avg,0.50,0.95)+0.20*scale(target_share_season_avg,0.10,0.32)+0.15*scale(air_yard_share_season_avg,0.08,0.38)+0.15*scale(routes_consistency_index,0.60,0.95)+0.15*scale(target_earning_index,0.12,0.45)+0.15*scale(opportunity_concentration_score,0.18,0.56)","0.50*scale(12.00-feature_finish,0.00,12.00)+0.25*scale(11.00-feature_games_played,0.00,11.00)+0.25*scale(0.14-feature_target_share,0.00,0.14)"
00-0035621,N.Webster,2022,2023,WR,0.0000,10.7843,0.0000,0.0000,20.0000,0.0000,47.7273,2.3540,wr_signal_score_role_balanced_v1,"0.50*scale(feature_targets_per_game,4.00,10.00)+0.50*scale(feature_target_share,0.12,0.30)","0.55*scale(feature_ppg_per_target,0.80,2.50)+0.45*scale(feature_ppg,6.00,18.00)","0.40*scale(48.00-feature_finish,0.00,36.00)+0.60*scale(expected_ppg_baseline-feature_ppg,0.00,4.00)","0.65*scale(feature_games_played,8.00,17.00)+0.35*scale(feature_total_ppr,80.00,260.00)","0.50*scale(feature_ppg_minus_cohort_expected,0.00,6.00)+0.30*scale(expected_finish_from_cohort-feature_finish,0.00,36.00)+0.20*scale(cohort_player_count,1.00,18.00)","0.20*scale(route_participation_season_avg,0.50,0.95)+0.20*scale(target_share_season_avg,0.10,0.32)+0.15*scale(air_yard_share_season_avg,0.08,0.38)+0.15*scale(routes_consistency_index,0.60,0.95)+0.15*scale(target_earning_index,0.12,0.45)+0.15*scale(opportunity_concentration_score,0.18,0.56)","0.50*scale(12.00-feature_finish,0.00,12.00)+0.25*scale(11.00-feature_games_played,0.00,11.00)+0.25*scale(0.14-feature_target_share,0.00,0.14)"
00-0033681,K.Cole,2022,2023,WR,0.0000,20.4909,0.0000,7.2222,0.0000,0.0000,29.5454,2.2398,wr_signal_score_role_balanced_v1,"0.50*scale(feature_targets_per_game,4.00,10.00)+0.50*scale(feature_target_share,0.12,0.30)","0.55*scale(feature_ppg_per_target,0.80,2.50)+0.45*scale(feature_ppg,6.00,18.00)","0.40*scale(48.00-feature_finish,0.00,36.00)+0.60*scale(expected_ppg_baseline-feature_ppg,0.00,4.00)","0.65*scale(feature_games_played,8.00,17.00)+0.35*scale(feature_total_ppr,80.00,260.00)","0.50*scale(feature_ppg_minus_cohort_expected,0.00,6.00)+0.30*scale(expected_finish_from_cohort-feature_finish,0.00,36.00)+0.20*scale(cohort_player_count,1.00,18.00)","0.20*scale(route_participation_season_avg,0.50,0.95)+0.20*scale(target_share_season_avg,0.10,0.32)+0.15*scale(air_yard_share_season_avg,0.08,0.38)+0.15*scale(routes_consistency_index,0.60,0.95)+0.15*scale(target_earning_index,0.12,0.45)+0.15*scale(opportunity_concentration_score,0.18,0.56)","0.50*scale(12.00-feature_finish,0.00,12.00)+0.25*scale(11.00-feature_games_played,0.00,11.00)+0.25*scale(0.14-feature_target_share,0.00,0.14)"
00-0036482,M.Strachan,2022,2023,WR,0.0000,6.1111,0.0000,0.0000,20.0000,0.0000,38.6364,2.1985,wr_signal_score_role_balanced_v1,"0.50*scale(feature_targets_per_game,4.00,10.00)+0.50*scale(feature_target_share,0.12,0.30)","0.55*scale(feature_ppg_per_target,0.80,2.50)+0.45*scale(feature_ppg,6.00,18.00)","0.40*scale(48.00-feature_finish,0.00,36.00)+0.60*scale(expected_ppg_baseline-feature_ppg,0.00,4.00)","0.65*scale(feature_games_played,8.00,17.00)+0.35*scale(feature_total_ppr,80.00,260.00)","0.50*scale(feature_ppg_minus_cohort_expected,0.00,6.00)+0.30*scale(expected_finish_from_cohort-feature_finish,0.00,36.00)+0.20*scale(cohort_player_count,1.00,18.00)","0.20*scale(route_participation_season_avg,0.50,0.95)+0.20*scale(target_share_season_avg,0.10,0.32)+0.15*scale(air_yard_share_season_avg,0.08,0.38)+0.15*scale(routes_consistency_index,0.60,0.95)+0.15*scale(target_earning_index,0.12,0.45)+0.15*scale(opportunity_concentration_score,0.18,0.56)","0.50*scale(12.00-feature_finish,0.00,12.00)+0.25*scale(11.00-feature_games_played,0.00,11.00)+0.25*scale(0.14-feature_target_share,0.00,0.14)"
00-0037666,J.Tolbert,2022,2023,WR,0.0000,8.6275,0.0000,0.0000,20.0000,0.0000,45.4545,2.1669,wr_signal_score_role_balanced_v1,"0.50*scale(feature_targets_per_game,4.00,10.00)+0.50*scale(feature_target_share,0.12,0.30)","0.55*scale(feature_ppg_per_target,0.80,2.50)+0.45*scale(feature_ppg,6.00,18.00)","0.40*scale(48.00-feature_finish,0.00,36.00)+0.60*scale(expected_ppg_baseline-feature_ppg,0.00,4.00)","0.65*scale(feature_games_played,8.00,17.00)+0.35*scale(feature_total_ppr,80.00,260.00)","0.50*scale(feature_ppg_minus_cohort_expected,0.00,6.00)+0.30*scale(expected_finish_from_cohort-feature_finish,0.00,36.00)+0.20*scale(cohort_player_count,1.00,18.00)","0.20*scale(route_participation_season_avg,0.50,0.95)+0.20*scale(target_share_season_avg,0.10,0.32)+0.15*scale(air_yard_share_season_avg,0.08,0.38)+0.15*scale(routes_consistency_index,0.60,0.95)+0.15*scale(target_earning_index,0.12,0.45)+0.15*scale(opportunity_concentration_score,0.18,0.56)","0.50*scale(12.00-feature_finish,0.00,12.00)+0.25*scale(11.00-feature_games_played,0.00,11.00)+0.25*scale(0.14-feature_target_share,0.00,0.14)"
00-0036219,M.Callaway,2022,2023,WR,0.0000,12.3346,0.0000,14.4444,0.0000,0.0000,27.2727,2.0916,wr_signal_score_role_balanced_v1,"0.50*scale(feature_targets_per_game,4.00,10.00)+0.50*scale(feature_target_share,0.12,0.30)","0.55*scale(feature_ppg_per_target,0.80,2.50)+0.45*scale(feature_ppg,6.00,18.00)","0.40*scale(48.00-feature_finish,0.00,36.00)+0.60*scale(expected_ppg_baseline-feature_ppg,0.00,4.00)","0.65*scale(feature_games_played,8.00,17.00)+0.35*scale(feature_total_ppr,80.00,260.00)","0.50*scale(feature_ppg_minus_cohort_expected,0.00,6.00)+0.30*scale(expected_finish_from_cohort-feature_finish,0.00,36.00)+0.20*scale(cohort_player_count,1.00,18.00)","0.20*scale(route_participation_season_avg,0.50,0.95)+0.20*scale(target_share_season_avg,0.10,0.32)+0.15*scale(air_yard_share_season_avg,0.08,0.38)+0.15*scale(routes_consistency_index,0.60,0.95)+0.15*scale(target_earning_index,0.12,0.45)+0.15*scale(opportunity_concentration_score,0.18,0.56)","0.50*scale(12.00-feature_finish,0.00,12.00)+0.25*scale(11.00-feature_games_played,0.00,11.00)+0.25*scale(0.14-feature_target_share,0.00,0.14)"
00-0037055,L.McCutcheon,2022,2023,WR,0.0000,0.0000,7.5000,0.0000,20.0000,0.0000,45.4545,2.0727,wr_signal_score_role_balanced_v1,"0.50*scale(feature_targets_per_game,4.00,10.00)+0.50*scale(feature_target_share,0.12,0.30)","0.55*scale(feature_ppg_per_target,0.80,2.50)+0.45*scale(feature_ppg,6.00,18.00)","0.40*scale(48.00-feature_finish,0.00,36.00)+0.60*scale(expected_ppg_baseline-feature_ppg,0.00,4.00)","0.65*scale(feature_games_played,8.00,17.00)+0.35*scale(feature_total_ppr,80.00,260.00)","0.50*scale(feature_ppg_minus_cohort_expected,0.00,6.00)+0.30*scale(expected_finish_from_cohort-feature_finish,0.00,36.00)+0.20*scale(cohort_player_count,1.00,18.00)","0.20*scale(route_participation_season_avg,0.50,0.95)+0.20*scale(target_share_season_avg,0.10,0.32)+0.15*scale(air_yard_share_season_avg,0.08,0.38)+0.15*scale(routes_consistency_index,0.60,0.95)+0.15*scale(target_earning_index,0.12,0.45)+0.15*scale(opportunity_concentration_score,0.18,0.56)","0.50*scale(12.00-feature_finish,0.00,12.00)+0.25*scale(11.00-feature_games_played,0.00,11.00)+0.25*scale(0.14-feature_target_share,0.00,0.14)"
00-0036959,M.Bandy,2022,2023,WR,0.0000,3.2353,0.0000,0.0000,20.0000,0.0000,34.0909,2.0398,wr_signal_score_role_balanced_v1,"0.50*scale(feature_targets_per_game,4.00,10.00)+0.50*scale(feature_target_share,0.12,0.30)","0.55*scale(feature_ppg_per_target,0.80,2.50)+0.45*scale(feature_ppg,6.00,18.00)","0.40*scale(48.00-feature_finish,0.00,36.00)+0.60*scale(expected_ppg_baseline-feature_ppg,0.00,4.00)","0.65*scale(feature_games_played,8.00,17.00)+0.35*scale(feature_total_ppr,80.00,260.00)","0.50*scale(feature_ppg_minus_cohort_expected,0.00,6.00)+0.30*scale(expected_finish_from_cohort-feature_finish,0.00,36.00)+0.20*scale(cohort_player_count,1.00,18.00)","0.20*scale(route_participation_season_avg,0.50,0.95)+0.20*scale(target_share_season_avg,0.10,0.32)+0.15*scale(air_yard_share_season_avg,0.08,0.38)+0.15*scale(routes_consistency_index,0.60,0.95)+0.15*scale(target_earning_index,0.12,0.45)+0.15*scale(opportunity_concentration_score,0.18,0.56)","0.50*scale(12.00-feature_finish,0.00,12.00)+0.25*scale(11.00-feature_games_played,0.00,11.00)+0.25*scale(0.14-feature_target_share,0.00,0.14)"
00-0035457,T.Johnson,2022,2023,WR,0.0000,32.3529,0.0000,0.0000,0.0000,0.0000,47.7273,1.9893,wr_signal_score_role_balanced_v1,"0.50*scale(feature_targets_per_game,4.00,10.00)+0.50*scale(feature_target_share,0.12,0.30)","0.55*scale(feature_ppg_per_target,0.80,2.50)+0.45*scale(feature_ppg,6.00,18.00)","0.40*scale(48.00-feature_finish,0.00,36.00)+0.60*scale(expected_ppg_baseline-feature_ppg,0.00,4.00)","0.65*scale(feature_games_played,8.00,17.00)+0.35*scale(feature_total_ppr,80.00,260.00)","0.50*scale(feature_ppg_minus_cohort_expected,0.00,6.00)+0.30*scale(expected_finish_from_cohort-feature_finish,0.00,36.00)+0.20*scale(cohort_player_count,1.00,18.00)","0.20*scale(route_participation_season_avg,0.50,0.95)+0.20*scale(target_share_season_avg,0.10,0.32)+0.15*scale(air_yard_share_season_avg,0.08,0.38)+0.15*scale(routes_consistency_index,0.60,0.95)+0.15*scale(target_earning_index,0.12,0.45)+0.15*scale(opportunity_concentration_score,0.18,0.56)","0.50*scale(12.00-feature_finish,0.00,12.00)+0.25*scale(11.00-feature_games_played,0.00,11.00)+0.25*scale(0.14-feature_target_share,0.00,0.14)"
00-0036810,C.Johnson,2022,2023,WR,0.0000,7.2794,0.0000,0.0000,20.0000,0.0000,45.4545,1.9646,wr_signal_score_role_balanced_v1,"0.50*scale(feature_targets_per_game,4.00,10.00)+0.50*scale(feature_target_share,0.12,0.30)","0.55*scale(feature_ppg_per_target,0.80,2.50)+0.45*scale(feature_ppg,6.00,18.00)","0.40*scale(48.00-feature_finish,0.00,36.00)+0.60*scale(expected_ppg_baseline-feature_ppg,0.00,4.00)","0.65*scale(feature_games_played,8.00,17.00)+0.35*scale(feature_total_ppr,80.00,260.00)","0.50*scale(feature_ppg_minus_cohort_expected,0.00,6.00)+0.30*scale(expected_finish_from_cohort-feature_finish,0.00,36.00)+0.20*scale(cohort_player_count,1.00,18.00)","0.20*scale(route_participation_season_avg,0.50,0.95)+0.20*scale(target_share_season_avg,0.10,0.32)+0.15*scale(air_yard_share_season_avg,0.08,0.38)+0.15*scale(routes_consistency_index,0.60,0.95)+0.15*scale(target_earning_index,0.12,0.45)+0.15*scale(opportunity_concentration_score,0.18,0.56)","0.50*scale(12.00-feature_finish,0.00,12.00)+0.25*scale(11.00-feature_games_played,0.00,11.00)+0.25*scale(0.14-feature_target_share,0.00,0.14)"
00-0037300,M.Woods,2022,2023,WR,0.0000,3.2347,0.0000,0.0000,20.0000,0.0000,36.3636,1.9034,wr_signal_score_role_balanced_v1,"0.50*scale(feature_targets_per_game,4.00,10.00)+0.50*scale(feature_target_share,0.12,0.30)","0.55*scale(feature_ppg_per_target,0.80,2.50)+0.45*scale(feature_ppg,6.00,18.00)","0.40*scale(48.00-feature_finish,0.00,36.00)+0.60*scale(expected_ppg_baseline-feature_ppg,0.00,4.00)","0.65*scale(feature_games_played,8.00,17.00)+0.35*scale(feature_total_ppr,80.00,260.00)","0.50*scale(feature_ppg_minus_cohort_expected,0.00,6.00)+0.30*scale(expected_finish_from_cohort-feature_finish,0.00,36.00)+0.20*scale(cohort_player_count,1.00,18.00)","0.20*scale(route_participation_season_avg,0.50,0.95)+0.20*scale(target_share_season_avg,0.10,0.32)+0.15*scale(air_yard_share_season_avg,0.08,0.38)+0.15*scale(routes_consistency_index,0.60,0.95)+0.15*scale(target_earning_index,0.12,0.45)+0.15*scale(opportunity_concentration_score,0.18,0.56)","0.50*scale(12.00-feature_finish,0.00,12.00)+0.25*scale(11.00-feature_games_played,0.00,11.00)+0.25*scale(0.14-feature_target_share,0.00,0.14)"
00-0033386,C.Hollister,2022,2023,WR,0.0000,28.4706,0.0000,0.0000,0.0000,0.0000,40.9091,1.8160,wr_signal_score_role_balanced_v1,"0.50*scale(feature_targets_per_game,4.00,10.00)+0.50*scale(feature_target_share,0.12,0.30)","0.55*scale(feature_ppg_per_target,0.80,2.50)+0.45*scale(feature_ppg,6.00,18.00)","0.40*scale(48.00-feature_finish,0.00,36.00)+0.60*scale(expected_ppg_baseline-feature_ppg,0.00,4.00)","0.65*scale(feature_games_played,8.00,17.00)+0.35*scale(feature_total_ppr,80.00,260.00)","0.50*scale(feature_ppg_minus_cohort_expected,0.00,6.00)+0.30*scale(expected_finish_from_cohort-feature_finish,0.00,36.00)+0.20*scale(cohort_player_count,1.00,18.00)","0.20*scale(route_participation_season_avg,0.50,0.95)+0.20*scale(target_share_season_avg,0.10,0.32)+0.15*scale(air_yard_share_season_avg,0.08,0.38)+0.15*scale(routes_consistency_index,0.60,0.95)+0.15*scale(target_earning_index,0.12,0.45)+0.15*scale(opportunity_concentration_score,0.18,0.56)","0.50*scale(12.00-feature_finish,0.00,12.00)+0.25*scale(11.00-feature_games_played,0.00,11.00)+0.25*scale(0.14-feature_target_share,0.00,0.14)"
00-0037348,T.Conner,2022,2023,WR,0.0000,0.0000,4.5000,0.0000,20.0000,0.0000,45.4545,1.5927,wr_signal_score_role_balanced_v1,"0.50*scale(feature_targets_per_game,4.00,10.00)+0.50*scale(feature_target_share,0.12,0.30)","0.55*scale(feature_ppg_per_target,0.80,2.50)+0.45*scale(feature_ppg,6.00,18.00)","0.40*scale(48.00-feature_finish,0.00,36.00)+0.60*scale(expected_ppg_baseline-feature_ppg,0.00,4.00)","0.65*scale(feature_games_played,8.00,17.00)+0.35*scale(feature_total_ppr,80.00,260.00)","0.50*scale(feature_ppg_minus_cohort_expected,0.00,6.00)+0.30*scale(expected_finish_from_cohort-feature_finish,0.00,36.00)+0.20*scale(cohort_player_count,1.00,18.00)","0.20*scale(route_participation_season_avg,0.50,0.95)+0.20*scale(target_share_season_avg,0.10,0.32)+0.15*scale(air_yard_share_season_avg,0.08,0.38)+0.15*scale(routes_consistency_index,0.60,0.95)+0.15*scale(target_earning_index,0.12,0.45)+0.15*scale(opportunity_concentration_score,0.18,0.56)","0.50*scale(12.00-feature_finish,0.00,12.00)+0.25*scale(11.00-feature_games_played,0.00,11.00)+0.25*scale(0.14-feature_target_share,0.00,0.14)"
00-0036635,I.Smith-Marsette,2022,2023,WR,0.0000,0.0000,3.4005,0.0000,20.0000,0.0000,43.1818,1.5532,wr_signal_score_role_balanced_v1,"0.50*scale(feature_targets_per_game,4.00,10.00)+0.50*scale(feature_target_share,0.12,0.30)","0.55*scale(feature_ppg_per_target,0.80,2.50)+0.45*scale(feature_ppg,6.00,18.00)","0.40*scale(48.00-feature_finish,0.00,36.00)+0.60*scale(expected_ppg_baseline-feature_ppg,0.00,4.00)","0.65*scale(feature_games_played,8.00,17.00)+0.35*scale(feature_total_ppr,80.00,260.00)","0.50*scale(feature_ppg_minus_cohort_expected,0.00,6.00)+0.30*scale(expected_finish_from_cohort-feature_finish,0.00,36.00)+0.20*scale(cohort_player_count,1.00,18.00)","0.20*scale(route_participation_season_avg,0.50,0.95)+0.20*scale(target_share_season_avg,0.10,0.32)+0.15*scale(air_yard_share_season_avg,0.08,0.38)+0.15*scale(routes_consistency_index,0.60,0.95)+0.15*scale(target_earning_index,0.12,0.45)+0.15*scale(opportunity_concentration_score,0.18,0.56)","0.50*scale(12.00-feature_finish,0.00,12.00)+0.25*scale(11.00-feature_games_played,0.00,11.00)+0.25*scale(0.14-feature_target_share,0.00,0.14)"
00-0037828,D.Gray,2022,2023,WR,0.0000,0.0000,1.5900,0.0000,20.0000,0.0000,38.6364,1.5362,wr_signal_score_role_balanced_v1,"0.50*scale(feature_targets_per_game,4.00,10.00)+0.50*scale(feature_target_share,0.12,0.30)","0.55*scale(feature_ppg_per_target,0.80,2.50)+0.45*scale(feature_ppg,6.00,18.00)","0.40*scale(48.00-feature_finish,0.00,36.00)+0.60*scale(expected_ppg_baseline-feature_ppg,0.00,4.00)","0.65*scale(feature_games_played,8.00,17.00)+0.35*scale(feature_total_ppr,80.00,260.00)","0.50*scale(feature_ppg_minus_cohort_expected,0.00,6.00)+0.30*scale(expected_finish_from_cohort-feature_finish,0.00,36.00)+0.20*scale(cohort_player_count,1.00,18.00)","0.20*scale(route_participation_season_avg,0.50,0.95)+0.20*scale(target_share_season_avg,0.10,0.32)+0.15*scale(air_yard_share_season_avg,0.08,0.38)+0.15*scale(routes_consistency_index,0.60,0.95)+0.15*scale(target_earning_index,0.12,0.45)+0.15*scale(opportunity_concentration_score,0.18,0.56)","0.50*scale(12.00-feature_finish,0.00,12.00)+0.25*scale(11.00-feature_games_played,0.00,11.00)+0.25*scale(0.14-feature_target_share,0.00,0.14)"
00-0035215,D.Harty,2022,2023,WR,0.0000,27.5000,0.0000,0.0000,0.0000,0.0000,45.4545,1.3977,wr_signal_score_role_balanced_v1,"0.50*scale(feature_targets_per_game,4.00,10.00)+0.50*scale(feature_target_share,0.12,0.30)","0.55*scale(feature_ppg_per_target,0.80,2.50)+0.45*scale(feature_ppg,6.00,18.00)","0.40*scale(48.00-feature_finish,0.00,36.00)+0.60*scale(expected_ppg_baseline-feature_ppg,0.00,4.00)","0.65*scale(feature_games_played,8.00,17.00)+0.35*scale(feature_total_ppr,80.00,260.00)","0.50*scale(feature_ppg_minus_cohort_expected,0.00,6.00)+0.30*scale(expected_finish_from_cohort-feature_finish,0.00,36.00)+0.20*scale(cohort_player_count,1.00,18.00)","0.20*scale(route_participation_season_avg,0.50,0.95)+0.20*scale(target_share_season_avg,0.10,0.32)+0.15*scale(air_yard_share_season_avg,0.08,0.38)+0.15*scale(routes_consistency_index,0.60,0.95)+0.15*scale(target_earning_index,0.12,0.45)+0.15*scale(opportunity_concentration_score,0.18,0.56)","0.50*scale(12.00-feature_finish,0.00,12.00)+0.25*scale(11.00-feature_games_played,0.00,11.00)+0.25*scale(0.14-feature_target_share,0.00,0.14)"
00-0029664,J.Gordon,2022,2023,WR,0.0000,0.0000,3.0000,0.0000,20.0000,0.0000,47.7273,1.2164,wr_signal_score_role_balanced_v1,"0.50*scale(feature_targets_per_game,4.00,10.00)+0.50*scale(feature_target_share,0.12,0.30)","0.55*scale(feature_ppg_per_target,0.80,2.50)+0.45*scale(feature_ppg,6.00,18.00)","0.40*scale(48.00-feature_finish,0.00,36.00)+0.60*scale(expected_ppg_baseline-feature_ppg,0.00,4.00)","0.65*scale(feature_games_played,8.00,17.00)+0.35*scale(feature_total_ppr,80.00,260.00)","0.50*scale(feature_ppg_minus_cohort_expected,0.00,6.00)+0.30*scale(expected_finish_from_cohort-feature_finish,0.00,36.00)+0.20*scale(cohort_player_count,1.00,18.00)","0.20*scale(route_participation_season_avg,0.50,0.95)+0.20*scale(target_share_season_avg,0.10,0.32)+0.15*scale(air_yard_share_season_avg,0.08,0.38)+0.15*scale(routes_consistency_index,0.60,0.95)+0.15*scale(target_earning_index,0.12,0.45)+0.15*scale(opportunity_concentration_score,0.18,0.56)","0.50*scale(12.00-feature_finish,0.00,12.00)+0.25*scale(11.00-feature_games_played,0.00,11.00)+0.25*scale(0.14-feature_target_share,0.00,0.14)"
00-0033633,T.Gentry,2022,2023,WR,0.0000,0.0000,3.0000,0.0000,20.0000,0.0000,47.7273,1.2164,wr_signal_score_role_balanced_v1,"0.50*scale(feature_targets_per_game,4.00,10.00)+0.50*scale(feature_target_share,0.12,0.30)","0.55*scale(feature_ppg_per_target,0.80,2.50)+0.45*scale(feature_ppg,6.00,18.00)","0.40*scale(48.00-feature_finish,0.00,36.00)+0.60*scale(expected_ppg_baseline-feature_ppg,0.00,4.00)","0.65*scale(feature_games_played,8.00,17.00)+0.35*scale(feature_total_ppr,80.00,260.00)","0.50*scale(feature_ppg_minus_cohort_expected,0.00,6.00)+0.30*scale(expected_finish_from_cohort-feature_finish,0.00,36.00)+0.20*scale(cohort_player_count,1.00,18.00)","0.20*scale(route_participation_season_avg,0.50,0.95)+0.20*scale(target_share_season_avg,0.10,0.32)+0.15*scale(air_yard_share_season_avg,0.08,0.38)+0.15*scale(routes_consistency_index,0.60,0.95)+0.15*scale(target_earning_index,0.12,0.45)+0.15*scale(opportunity_concentration_score,0.18,0.56)","0.50*scale(12.00-feature_finish,0.00,12.00)+0.25*scale(11.00-feature_games_played,0.00,11.00)+0.25*scale(0.14-feature_target_share,0.00,0.14)"
00-0035399,S.Morgan,2022,2023,WR,0.0000,0.0000,3.0000,0.0000,20.0000,0.0000,47.7273,1.2164,wr_signal_score_role_balanced_v1,"0.50*scale(feature_targets_per_game,4.00,10.00)+0.50*scale(feature_target_share,0.12,0.30)","0.55*scale(feature_ppg_per_target,0.80,2.50)+0.45*scale(feature_ppg,6.00,18.00)","0.40*scale(48.00-feature_finish,0.00,36.00)+0.60*scale(expected_ppg_baseline-feature_ppg,0.00,4.00)","0.65*scale(feature_games_played,8.00,17.00)+0.35*scale(feature_total_ppr,80.00,260.00)","0.50*scale(feature_ppg_minus_cohort_expected,0.00,6.00)+0.30*scale(expected_finish_from_cohort-feature_finish,0.00,36.00)+0.20*scale(cohort_player_count,1.00,18.00)","0.20*scale(route_participation_season_avg,0.50,0.95)+0.20*scale(target_share_season_avg,0.10,0.32)+0.15*scale(air_yard_share_season_avg,0.08,0.38)+0.15*scale(routes_consistency_index,0.60,0.95)+0.15*scale(target_earning_index,0.12,0.45)+0.15*scale(opportunity_concentration_score,0.18,0.56)","0.50*scale(12.00-feature_finish,0.00,12.00)+0.25*scale(11.00-feature_games_played,0.00,11.00)+0.25*scale(0.14-feature_target_share,0.00,0.14)"
00-0038149,J.Ali,2022,2023,WR,0.0000,0.0000,3.0000,0.0000,20.0000,0.0000,47.7273,1.2164,wr_signal_score_role_balanced_v1,"0.50*scale(feature_targets_per_game,4.00,10.00)+0.50*scale(feature_target_share,0.12,0.30)","0.55*scale(feature_ppg_per_target,0.80,2.50)+0.45*scale(feature_ppg,6.00,18.00)","0.40*scale(48.00-feature_finish,0.00,36.00)+0.60*scale(expected_ppg_baseline-feature_ppg,0.00,4.00)","0.65*scale(feature_games_played,8.00,17.00)+0.35*scale(feature_total_ppr,80.00,260.00)","0.50*scale(feature_ppg_minus_cohort_expected,0.00,6.00)+0.30*scale(expected_finish_from_cohort-feature_finish,0.00,36.00)+0.20*scale(cohort_player_count,1.00,18.00)","0.20*scale(route_participation_season_avg,0.50,0.95)+0.20*scale(target_share_season_avg,0.10,0.32)+0.15*scale(air_yard_share_season_avg,0.08,0.38)+0.15*scale(routes_consistency_index,0.60,0.95)+0.15*scale(target_earning_index,0.12,0.45)+0.15*scale(opportunity_concentration_score,0.18,0.56)","0.50*scale(12.00-feature_finish,0.00,12.00)+0.25*scale(11.00-feature_games_played,0.00,11.00)+0.25*scale(0.14-feature_target_share,0.00,0.14)"
00-0036652,R.McMath,2022,2023,WR,0.0000,0.0000,0.0000,0.0000,20.0000,0.0000,40.9091,1.1455,wr_signal_score_role_balanced_v1,"0.50*scale(feature_targets_per_game,4.00,10.00)+0.50*scale(feature_target_share,0.12,0.30)","0.55*scale(feature_ppg_per_target,0.80,2.50)+0.45*scale(feature_ppg,6.00,18.00)","0.40*scale(48.00-feature_finish,0.00,36.00)+0.60*scale(expected_ppg_baseline-feature_ppg,0.00,4.00)","0.65*scale(feature_games_played,8.00,17.00)+0.35*scale(feature_total_ppr,80.00,260.00)","0.50*scale(feature_ppg_minus_cohort_expected,0.00,6.00)+0.30*scale(expected_finish_from_cohort-feature_finish,0.00,36.00)+0.20*scale(cohort_player_count,1.00,18.00)","0.20*scale(route_participation_season_avg,0.50,0.95)+0.20*scale(target_share_season_avg,0.10,0.32)+0.15*scale(air_yard_share_season_avg,0.08,0.38)+0.15*scale(routes_consistency_index,0.60,0.95)+0.15*scale(target_earning_index,0.12,0.45)+0.15*scale(opportunity_concentration_score,0.18,0.56)","0.50*scale(12.00-feature_finish,0.00,12.00)+0.25*scale(11.00-feature_games_played,0.00,11.00)+0.25*scale(0.14-feature_target_share,0.00,0.14)"
00-0036255,D.Mims,2022,2023,WR,0.0000,12.4232,0.0000,7.2222,0.0000,0.0000,29.5454,1.0296,wr_signal_score_role_balanced_v1,"0.50*scale(feature_targets_per_game,4.00,10.00)+0.50*scale(feature_target_share,0.12,0.30)","0.55*scale(feature_ppg_per_target,0.80,2.50)+0.45*scale(feature_ppg,6.00,18.00)","0.40*scale(48.00-feature_finish,0.00,36.00)+0.60*scale(expected_ppg_baseline-feature_ppg,0.00,4.00)","0.65*scale(feature_games_played,8.00,17.00)+0.35*scale(feature_total_ppr,80.00,260.00)","0.50*scale(feature_ppg_minus_cohort_expected,0.00,6.00)+0.30*scale(expected_finish_from_cohort-feature_finish,0.00,36.00)+0.20*scale(cohort_player_count,1.00,18.00)","0.20*scale(route_participation_season_avg,0.50,0.95)+0.20*scale(target_share_season_avg,0.10,0.32)+0.15*scale(air_yard_share_season_avg,0.08,0.38)+0.15*scale(routes_consistency_index,0.60,0.95)+0.15*scale(target_earning_index,0.12,0.45)+0.15*scale(opportunity_concentration_score,0.18,0.56)","0.50*scale(12.00-feature_finish,0.00,12.00)+0.25*scale(11.00-feature_games_played,0.00,11.00)+0.25*scale(0.14-feature_target_share,0.00,0.14)"
00-0033367,C.Board,2022,2023,WR,0.0000,25.8823,0.0000,0.0000,0.0000,0.0000,47.7273,1.0187,wr_signal_score_role_balanced_v1,"0.50*scale(feature_targets_per_game,4.00,10.00)+0.50*scale(feature_target_share,0.12,0.30)","0.55*scale(feature_ppg_per_target,0.80,2.50)+0.45*scale(feature_ppg,6.00,18.00)","0.40*scale(48.00-feature_finish,0.00,36.00)+0.60*scale(expected_ppg_baseline-feature_ppg,0.00,4.00)","0.65*scale(feature_games_played,8.00,17.00)+0.35*scale(feature_total_ppr,80.00,260.00)","0.50*scale(feature_ppg_minus_cohort_expected,0.00,6.00)+0.30*scale(expected_finish_from_cohort-feature_finish,0.00,36.00)+0.20*scale(cohort_player_count,1.00,18.00)","0.20*scale(route_participation_season_avg,0.50,0.95)+0.20*scale(target_share_season_avg,0.10,0.32)+0.15*scale(air_yard_share_season_avg,0.08,0.38)+0.15*scale(routes_consistency_index,0.60,0.95)+0.15*scale(target_earning_index,0.12,0.45)+0.15*scale(opportunity_concentration_score,0.18,0.56)","0.50*scale(12.00-feature_finish,0.00,12.00)+0.25*scale(11.00-feature_games_played,0.00,11.00)+0.25*scale(0.14-feature_target_share,0.00,0.14)"
00-0037570,D.Houston,2022,2023,WR,0.0000,0.0000,0.9000,0.0000,20.0000,0.0000,45.4545,1.0167,wr_signal_score_role_balanced_v1,"0.50*scale(feature_targets_per_game,4.00,10.00)+0.50*scale(feature_target_share,0.12,0.30)","0.55*scale(feature_ppg_per_target,0.80,2.50)+0.45*scale(feature_ppg,6.00,18.00)","0.40*scale(48.00-feature_finish,0.00,36.00)+0.60*scale(expected_ppg_baseline-feature_ppg,0.00,4.00)","0.65*scale(feature_games_played,8.00,17.00)+0.35*scale(feature_total_ppr,80.00,260.00)","0.50*scale(feature_ppg_minus_cohort_expected,0.00,6.00)+0.30*scale(expected_finish_from_cohort-feature_finish,0.00,36.00)+0.20*scale(cohort_player_count,1.00,18.00)","0.20*scale(route_participation_season_avg,0.50,0.95)+0.20*scale(target_share_season_avg,0.10,0.32)+0.15*scale(air_yard_share_season_avg,0.08,0.38)+0.15*scale(routes_consistency_index,0.60,0.95)+0.15*scale(target_earning_index,0.12,0.45)+0.15*scale(opportunity_concentration_score,0.18,0.56)","0.50*scale(12.00-feature_finish,0.00,12.00)+0.25*scale(11.00-feature_games_played,0.00,11.00)+0.25*scale(0.14-feature_target_share,0.00,0.14)"
00-0035593,J.Winfree,2022,2023,WR,0.0000,0.0000,0.0000,0.0000,20.0000,0.0000,43.1818,1.0091,wr_signal_score_role_balanced_v1,"0.50*scale(feature_targets_per_game,4.00,10.00)+0.50*scale(feature_target_share,0.12,0.30)","0.55*scale(feature_ppg_per_target,0.80,2.50)+0.45*scale(feature_ppg,6.00,18.00)","0.40*scale(48.00-feature_finish,0.00,36.00)+0.60*scale(expected_ppg_baseline-feature_ppg,0.00,4.00)","0.65*scale(feature_games_played,8.00,17.00)+0.35*scale(feature_total_ppr,80.00,260.00)","0.50*scale(feature_ppg_minus_cohort_expected,0.00,6.00)+0.30*scale(expected_finish_from_cohort-feature_finish,0.00,36.00)+0.20*scale(cohort_player_count,1.00,18.00)","0.20*scale(route_participation_season_avg,0.50,0.95)+0.20*scale(target_share_season_avg,0.10,0.32)+0.15*scale(air_yard_share_season_avg,0.08,0.38)+0.15*scale(routes_consistency_index,0.60,0.95)+0.15*scale(target_earning_index,0.12,0.45)+0.15*scale(opportunity_concentration_score,0.18,0.56)","0.50*scale(12.00-feature_finish,0.00,12.00)+0.25*scale(11.00-feature_games_played,0.00,11.00)+0.25*scale(0.14-feature_target_share,0.00,0.14)"
00-0026189,D.Jackson,2022,2023,WR,0.0000,20.3628,0.0000,0.0000,0.0000,0.0000,34.0909,1.0090,wr_signal_score_role_balanced_v1,"0.50*scale(feature_targets_per_game,4.00,10.00)+0.50*scale(feature_target_share,0.12,0.30)","0.55*scale(feature_ppg_per_target,0.80,2.50)+0.45*scale(feature_ppg,6.00,18.00)","0.40*scale(48.00-feature_finish,0.00,36.00)+0.60*scale(expected_ppg_baseline-feature_ppg,0.00,4.00)","0.65*scale(feature_games_played,8.00,17.00)+0.35*scale(feature_total_ppr,80.00,260.00)","0.50*scale(feature_ppg_minus_cohort_expected,0.00,6.00)+0.30*scale(expected_finish_from_cohort-feature_finish,0.00,36.00)+0.20*scale(cohort_player_count,1.00,18.00)","0.20*scale(route_participation_season_avg,0.50,0.95)+0.20*scale(target_share_season_avg,0.10,0.32)+0.15*scale(air_yard_share_season_avg,0.08,0.38)+0.15*scale(routes_consistency_index,0.60,0.95)+0.15*scale(target_earning_index,0.12,0.45)+0.15*scale(opportunity_concentration_score,0.18,0.56)","0.50*scale(12.00-feature_finish,0.00,12.00)+0.25*scale(11.00-feature_games_played,0.00,11.00)+0.25*scale(0.14-feature_target_share,0.00,0.14)"
00-0036841,A.Trammell,2022,2023,WR,0.0000,0.8088,0.0000,0.0000,20.0000,0.0000,45.4545,0.9940,wr_signal_score_role_balanced_v1,"0.50*scale(feature_targets_per_game,4.00,10.00)+0.50*scale(feature_target_share,0.12,0.30)","0.55*scale(feature_ppg_per_target,0.80,2.50)+0.45*scale(feature_ppg,6.00,18.00)","0.40*scale(48.00-feature_finish,0.00,36.00)+0.60*scale(expected_ppg_baseline-feature_ppg,0.00,4.00)","0.65*scale(feature_games_played,8.00,17.00)+0.35*scale(feature_total_ppr,80.00,260.00)","0.50*scale(feature_ppg_minus_cohort_expected,0.00,6.00)+0.30*scale(expected_finish_from_cohort-feature_finish,0.00,36.00)+0.20*scale(cohort_player_count,1.00,18.00)","0.20*scale(route_participation_season_avg,0.50,0.95)+0.20*scale(target_share_season_avg,0.10,0.32)+0.15*scale(air_yard_share_season_avg,0.08,0.38)+0.15*scale(routes_consistency_index,0.60,0.95)+0.15*scale(target_earning_index,0.12,0.45)+0.15*scale(opportunity_concentration_score,0.18,0.56)","0.50*scale(12.00-feature_finish,0.00,12.00)+0.25*scale(11.00-feature_games_played,0.00,11.00)+0.25*scale(0.14-feature_target_share,0.00,0.14)"
00-0037355,B.Sanders,2022,2023,WR,0.0000,0.0000,0.6750,0.0000,20.0000,0.0000,45.4545,0.9807,wr_signal_score_role_balanced_v1,"0.50*scale(feature_targets_per_game,4.00,10.00)+0.50*scale(feature_target_share,0.12,0.30)","0.55*scale(feature_ppg_per_target,0.80,2.50)+0.45*scale(feature_ppg,6.00,18.00)","0.40*scale(48.00-feature_finish,0.00,36.00)+0.60*scale(expected_ppg_baseline-feature_ppg,0.00,4.00)","0.65*scale(feature_games_played,8.00,17.00)+0.35*scale(feature_total_ppr,80.00,260.00)","0.50*scale(feature_ppg_minus_cohort_expected,0.00,6.00)+0.30*scale(expected_finish_from_cohort-feature_finish,0.00,36.00)+0.20*scale(cohort_player_count,1.00,18.00)","0.20*scale(route_participation_season_avg,0.50,0.95)+0.20*scale(target_share_season_avg,0.10,0.32)+0.15*scale(air_yard_share_season_avg,0.08,0.38)+0.15*scale(routes_consistency_index,0.60,0.95)+0.15*scale(target_earning_index,0.12,0.45)+0.15*scale(opportunity_concentration_score,0.18,0.56)","0.50*scale(12.00-feature_finish,0.00,12.00)+0.25*scale(11.00-feature_games_played,0.00,11.00)+0.25*scale(0.14-feature_target_share,0.00,0.14)"
00-0031787,J.Kumerow,2022,2023,WR,0.0000,22.1849,0.0000,0.0000,0.0000,0.0000,40.9091,0.8732,wr_signal_score_role_balanced_v1,"0.50*scale(feature_targets_per_game,4.00,10.00)+0.50*scale(feature_target_share,0.12,0.30)","0.55*scale(feature_ppg_per_target,0.80,2.50)+0.45*scale(feature_ppg,6.00,18.00)","0.40*scale(48.00-feature_finish,0.00,36.00)+0.60*scale(expected_ppg_baseline-feature_ppg,0.00,4.00)","0.65*scale(feature_games_played,8.00,17.00)+0.35*scale(feature_total_ppr,80.00,260.00)","0.50*scale(feature_ppg_minus_cohort_expected,0.00,6.00)+0.30*scale(expected_finish_from_cohort-feature_finish,0.00,36.00)+0.20*scale(cohort_player_count,1.00,18.00)","0.20*scale(route_participation_season_avg,0.50,0.95)+0.20*scale(target_share_season_avg,0.10,0.32)+0.15*scale(air_yard_share_season_avg,0.08,0.38)+0.15*scale(routes_consistency_index,0.60,0.95)+0.15*scale(target_earning_index,0.12,0.45)+0.15*scale(opportunity_concentration_score,0.18,0.56)","0.50*scale(12.00-feature_finish,0.00,12.00)+0.25*scale(11.00-feature_games_played,0.00,11.00)+0.25*scale(0.14-feature_target_share,0.00,0.14)"
00-0035432,J.Moore,2022,2023,WR,0.0000,0.0000,0.0000,0.0000,20.0000,0.0000,47.7273,0.7364,wr_signal_score_role_balanced_v1,"0.50*scale(feature_targets_per_game,4.00,10.00)+0.50*scale(feature_target_share,0.12,0.30)","0.55*scale(feature_ppg_per_target,0.80,2.50)+0.45*scale(feature_ppg,6.00,18.00)","0.40*scale(48.00-feature_finish,0.00,36.00)+0.60*scale(expected_ppg_baseline-feature_ppg,0.00,4.00)","0.65*scale(feature_games_played,8.00,17.00)+0.35*scale(feature_total_ppr,80.00,260.00)","0.50*scale(feature_ppg_minus_cohort_expected,0.00,6.00)+0.30*scale(expected_finish_from_cohort-feature_finish,0.00,36.00)+0.20*scale(cohort_player_count,1.00,18.00)","0.20*scale(route_participation_season_avg,0.50,0.95)+0.20*scale(target_share_season_avg,0.10,0.32)+0.15*scale(air_yard_share_season_avg,0.08,0.38)+0.15*scale(routes_consistency_index,0.60,0.95)+0.15*scale(target_earning_index,0.12,0.45)+0.15*scale(opportunity_concentration_score,0.18,0.56)","0.50*scale(12.00-feature_finish,0.00,12.00)+0.25*scale(11.00-feature_games_played,0.00,11.00)+0.25*scale(0.14-feature_target_share,0.00,0.14)"
00-0033292,T.Taylor,2022,2023,WR,0.0000,18.4403,0.0000,0.0000,0.0000,0.0000,36.3636,0.5842,wr_signal_score_role_balanced_v1,"0.50*scale(feature_targets_per_game,4.00,10.00)+0.50*scale(feature_target_share,0.12,0.30)","0.55*scale(feature_ppg_per_target,0.80,2.50)+0.45*scale(feature_ppg,6.00,18.00)","0.40*scale(48.00-feature_finish,0.00,36.00)+0.60*scale(expected_ppg_baseline-feature_ppg,0.00,4.00)","0.65*scale(feature_games_played,8.00,17.00)+0.35*scale(feature_total_ppr,80.00,260.00)","0.50*scale(feature_ppg_minus_cohort_expected,0.00,6.00)+0.30*scale(expected_finish_from_cohort-feature_finish,0.00,36.00)+0.20*scale(cohort_player_count,1.00,18.00)","0.20*scale(route_participation_season_avg,0.50,0.95)+0.20*scale(target_share_season_avg,0.10,0.32)+0.15*scale(air_yard_share_season_avg,0.08,0.38)+0.15*scale(routes_consistency_index,0.60,0.95)+0.15*scale(target_earning_index,0.12,0.45)+0.15*scale(opportunity_concentration_score,0.18,0.56)","0.50*scale(12.00-feature_finish,0.00,12.00)+0.25*scale(11.00-feature_games_played,0.00,11.00)+0.25*scale(0.14-feature_target_share,0.00,0.14)"
00-0029000,C.Beasley,2022,2023,WR,0.0000,18.0252,0.0000,0.0000,0.0000,0.0000,40.9091,0.2492,wr_signal_score_role_balanced_v1,"0.50*scale(feature_targets_per_game,4.00,10.00)+0.50*scale(feature_target_share,0.12,0.30)","0.55*scale(feature_ppg_per_target,0.80,2.50)+0.45*scale(feature_ppg,6.00,18.00)","0.40*scale(48.00-feature_finish,0.00,36.00)+0.60*scale(expected_ppg_baseline-feature_ppg,0.00,4.00)","0.65*scale(feature_games_played,8.00,17.00)+0.35*scale(feature_total_ppr,80.00,260.00)","0.50*scale(feature_ppg_minus_cohort_expected,0.00,6.00)+0.30*scale(expected_finish_from_cohort-feature_finish,0.00,36.00)+0.20*scale(cohort_player_count,1.00,18.00)","0.20*scale(route_participation_season_avg,0.50,0.95)+0.20*scale(target_share_season_avg,0.10,0.32)+0.15*scale(air_yard_share_season_avg,0.08,0.38)+0.15*scale(routes_consistency_index,0.60,0.95)+0.15*scale(target_earning_index,0.12,0.45)+0.15*scale(opportunity_concentration_score,0.18,0.56)","0.50*scale(12.00-feature_finish,0.00,12.00)+0.25*scale(11.00-feature_games_played,0.00,11.00)+0.25*scale(0.14-feature_target_share,0.00,0.14)"
00-0032054,B.Perriman,2022,2023,WR,0.0000,13.7926,0.0000,0.0000,0.0000,0.0000,31.8182,0.1598,wr_signal_score_role_balanced_v1,"0.50*scale(feature_targets_per_game,4.00,10.00)+0.50*scale(feature_target_share,0.12,0.30)","0.55*scale(feature_ppg_per_target,0.80,2.50)+0.45*scale(feature_ppg,6.00,18.00)","0.40*scale(48.00-feature_finish,0.00,36.00)+0.60*scale(expected_ppg_baseline-feature_ppg,0.00,4.00)","0.65*scale(feature_games_played,8.00,17.00)+0.35*scale(feature_total_ppr,80.00,260.00)","0.50*scale(feature_ppg_minus_cohort_expected,0.00,6.00)+0.30*scale(expected_finish_from_cohort-feature_finish,0.00,36.00)+0.20*scale(cohort_player_count,1.00,18.00)","0.20*scale(route_participation_season_avg,0.50,0.95)+0.20*scale(target_share_season_avg,0.10,0.32)+0.15*scale(air_yard_share_season_avg,0.08,0.38)+0.15*scale(routes_consistency_index,0.60,0.95)+0.15*scale(target_earning_index,0.12,0.45)+0.15*scale(opportunity_concentration_score,0.18,0.56)","0.50*scale(12.00-feature_finish,0.00,12.00)+0.25*scale(11.00-feature_games_played,0.00,11.00)+0.25*scale(0.14-feature_target_share,0.00,0.14)"
00-0033932,K.Golladay,2022,2023,WR,0.0000,12.3707,0.0000,0.0000,0.0000,0.0000,36.3636,-0.3262,wr_signal_score_role_balanced_v1,"0.50*scale(feature_targets_per_game,4.00,10.00)+0.50*scale(feature_target_share,0.12,0.30)","0.55*scale(feature_ppg_per_target,0.80,2.50)+0.45*scale(feature_ppg,6.00,18.00)","0.40*scale(48.00-feature_finish,0.00,36.00)+0.60*scale(expected_ppg_baseline-feature_ppg,0.00,4.00)","0.65*scale(feature_games_played,8.00,17.00)+0.35*scale(feature_total_ppr,80.00,260.00)","0.50*scale(feature_ppg_minus_cohort_expected,0.00,6.00)+0.30*scale(expected_finish_from_cohort-feature_finish,0.00,36.00)+0.20*scale(cohort_player_count,1.00,18.00)","0.20*scale(route_participation_season_avg,0.50,0.95)+0.20*scale(target_share_season_avg,0.10,0.32)+0.15*scale(air_yard_share_season_avg,0.08,0.38)+0.15*scale(routes_consistency_index,0.60,0.95)+0.15*scale(target_earning_index,0.12,0.45)+0.15*scale(opportunity_concentration_score,0.18,0.56)","0.50*scale(12.00-feature_finish,0.00,12.00)+0.25*scale(11.00-feature_games_played,0.00,11.00)+0.25*scale(0.14-feature_target_share,0.00,0.14)"
00-0032128,C.Conley,2022,2023,WR,0.0000,13.8656,0.0000,0.0000,0.0000,0.0000,40.9091,-0.3747,wr_signal_score_role_balanced_v1,"0.50*scale(feature_targets_per_game,4.00,10.00)+0.50*scale(feature_target_share,0.12,0.30)","0.55*scale(feature_ppg_per_target,0.80,2.50)+0.45*scale(feature_ppg,6.00,18.00)","0.40*scale(48.00-feature_finish,0.00,36.00)+0.60*scale(expected_ppg_baseline-feature_ppg,0.00,4.00)","0.65*scale(feature_games_played,8.00,17.00)+0.35*scale(feature_total_ppr,80.00,260.00)","0.50*scale(feature_ppg_minus_cohort_expected,0.00,6.00)+0.30*scale(expected_finish_from_cohort-feature_finish,0.00,36.00)+0.20*scale(cohort_player_count,1.00,18.00)","0.20*scale(route_participation_season_avg,0.50,0.95)+0.20*scale(target_share_season_avg,0.10,0.32)+0.15*scale(air_yard_share_season_avg,0.08,0.38)+0.15*scale(routes_consistency_index,0.60,0.95)+0.15*scale(target_earning_index,0.12,0.45)+0.15*scale(opportunity_concentration_score,0.18,0.56)","0.50*scale(12.00-feature_finish,0.00,12.00)+0.25*scale(11.00-feature_games_played,0.00,11.00)+0.25*scale(0.14-feature_target_share,0.00,0.14)"
00-0035022,P.Hart,2022,2023,WR,0.0000,14.5598,0.0000,0.0000,0.0000,0.0000,43.1818,-0.4069,wr_signal_score_role_balanced_v1,"0.50*scale(feature_targets_per_game,4.00,10.00)+0.50*scale(feature_target_share,0.12,0.30)","0.55*scale(feature_ppg_per_target,0.80,2.50)+0.45*scale(feature_ppg,6.00,18.00)","0.40*scale(48.00-feature_finish,0.00,36.00)+0.60*scale(expected_ppg_baseline-feature_ppg,0.00,4.00)","0.65*scale(feature_games_played,8.00,17.00)+0.35*scale(feature_total_ppr,80.00,260.00)","0.50*scale(feature_ppg_minus_cohort_expected,0.00,6.00)+0.30*scale(expected_finish_from_cohort-feature_finish,0.00,36.00)+0.20*scale(cohort_player_count,1.00,18.00)","0.20*scale(route_participation_season_avg,0.50,0.95)+0.20*scale(target_share_season_avg,0.10,0.32)+0.15*scale(air_yard_share_season_avg,0.08,0.38)+0.15*scale(routes_consistency_index,0.60,0.95)+0.15*scale(target_earning_index,0.12,0.45)+0.15*scale(opportunity_concentration_score,0.18,0.56)","0.50*scale(12.00-feature_finish,0.00,12.00)+0.25*scale(11.00-feature_games_played,0.00,11.00)+0.25*scale(0.14-feature_target_share,0.00,0.14)"
00-0036277,Q.Cephus,2022,2023,WR,0.0000,11.8627,0.0000,0.0000,0.0000,0.0000,47.7273,-1.0842,wr_signal_score_role_balanced_v1,"0.50*scale(feature_targets_per_game,4.00,10.00)+0.50*scale(feature_target_share,0.12,0.30)","0.55*scale(feature_ppg_per_target,0.80,2.50)+0.45*scale(feature_ppg,6.00,18.00)","0.40*scale(48.00-feature_finish,0.00,36.00)+0.60*scale(expected_ppg_baseline-feature_ppg,0.00,4.00)","0.65*scale(feature_games_played,8.00,17.00)+0.35*scale(feature_total_ppr,80.00,260.00)","0.50*scale(feature_ppg_minus_cohort_expected,0.00,6.00)+0.30*scale(expected_finish_from_cohort-feature_finish,0.00,36.00)+0.20*scale(cohort_player_count,1.00,18.00)","0.20*scale(route_participation_season_avg,0.50,0.95)+0.20*scale(target_share_season_avg,0.10,0.32)+0.15*scale(air_yard_share_season_avg,0.08,0.38)+0.15*scale(routes_consistency_index,0.60,0.95)+0.15*scale(target_earning_index,0.12,0.45)+0.15*scale(opportunity_concentration_score,0.18,0.56)","0.50*scale(12.00-feature_finish,0.00,12.00)+0.25*scale(11.00-feature_games_played,0.00,11.00)+0.25*scale(0.14-feature_target_share,0.00,0.14)"
00-0032980,M.Johnson,2022,2023,WR,3.3333,1.9117,0.0000,0.0000,0.0000,0.0000,38.6364,-1.2314,wr_signal_score_role_balanced_v1,"0.50*scale(feature_targets_per_game,4.00,10.00)+0.50*scale(feature_target_share,0.12,0.30)","0.55*scale(feature_ppg_per_target,0.80,2.50)+0.45*scale(feature_ppg,6.00,18.00)","0.40*scale(48.00-feature_finish,0.00,36.00)+0.60*scale(expected_ppg_baseline-feature_ppg,0.00,4.00)","0.65*scale(feature_games_played,8.00,17.00)+0.35*scale(feature_total_ppr,80.00,260.00)","0.50*scale(feature_ppg_minus_cohort_expected,0.00,6.00)+0.30*scale(expected_finish_from_cohort-feature_finish,0.00,36.00)+0.20*scale(cohort_player_count,1.00,18.00)","0.20*scale(route_participation_season_avg,0.50,0.95)+0.20*scale(target_share_season_avg,0.10,0.32)+0.15*scale(air_yard_share_season_avg,0.08,0.38)+0.15*scale(routes_consistency_index,0.60,0.95)+0.15*scale(target_earning_index,0.12,0.45)+0.15*scale(opportunity_concentration_score,0.18,0.56)","0.50*scale(12.00-feature_finish,0.00,12.00)+0.25*scale(11.00-feature_games_played,0.00,11.00)+0.25*scale(0.14-feature_target_share,0.00,0.14)"
00-0035703,M.Boykin,2022,2023,WR,0.0000,7.5490,0.0000,0.0000,0.0000,0.0000,43.1818,-1.4586,wr_signal_score_role_balanced_v1,"0.50*scale(feature_targets_per_game,4.00,10.00)+0.50*scale(feature_target_share,0.12,0.30)","0.55*scale(feature_ppg_per_target,0.80,2.50)+0.45*scale(feature_ppg,6.00,18.00)","0.40*scale(48.00-feature_finish,0.00,36.00)+0.60*scale(expected_ppg_baseline-feature_ppg,0.00,4.00)","0.65*scale(feature_games_played,8.00,17.00)+0.35*scale(feature_total_ppr,80.00,260.00)","0.50*scale(feature_ppg_minus_cohort_expected,0.00,6.00)+0.30*scale(expected_finish_from_cohort-feature_finish,0.00,36.00)+0.20*scale(cohort_player_count,1.00,18.00)","0.20*scale(route_participation_season_avg,0.50,0.95)+0.20*scale(target_share_season_avg,0.10,0.32)+0.15*scale(air_yard_share_season_avg,0.08,0.38)+0.15*scale(routes_consistency_index,0.60,0.95)+0.15*scale(target_earning_index,0.12,0.45)+0.15*scale(opportunity_concentration_score,0.18,0.56)","0.50*scale(12.00-feature_finish,0.00,12.00)+0.25*scale(11.00-feature_games_played,0.00,11.00)+0.25*scale(0.14-feature_target_share,0.00,0.14)"
00-0032951,L.Treadwell,2022,2023,WR,0.0000,7.1180,0.0000,0.0000,0.0000,0.0000,43.1818,-1.5232,wr_signal_score_role_balanced_v1,"0.50*scale(feature_targets_per_game,4.00,10.00)+0.50*scale(feature_target_share,0.12,0.30)","0.55*scale(feature_ppg_per_target,0.80,2.50)+0.45*scale(feature_ppg,6.00,18.00)","0.40*scale(48.00-feature_finish,0.00,36.00)+0.60*scale(expected_ppg_baseline-feature_ppg,0.00,4.00)","0.65*scale(feature_games_played,8.00,17.00)+0.35*scale(feature_total_ppr,80.00,260.00)","0.50*scale(feature_ppg_minus_cohort_expected,0.00,6.00)+0.30*scale(expected_finish_from_cohort-feature_finish,0.00,36.00)+0.20*scale(cohort_player_count,1.00,18.00)","0.20*scale(route_participation_season_avg,0.50,0.95)+0.20*scale(target_share_season_avg,0.10,0.32)+0.15*scale(air_yard_share_season_avg,0.08,0.38)+0.15*scale(routes_consistency_index,0.60,0.95)+0.15*scale(target_earning_index,0.12,0.45)+0.15*scale(opportunity_concentration_score,0.18,0.56)","0.50*scale(12.00-feature_finish,0.00,12.00)+0.25*scale(11.00-feature_games_played,0.00,11.00)+0.25*scale(0.14-feature_target_share,0.00,0.14)"
00-0035406,L.Humphrey,2022,2023,WR,0.0000,6.4714,0.0000,0.0000,0.0000,0.0000,43.1818,-1.6202,wr_signal_score_role_balanced_v1,"0.50*scale(feature_targets_per_game,4.00,10.00)+0.50*scale(feature_target_share,0.12,0.30)","0.55*scale(feature_ppg_per_target,0.80,2.50)+0.45*scale(feature_ppg,6.00,18.00)","0.40*scale(48.00-feature_finish,0.00,36.00)+0.60*scale(expected_ppg_baseline-feature_ppg,0.00,4.00)","0.65*scale(feature_games_played,8.00,17.00)+0.35*scale(feature_total_ppr,80.00,260.00)","0.50*scale(feature_ppg_minus_cohort_expected,0.00,6.00)+0.30*scale(expected_finish_from_cohort-feature_finish,0.00,36.00)+0.20*scale(cohort_player_count,1.00,18.00)","0.20*scale(route_participation_season_avg,0.50,0.95)+0.20*scale(target_share_season_avg,0.10,0.32)+0.15*scale(air_yard_share_season_avg,0.08,0.38)+0.15*scale(routes_consistency_index,0.60,0.95)+0.15*scale(target_earning_index,0.12,0.45)+0.15*scale(opportunity_concentration_score,0.18,0.56)","0.50*scale(12.00-feature_finish,0.00,12.00)+0.25*scale(11.00-feature_games_played,0.00,11.00)+0.25*scale(0.14-feature_target_share,0.00,0.14)"
00-0031941,J.Crowder,2022,2023,WR,0.0000,3.9819,0.0000,0.0000,0.0000,0.0000,40.9091,-1.8573,wr_signal_score_role_balanced_v1,"0.50*scale(feature_targets_per_game,4.00,10.00)+0.50*scale(feature_target_share,0.12,0.30)","0.55*scale(feature_ppg_per_target,0.80,2.50)+0.45*scale(feature_ppg,6.00,18.00)","0.40*scale(48.00-feature_finish,0.00,36.00)+0.60*scale(expected_ppg_baseline-feature_ppg,0.00,4.00)","0.65*scale(feature_games_played,8.00,17.00)+0.35*scale(feature_total_ppr,80.00,260.00)","0.50*scale(feature_ppg_minus_cohort_expected,0.00,6.00)+0.30*scale(expected_finish_from_cohort-feature_finish,0.00,36.00)+0.20*scale(cohort_player_count,1.00,18.00)","0.20*scale(route_participation_season_avg,0.50,0.95)+0.20*scale(target_share_season_avg,0.10,0.32)+0.15*scale(air_yard_share_season_avg,0.08,0.38)+0.15*scale(routes_consistency_index,0.60,0.95)+0.15*scale(target_earning_index,0.12,0.45)+0.15*scale(opportunity_concentration_score,0.18,0.56)","0.50*scale(12.00-feature_finish,0.00,12.00)+0.25*scale(11.00-feature_games_played,0.00,11.00)+0.25*scale(0.14-feature_target_share,0.00,0.14)"
00-0034317,K.Kirkwood,2022,2023,WR,0.0000,4.8537,0.0000,0.0000,0.0000,0.0000,43.1818,-1.8629,wr_signal_score_role_balanced_v1,"0.50*scale(feature_targets_per_game,4.00,10.00)+0.50*scale(feature_target_share,0.12,0.30)","0.55*scale(feature_ppg_per_target,0.80,2.50)+0.45*scale(feature_ppg,6.00,18.00)","0.40*scale(48.00-feature_finish,0.00,36.00)+0.60*scale(expected_ppg_baseline-feature_ppg,0.00,4.00)","0.65*scale(feature_games_played,8.00,17.00)+0.35*scale(feature_total_ppr,80.00,260.00)","0.50*scale(feature_ppg_minus_cohort_expected,0.00,6.00)+0.30*scale(expected_finish_from_cohort-feature_finish,0.00,36.00)+0.20*scale(cohort_player_count,1.00,18.00)","0.20*scale(route_participation_season_avg,0.50,0.95)+0.20*scale(target_share_season_avg,0.10,0.32)+0.15*scale(air_yard_share_season_avg,0.08,0.38)+0.15*scale(routes_consistency_index,0.60,0.95)+0.15*scale(target_earning_index,0.12,0.45)+0.15*scale(opportunity_concentration_score,0.18,0.56)","0.50*scale(12.00-feature_finish,0.00,12.00)+0.25*scale(11.00-feature_games_played,0.00,11.00)+0.25*scale(0.14-feature_target_share,0.00,0.14)"
00-0034366,K.Coutee,2022,2023,WR,0.0000,6.4706,0.0000,0.0000,0.0000,0.0000,47.7273,-1.8930,wr_signal_score_role_balanced_v1,"0.50*scale(feature_targets_per_game,4.00,10.00)+0.50*scale(feature_target_share,0.12,0.30)","0.55*scale(feature_ppg_per_target,0.80,2.50)+0.45*scale(feature_ppg,6.00,18.00)","0.40*scale(48.00-feature_finish,0.00,36.00)+0.60*scale(expected_ppg_baseline-feature_ppg,0.00,4.00)","0.65*scale(feature_games_played,8.00,17.00)+0.35*scale(feature_total_ppr,80.00,260.00)","0.50*scale(feature_ppg_minus_cohort_expected,0.00,6.00)+0.30*scale(expected_finish_from_cohort-feature_finish,0.00,36.00)+0.20*scale(cohort_player_count,1.00,18.00)","0.20*scale(route_participation_season_avg,0.50,0.95)+0.20*scale(target_share_season_avg,0.10,0.32)+0.15*scale(air_yard_share_season_avg,0.08,0.38)+0.15*scale(routes_consistency_index,0.60,0.95)+0.15*scale(target_earning_index,0.12,0.45)+0.15*scale(opportunity_concentration_score,0.18,0.56)","0.50*scale(12.00-feature_finish,0.00,12.00)+0.25*scale(11.00-feature_games_played,0.00,11.00)+0.25*scale(0.14-feature_target_share,0.00,0.14)"
00-0036365,B.Edwards,2022,2023,WR,0.0000,3.2353,0.0000,0.0000,0.0000,0.0000,40.9091,-1.9693,wr_signal_score_role_balanced_v1,"0.50*scale(feature_targets_per_game,4.00,10.00)+0.50*scale(feature_target_share,0.12,0.30)","0.55*scale(feature_ppg_per_target,0.80,2.50)+0.45*scale(feature_ppg,6.00,18.00)","0.40*scale(48.00-feature_finish,0.00,36.00)+0.60*scale(expected_ppg_baseline-feature_ppg,0.00,4.00)","0.65*scale(feature_games_played,8.00,17.00)+0.35*scale(feature_total_ppr,80.00,260.00)","0.50*scale(feature_ppg_minus_cohort_expected,0.00,6.00)+0.30*scale(expected_finish_from_cohort-feature_finish,0.00,36.00)+0.20*scale(cohort_player_count,1.00,18.00)","0.20*scale(route_participation_season_avg,0.50,0.95)+0.20*scale(target_share_season_avg,0.10,0.32)+0.15*scale(air_yard_share_season_avg,0.08,0.38)+0.15*scale(routes_consistency_index,0.60,0.95)+0.15*scale(target_earning_index,0.12,0.45)+0.15*scale(opportunity_concentration_score,0.18,0.56)","0.50*scale(12.00-feature_finish,0.00,12.00)+0.25*scale(11.00-feature_games_played,0.00,11.00)+0.25*scale(0.14-feature_target_share,0.00,0.14)"
00-0036133,J.Proche,2022,2023,WR,0.0000,0.0000,0.0000,0.0000,0.0000,0.0000,34.0909,-2.0455,wr_signal_score_role_balanced_v1,"0.50*scale(feature_targets_per_game,4.00,10.00)+0.50*scale(feature_target_share,0.12,0.30)","0.55*scale(feature_ppg_per_target,0.80,2.50)+0.45*scale(feature_ppg,6.00,18.00)","0.40*scale(48.00-feature_finish,0.00,36.00)+0.60*scale(expected_ppg_baseline-feature_ppg,0.00,4.00)","0.65*scale(feature_games_played,8.00,17.00)+0.35*scale(feature_total_ppr,80.00,260.00)","0.50*scale(feature_ppg_minus_cohort_expected,0.00,6.00)+0.30*scale(expected_finish_from_cohort-feature_finish,0.00,36.00)+0.20*scale(cohort_player_count,1.00,18.00)","0.20*scale(route_participation_season_avg,0.50,0.95)+0.20*scale(target_share_season_avg,0.10,0.32)+0.15*scale(air_yard_share_season_avg,0.08,0.38)+0.15*scale(routes_consistency_index,0.60,0.95)+0.15*scale(target_earning_index,0.12,0.45)+0.15*scale(opportunity_concentration_score,0.18,0.56)","0.50*scale(12.00-feature_finish,0.00,12.00)+0.25*scale(11.00-feature_games_played,0.00,11.00)+0.25*scale(0.14-feature_target_share,0.00,0.14)"
00-0034676,J.Washington,2022,2023,WR,0.0000,0.0000,3.0000,0.0000,0.0000,0.0000,47.7273,-2.3836,wr_signal_score_role_balanced_v1,"0.50*scale(feature_targets_per_game,4.00,10.00)+0.50*scale(feature_target_share,0.12,0.30)","0.55*scale(feature_ppg_per_target,0.80,2.50)+0.45*scale(feature_ppg,6.00,18.00)","0.40*scale(48.00-feature_finish,0.00,36.00)+0.60*scale(expected_ppg_baseline-feature_ppg,0.00,4.00)","0.65*scale(feature_games_played,8.00,17.00)+0.35*scale(feature_total_ppr,80.00,260.00)","0.50*scale(feature_ppg_minus_cohort_expected,0.00,6.00)+0.30*scale(expected_finish_from_cohort-feature_finish,0.00,36.00)+0.20*scale(cohort_player_count,1.00,18.00)","0.20*scale(route_participation_season_avg,0.50,0.95)+0.20*scale(target_share_season_avg,0.10,0.32)+0.15*scale(air_yard_share_season_avg,0.08,0.38)+0.15*scale(routes_consistency_index,0.60,0.95)+0.15*scale(target_earning_index,0.12,0.45)+0.15*scale(opportunity_concentration_score,0.18,0.56)","0.50*scale(12.00-feature_finish,0.00,12.00)+0.25*scale(11.00-feature_games_played,0.00,11.00)+0.25*scale(0.14-feature_target_share,0.00,0.14)"
00-0035527,A.Isabella,2022,2023,WR,0.0000,1.2936,0.0000,0.0000,0.0000,0.0000,43.1818,-2.3969,wr_signal_score_role_balanced_v1,"0.50*scale(feature_targets_per_game,4.00,10.00)+0.50*scale(feature_target_share,0.12,0.30)","0.55*scale(feature_ppg_per_target,0.80,2.50)+0.45*scale(feature_ppg,6.00,18.00)","0.40*scale(48.00-feature_finish,0.00,36.00)+0.60*scale(expected_ppg_baseline-feature_ppg,0.00,4.00)","0.65*scale(feature_games_played,8.00,17.00)+0.35*scale(feature_total_ppr,80.00,260.00)","0.50*scale(feature_ppg_minus_cohort_expected,0.00,6.00)+0.30*scale(expected_finish_from_cohort-feature_finish,0.00,36.00)+0.20*scale(cohort_player_count,1.00,18.00)","0.20*scale(route_participation_season_avg,0.50,0.95)+0.20*scale(target_share_season_avg,0.10,0.32)+0.15*scale(air_yard_share_season_avg,0.08,0.38)+0.15*scale(routes_consistency_index,0.60,0.95)+0.15*scale(target_earning_index,0.12,0.45)+0.15*scale(opportunity_concentration_score,0.18,0.56)","0.50*scale(12.00-feature_finish,0.00,12.00)+0.25*scale(11.00-feature_games_played,0.00,11.00)+0.25*scale(0.14-feature_target_share,0.00,0.14)"
00-0033114,M.Thomas,2022,2023,WR,0.0000,0.0000,0.0000,0.0000,0.0000,0.0000,40.9091,-2.4545,wr_signal_score_role_balanced_v1,"0.50*scale(feature_targets_per_game,4.00,10.00)+0.50*scale(feature_target_share,0.12,0.30)","0.55*scale(feature_ppg_per_target,0.80,2.50)+0.45*scale(feature_ppg,6.00,18.00)","0.40*scale(48.00-feature_finish,0.00,36.00)+0.60*scale(expected_ppg_baseline-feature_ppg,0.00,4.00)","0.65*scale(feature_games_played,8.00,17.00)+0.35*scale(feature_total_ppr,80.00,260.00)","0.50*scale(feature_ppg_minus_cohort_expected,0.00,6.00)+0.30*scale(expected_finish_from_cohort-feature_finish,0.00,36.00)+0.20*scale(cohort_player_count,1.00,18.00)","0.20*scale(route_participation_season_avg,0.50,0.95)+0.20*scale(target_share_season_avg,0.10,0.32)+0.15*scale(air_yard_share_season_avg,0.08,0.38)+0.15*scale(routes_consistency_index,0.60,0.95)+0.15*scale(target_earning_index,0.12,0.45)+0.15*scale(opportunity_concentration_score,0.18,0.56)","0.50*scale(12.00-feature_finish,0.00,12.00)+0.25*scale(11.00-feature_games_played,0.00,11.00)+0.25*scale(0.14-feature_target_share,0.00,0.14)"
00-0036439,T.Cleveland,2022,2023,WR,0.0000,0.0000,0.0000,0.0000,0.0000,0.0000,43.1818,-2.5909,wr_signal_score_role_balanced_v1,"0.50*scale(feature_targets_per_game,4.00,10.00)+0.50*scale(feature_target_share,0.12,0.30)","0.55*scale(feature_ppg_per_target,0.80,2.50)+0.45*scale(feature_ppg,6.00,18.00)","0.40*scale(48.00-feature_finish,0.00,36.00)+0.60*scale(expected_ppg_baseline-feature_ppg,0.00,4.00)","0.65*scale(feature_games_played,8.00,17.00)+0.35*scale(feature_total_ppr,80.00,260.00)","0.50*scale(feature_ppg_minus_cohort_expected,0.00,6.00)+0.30*scale(expected_finish_from_cohort-feature_finish,0.00,36.00)+0.20*scale(cohort_player_count,1.00,18.00)","0.20*scale(route_participation_season_avg,0.50,0.95)+0.20*scale(target_share_season_avg,0.10,0.32)+0.15*scale(air_yard_share_season_avg,0.08,0.38)+0.15*scale(routes_consistency_index,0.60,0.95)+0.15*scale(target_earning_index,0.12,0.45)+0.15*scale(opportunity_concentration_score,0.18,0.56)","0.50*scale(12.00-feature_finish,0.00,12.00)+0.25*scale(11.00-feature_games_played,0.00,11.00)+0.25*scale(0.14-feature_target_share,0.00,0.14)"
00-0036963,A.St. Brown,2023,2024,WR,50.0000,84.3956,40.0000,92.7778,100.0000,0.0000,58.3334,57.6204,wr_signal_score_role_balanced_v1,"0.50*scale(feature_targets_per_game,4.00,10.00)+0.50*scale(feature_target_share,0.12,0.30)","0.55*scale(feature_ppg_per_target,0.80,2.50)+0.45*scale(feature_ppg,6.00,18.00)","0.40*scale(48.00-feature_finish,0.00,36.00)+0.60*scale(expected_ppg_baseline-feature_ppg,0.00,4.00)","0.65*scale(feature_games_played,8.00,17.00)+0.35*scale(feature_total_ppr,80.00,260.00)","0.50*scale(feature_ppg_minus_cohort_expected,0.00,6.00)+0.30*scale(expected_finish_from_cohort-feature_finish,0.00,36.00)+0.20*scale(cohort_player_count,1.00,18.00)","0.20*scale(route_participation_season_avg,0.50,0.95)+0.20*scale(target_share_season_avg,0.10,0.32)+0.15*scale(air_yard_share_season_avg,0.08,0.38)+0.15*scale(routes_consistency_index,0.60,0.95)+0.15*scale(target_earning_index,0.12,0.45)+0.15*scale(opportunity_concentration_score,0.18,0.56)","0.50*scale(12.00-feature_finish,0.00,12.00)+0.25*scale(11.00-feature_games_played,0.00,11.00)+0.25*scale(0.14-feature_target_share,0.00,0.14)"
00-0039075,P.Nacua,2023,2024,WR,45.0984,77.8214,40.0000,100.0000,100.0000,0.0000,50.0000,56.8968,wr_signal_score_role_balanced_v1,"0.50*scale(feature_targets_per_game,4.00,10.00)+0.50*scale(feature_target_share,0.12,0.30)","0.55*scale(feature_ppg_per_target,0.80,2.50)+0.45*scale(feature_ppg,6.00,18.00)","0.40*scale(48.00-feature_finish,0.00,36.00)+0.60*scale(expected_ppg_baseline-feature_ppg,0.00,4.00)","0.65*scale(feature_games_played,8.00,17.00)+0.35*scale(feature_total_ppr,80.00,260.00)","0.50*scale(feature_ppg_minus_cohort_expected,0.00,6.00)+0.30*scale(expected_finish_from_cohort-feature_finish,0.00,36.00)+0.20*scale(cohort_player_count,1.00,18.00)","0.20*scale(route_participation_season_avg,0.50,0.95)+0.20*scale(target_share_season_avg,0.10,0.32)+0.15*scale(air_yard_share_season_avg,0.08,0.38)+0.15*scale(routes_consistency_index,0.60,0.95)+0.15*scale(target_earning_index,0.12,0.45)+0.15*scale(opportunity_concentration_score,0.18,0.56)","0.50*scale(12.00-feature_finish,0.00,12.00)+0.25*scale(11.00-feature_games_played,0.00,11.00)+0.25*scale(0.14-feature_target_share,0.00,0.14)"
00-0036900,J.Chase,2023,2024,WR,42.1875,71.8117,38.8889,92.7778,100.0000,0.0000,25.0000,55.6801,wr_signal_score_role_balanced_v1,"0.50*scale(feature_targets_per_game,4.00,10.00)+0.50*scale(feature_target_share,0.12,0.30)","0.55*scale(feature_ppg_per_target,0.80,2.50)+0.45*scale(feature_ppg,6.00,18.00)","0.40*scale(48.00-feature_finish,0.00,36.00)+0.60*scale(expected_ppg_baseline-feature_ppg,0.00,4.00)","0.65*scale(feature_games_played,8.00,17.00)+0.35*scale(feature_total_ppr,80.00,260.00)","0.50*scale(feature_ppg_minus_cohort_expected,0.00,6.00)+0.30*scale(expected_finish_from_cohort-feature_finish,0.00,36.00)+0.20*scale(cohort_player_count,1.00,18.00)","0.20*scale(route_participation_season_avg,0.50,0.95)+0.20*scale(target_share_season_avg,0.10,0.32)+0.15*scale(air_yard_share_season_avg,0.08,0.38)+0.15*scale(routes_consistency_index,0.60,0.95)+0.15*scale(target_earning_index,0.12,0.45)+0.15*scale(opportunity_concentration_score,0.18,0.56)","0.50*scale(12.00-feature_finish,0.00,12.00)+0.25*scale(11.00-feature_games_played,0.00,11.00)+0.25*scale(0.14-feature_target_share,0.00,0.14)"
00-0036554,N.Collins,2023,2024,WR,27.2225,94.0082,40.0000,85.5556,100.0000,0.0000,45.8333,53.4069,wr_signal_score_role_balanced_v1,"0.50*scale(feature_targets_per_game,4.00,10.00)+0.50*scale(feature_target_share,0.12,0.30)","0.55*scale(feature_ppg_per_target,0.80,2.50)+0.45*scale(feature_ppg,6.00,18.00)","0.40*scale(48.00-feature_finish,0.00,36.00)+0.60*scale(expected_ppg_baseline-feature_ppg,0.00,4.00)","0.65*scale(feature_games_played,8.00,17.00)+0.35*scale(feature_total_ppr,80.00,260.00)","0.50*scale(feature_ppg_minus_cohort_expected,0.00,6.00)+0.30*scale(expected_finish_from_cohort-feature_finish,0.00,36.00)+0.20*scale(cohort_player_count,1.00,18.00)","0.20*scale(route_participation_season_avg,0.50,0.95)+0.20*scale(target_share_season_avg,0.10,0.32)+0.15*scale(air_yard_share_season_avg,0.08,0.38)+0.15*scale(routes_consistency_index,0.60,0.95)+0.15*scale(target_earning_index,0.12,0.45)+0.15*scale(opportunity_concentration_score,0.18,0.56)","0.50*scale(12.00-feature_finish,0.00,12.00)+0.25*scale(11.00-feature_games_played,0.00,11.00)+0.25*scale(0.14-feature_target_share,0.00,0.14)"
00-0037239,C.Olave,2023,2024,WR,38.5416,60.0551,31.1111,87.1972,100.0000,0.0000,25.0000,51.0717,wr_signal_score_role_balanced_v1,"0.50*scale(feature_targets_per_game,4.00,10.00)+0.50*scale(feature_target_share,0.12,0.30)","0.55*scale(feature_ppg_per_target,0.80,2.50)+0.45*scale(feature_ppg,6.00,18.00)","0.40*scale(48.00-feature_finish,0.00,36.00)+0.60*scale(expected_ppg_baseline-feature_ppg,0.00,4.00)","0.65*scale(feature_games_played,8.00,17.00)+0.35*scale(feature_total_ppr,80.00,260.00)","0.50*scale(feature_ppg_minus_cohort_expected,0.00,6.00)+0.30*scale(expected_finish_from_cohort-feature_finish,0.00,36.00)+0.20*scale(cohort_player_count,1.00,18.00)","0.20*scale(route_participation_season_avg,0.50,0.95)+0.20*scale(target_share_season_avg,0.10,0.32)+0.15*scale(air_yard_share_season_avg,0.08,0.38)+0.15*scale(routes_consistency_index,0.60,0.95)+0.15*scale(target_earning_index,0.12,0.45)+0.15*scale(opportunity_concentration_score,0.18,0.56)","0.50*scale(12.00-feature_finish,0.00,12.00)+0.25*scale(11.00-feature_games_played,0.00,11.00)+0.25*scale(0.14-feature_target_share,0.00,0.14)"
00-0036912,D.Smith,2023,2024,WR,25.0000,70.7072,30.0000,86.4778,100.0000,0.0000,25.0000,49.1482,wr_signal_score_role_balanced_v1,"0.50*scale(feature_targets_per_game,4.00,10.00)+0.50*scale(feature_target_share,0.12,0.30)","0.55*scale(feature_ppg_per_target,0.80,2.50)+0.45*scale(feature_ppg,6.00,18.00)","0.40*scale(48.00-feature_finish,0.00,36.00)+0.60*scale(expected_ppg_baseline-feature_ppg,0.00,4.00)","0.65*scale(feature_games_played,8.00,17.00)+0.35*scale(feature_total_ppr,80.00,260.00)","0.50*scale(feature_ppg_minus_cohort_expected,0.00,6.00)+0.30*scale(expected_finish_from_cohort-feature_finish,0.00,36.00)+0.20*scale(cohort_player_count,1.00,18.00)","0.20*scale(route_participation_season_avg,0.50,0.95)+0.20*scale(target_share_season_avg,0.10,0.32)+0.15*scale(air_yard_share_season_avg,0.08,0.38)+0.15*scale(routes_consistency_index,0.60,0.95)+0.15*scale(target_earning_index,0.12,0.45)+0.15*scale(opportunity_concentration_score,0.18,0.56)","0.50*scale(12.00-feature_finish,0.00,12.00)+0.25*scale(11.00-feature_games_played,0.00,11.00)+0.25*scale(0.14-feature_target_share,0.00,0.14)"
00-0034837,C.Ridley,2023,2024,WR,33.3334,57.0215,22.2222,94.1472,97.7625,0.0000,25.0000,48.4452,wr_signal_score_role_balanced_v1,"0.50*scale(feature_targets_per_game,4.00,10.00)+0.50*scale(feature_target_share,0.12,0.30)","0.55*scale(feature_ppg_per_target,0.80,2.50)+0.45*scale(feature_ppg,6.00,18.00)","0.40*scale(48.00-feature_finish,0.00,36.00)+0.60*scale(expected_ppg_baseline-feature_ppg,0.00,4.00)","0.65*scale(feature_games_played,8.00,17.00)+0.35*scale(feature_total_ppr,80.00,260.00)","0.50*scale(feature_ppg_minus_cohort_expected,0.00,6.00)+0.30*scale(expected_finish_from_cohort-feature_finish,0.00,36.00)+0.20*scale(cohort_player_count,1.00,18.00)","0.20*scale(route_participation_season_avg,0.50,0.95)+0.20*scale(target_share_season_avg,0.10,0.32)+0.15*scale(air_yard_share_season_avg,0.08,0.38)+0.15*scale(routes_consistency_index,0.60,0.95)+0.15*scale(target_earning_index,0.12,0.45)+0.15*scale(opportunity_concentration_score,0.18,0.56)","0.50*scale(12.00-feature_finish,0.00,12.00)+0.25*scale(11.00-feature_games_played,0.00,11.00)+0.25*scale(0.14-feature_target_share,0.00,0.14)"
00-0037740,G.Wilson,2023,2024,WR,49.0200,39.7044,16.6667,90.9000,93.7833,0.0000,25.0000,47.5851,wr_signal_score_role_balanced_v1,"0.50*scale(feature_targets_per_game,4.00,10.00)+0.50*scale(feature_target_share,0.12,0.30)","0.55*scale(feature_ppg_per_target,0.80,2.50)+0.45*scale(feature_ppg,6.00,18.00)","0.40*scale(48.00-feature_finish,0.00,36.00)+0.60*scale(expected_ppg_baseline-feature_ppg,0.00,4.00)","0.65*scale(feature_games_played,8.00,17.00)+0.35*scale(feature_total_ppr,80.00,260.00)","0.50*scale(feature_ppg_minus_cohort_expected,0.00,6.00)+0.30*scale(expected_finish_from_cohort-feature_finish,0.00,36.00)+0.20*scale(cohort_player_count,1.00,18.00)","0.20*scale(route_participation_season_avg,0.50,0.95)+0.20*scale(target_share_season_avg,0.10,0.32)+0.15*scale(air_yard_share_season_avg,0.08,0.38)+0.15*scale(routes_consistency_index,0.60,0.95)+0.15*scale(target_earning_index,0.12,0.45)+0.15*scale(opportunity_concentration_score,0.18,0.56)","0.50*scale(12.00-feature_finish,0.00,12.00)+0.25*scale(11.00-feature_games_played,0.00,11.00)+0.25*scale(0.14-feature_target_share,0.00,0.14)"
00-0036613,J.Waddle,2023,2024,WR,28.5717,66.5955,28.8889,66.3945,100.0000,0.0000,25.0000,46.6000,wr_signal_score_role_balanced_v1,"0.50*scale(feature_targets_per_game,4.00,10.00)+0.50*scale(feature_target_share,0.12,0.30)","0.55*scale(feature_ppg_per_target,0.80,2.50)+0.45*scale(feature_ppg,6.00,18.00)","0.40*scale(48.00-feature_finish,0.00,36.00)+0.60*scale(expected_ppg_baseline-feature_ppg,0.00,4.00)","0.65*scale(feature_games_played,8.00,17.00)+0.35*scale(feature_total_ppr,80.00,260.00)","0.50*scale(feature_ppg_minus_cohort_expected,0.00,6.00)+0.30*scale(expected_finish_from_cohort-feature_finish,0.00,36.00)+0.20*scale(cohort_player_count,1.00,18.00)","0.20*scale(route_participation_season_avg,0.50,0.95)+0.20*scale(target_share_season_avg,0.10,0.32)+0.15*scale(air_yard_share_season_avg,0.08,0.38)+0.15*scale(routes_consistency_index,0.60,0.95)+0.15*scale(target_earning_index,0.12,0.45)+0.15*scale(opportunity_concentration_score,0.18,0.56)","0.50*scale(12.00-feature_finish,0.00,12.00)+0.25*scale(11.00-feature_games_played,0.00,11.00)+0.25*scale(0.14-feature_target_share,0.00,0.14)"
00-0039146,J.Reed,2023,2024,WR,15.6250,77.2799,23.3333,84.4556,100.0000,0.0000,25.0000,46.5545,wr_signal_score_role_balanced_v1,"0.50*scale(feature_targets_per_game,4.00,10.00)+0.50*scale(feature_target_share,0.12,0.30)","0.55*scale(feature_ppg_per_target,0.80,2.50)+0.45*scale(feature_ppg,6.00,18.00)","0.40*scale(48.00-feature_finish,0.00,36.00)+0.60*scale(expected_ppg_baseline-feature_ppg,0.00,4.00)","0.65*scale(feature_games_played,8.00,17.00)+0.35*scale(feature_total_ppr,80.00,260.00)","0.50*scale(feature_ppg_minus_cohort_expected,0.00,6.00)+0.30*scale(expected_finish_from_cohort-feature_finish,0.00,36.00)+0.20*scale(cohort_player_count,1.00,18.00)","0.20*scale(route_participation_season_avg,0.50,0.95)+0.20*scale(target_share_season_avg,0.10,0.32)+0.15*scale(air_yard_share_season_avg,0.08,0.38)+0.15*scale(routes_consistency_index,0.60,0.95)+0.15*scale(target_earning_index,0.12,0.45)+0.15*scale(opportunity_concentration_score,0.18,0.56)","0.50*scale(12.00-feature_finish,0.00,12.00)+0.25*scale(11.00-feature_games_played,0.00,11.00)+0.25*scale(0.14-feature_target_share,0.00,0.14)"
00-0038977,T.Dell,2023,2024,WR,29.1667,84.6691,40.0000,30.9722,100.0000,0.0000,27.2727,46.4904,wr_signal_score_role_balanced_v1,"0.50*scale(feature_targets_per_game,4.00,10.00)+0.50*scale(feature_target_share,0.12,0.30)","0.55*scale(feature_ppg_per_target,0.80,2.50)+0.45*scale(feature_ppg,6.00,18.00)","0.40*scale(48.00-feature_finish,0.00,36.00)+0.60*scale(expected_ppg_baseline-feature_ppg,0.00,4.00)","0.65*scale(feature_games_played,8.00,17.00)+0.35*scale(feature_total_ppr,80.00,260.00)","0.50*scale(feature_ppg_minus_cohort_expected,0.00,6.00)+0.30*scale(expected_finish_from_cohort-feature_finish,0.00,36.00)+0.20*scale(cohort_player_count,1.00,18.00)","0.20*scale(route_participation_season_avg,0.50,0.95)+0.20*scale(target_share_season_avg,0.10,0.32)+0.15*scale(air_yard_share_season_avg,0.08,0.38)+0.15*scale(routes_consistency_index,0.60,0.95)+0.15*scale(target_earning_index,0.12,0.45)+0.15*scale(opportunity_concentration_score,0.18,0.56)","0.50*scale(12.00-feature_finish,0.00,12.00)+0.25*scale(11.00-feature_games_played,0.00,11.00)+0.25*scale(0.14-feature_target_share,0.00,0.14)"
00-0038994,J.Addison,2023,2024,WR,19.6075,66.7276,18.8889,92.4750,99.4484,0.0000,25.0000,46.1596,wr_signal_score_role_balanced_v1,"0.50*scale(feature_targets_per_game,4.00,10.00)+0.50*scale(feature_target_share,0.12,0.30)","0.55*scale(feature_ppg_per_target,0.80,2.50)+0.45*scale(feature_ppg,6.00,18.00)","0.40*scale(48.00-feature_finish,0.00,36.00)+0.60*scale(expected_ppg_baseline-feature_ppg,0.00,4.00)","0.65*scale(feature_games_played,8.00,17.00)+0.35*scale(feature_total_ppr,80.00,260.00)","0.50*scale(feature_ppg_minus_cohort_expected,0.00,6.00)+0.30*scale(expected_finish_from_cohort-feature_finish,0.00,36.00)+0.20*scale(cohort_player_count,1.00,18.00)","0.20*scale(route_participation_season_avg,0.50,0.95)+0.20*scale(target_share_season_avg,0.10,0.32)+0.15*scale(air_yard_share_season_avg,0.08,0.38)+0.15*scale(routes_consistency_index,0.60,0.95)+0.15*scale(target_earning_index,0.12,0.45)+0.15*scale(opportunity_concentration_score,0.18,0.56)","0.50*scale(12.00-feature_finish,0.00,12.00)+0.25*scale(11.00-feature_games_played,0.00,11.00)+0.25*scale(0.14-feature_target_share,0.00,0.14)"
00-0039067,R.Rice,2023,2024,WR,19.7917,68.8241,21.1111,83.5417,100.0000,0.0000,25.0000,45.8118,wr_signal_score_role_balanced_v1,"0.50*scale(feature_targets_per_game,4.00,10.00)+0.50*scale(feature_target_share,0.12,0.30)","0.55*scale(feature_ppg_per_target,0.80,2.50)+0.45*scale(feature_ppg,6.00,18.00)","0.40*scale(48.00-feature_finish,0.00,36.00)+0.60*scale(expected_ppg_baseline-feature_ppg,0.00,4.00)","0.65*scale(feature_games_played,8.00,17.00)+0.35*scale(feature_total_ppr,80.00,260.00)","0.50*scale(feature_ppg_minus_cohort_expected,0.00,6.00)+0.30*scale(expected_finish_from_cohort-feature_finish,0.00,36.00)+0.20*scale(cohort_player_count,1.00,18.00)","0.20*scale(route_participation_season_avg,0.50,0.95)+0.20*scale(target_share_season_avg,0.10,0.32)+0.15*scale(air_yard_share_season_avg,0.08,0.38)+0.15*scale(routes_consistency_index,0.60,0.95)+0.15*scale(target_earning_index,0.12,0.45)+0.15*scale(opportunity_concentration_score,0.18,0.56)","0.50*scale(12.00-feature_finish,0.00,12.00)+0.25*scale(11.00-feature_games_played,0.00,11.00)+0.25*scale(0.14-feature_target_share,0.00,0.14)"
00-0039064,Z.Flowers,2023,2024,WR,22.9167,61.8227,17.7778,82.3556,98.4684,0.0000,25.0000,44.5484,wr_signal_score_role_balanced_v1,"0.50*scale(feature_targets_per_game,4.00,10.00)+0.50*scale(feature_target_share,0.12,0.30)","0.55*scale(feature_ppg_per_target,0.80,2.50)+0.45*scale(feature_ppg,6.00,18.00)","0.40*scale(48.00-feature_finish,0.00,36.00)+0.60*scale(expected_ppg_baseline-feature_ppg,0.00,4.00)","0.65*scale(feature_games_played,8.00,17.00)+0.35*scale(feature_total_ppr,80.00,260.00)","0.50*scale(feature_ppg_minus_cohort_expected,0.00,6.00)+0.30*scale(expected_finish_from_cohort-feature_finish,0.00,36.00)+0.20*scale(cohort_player_count,1.00,18.00)","0.20*scale(route_participation_season_avg,0.50,0.95)+0.20*scale(target_share_season_avg,0.10,0.32)+0.15*scale(air_yard_share_season_avg,0.08,0.38)+0.15*scale(routes_consistency_index,0.60,0.95)+0.15*scale(target_earning_index,0.12,0.45)+0.15*scale(opportunity_concentration_score,0.18,0.56)","0.50*scale(12.00-feature_finish,0.00,12.00)+0.25*scale(11.00-feature_games_played,0.00,11.00)+0.25*scale(0.14-feature_target_share,0.00,0.14)"
00-0037247,G.Pickens,2023,2024,WR,18.6275,61.4057,12.2222,90.0445,91.6266,0.0000,25.0000,42.3356,wr_signal_score_role_balanced_v1,"0.50*scale(feature_targets_per_game,4.00,10.00)+0.50*scale(feature_target_share,0.12,0.30)","0.55*scale(feature_ppg_per_target,0.80,2.50)+0.45*scale(feature_ppg,6.00,18.00)","0.40*scale(48.00-feature_finish,0.00,36.00)+0.60*scale(expected_ppg_baseline-feature_ppg,0.00,4.00)","0.65*scale(feature_games_played,8.00,17.00)+0.35*scale(feature_total_ppr,80.00,260.00)","0.50*scale(feature_ppg_minus_cohort_expected,0.00,6.00)+0.30*scale(expected_finish_from_cohort-feature_finish,0.00,36.00)+0.20*scale(cohort_player_count,1.00,18.00)","0.20*scale(route_participation_season_avg,0.50,0.95)+0.20*scale(target_share_season_avg,0.10,0.32)+0.15*scale(air_yard_share_season_avg,0.08,0.38)+0.15*scale(routes_consistency_index,0.60,0.95)+0.15*scale(target_earning_index,0.12,0.45)+0.15*scale(opportunity_concentration_score,0.18,0.56)","0.50*scale(12.00-feature_finish,0.00,12.00)+0.25*scale(11.00-feature_games_played,0.00,11.00)+0.25*scale(0.14-feature_target_share,0.00,0.14)"
00-0036358,C.Lamb,2023,2024,WR,50.0000,91.5451,40.0000,100.0000,0.0000,0.0000,70.8333,40.8818,wr_signal_score_role_balanced_v1,"0.50*scale(feature_targets_per_game,4.00,10.00)+0.50*scale(feature_target_share,0.12,0.30)","0.55*scale(feature_ppg_per_target,0.80,2.50)+0.45*scale(feature_ppg,6.00,18.00)","0.40*scale(48.00-feature_finish,0.00,36.00)+0.60*scale(expected_ppg_baseline-feature_ppg,0.00,4.00)","0.65*scale(feature_games_played,8.00,17.00)+0.35*scale(feature_total_ppr,80.00,260.00)","0.50*scale(feature_ppg_minus_cohort_expected,0.00,6.00)+0.30*scale(expected_finish_from_cohort-feature_finish,0.00,36.00)+0.20*scale(cohort_player_count,1.00,18.00)","0.20*scale(route_participation_season_avg,0.50,0.95)+0.20*scale(target_share_season_avg,0.10,0.32)+0.15*scale(air_yard_share_season_avg,0.08,0.38)+0.15*scale(routes_consistency_index,0.60,0.95)+0.15*scale(target_earning_index,0.12,0.45)+0.15*scale(opportunity_concentration_score,0.18,0.56)","0.50*scale(12.00-feature_finish,0.00,12.00)+0.25*scale(11.00-feature_games_played,0.00,11.00)+0.25*scale(0.14-feature_target_share,0.00,0.14)"
00-0033040,T.Hill,2023,2024,WR,50.0000,90.3319,40.0000,92.7778,0.0000,0.0000,66.6667,40.0109,wr_signal_score_role_balanced_v1,"0.50*scale(feature_targets_per_game,4.00,10.00)+0.50*scale(feature_target_share,0.12,0.30)","0.55*scale(feature_ppg_per_target,0.80,2.50)+0.45*scale(feature_ppg,6.00,18.00)","0.40*scale(48.00-feature_finish,0.00,36.00)+0.60*scale(expected_ppg_baseline-feature_ppg,0.00,4.00)","0.65*scale(feature_games_played,8.00,17.00)+0.35*scale(feature_total_ppr,80.00,260.00)","0.50*scale(feature_ppg_minus_cohort_expected,0.00,6.00)+0.30*scale(expected_finish_from_cohort-feature_finish,0.00,36.00)+0.20*scale(cohort_player_count,1.00,18.00)","0.20*scale(route_participation_season_avg,0.50,0.95)+0.20*scale(target_share_season_avg,0.10,0.32)+0.15*scale(air_yard_share_season_avg,0.08,0.38)+0.15*scale(routes_consistency_index,0.60,0.95)+0.15*scale(target_earning_index,0.12,0.45)+0.15*scale(opportunity_concentration_score,0.18,0.56)","0.50*scale(12.00-feature_finish,0.00,12.00)+0.25*scale(11.00-feature_games_played,0.00,11.00)+0.25*scale(0.14-feature_target_share,0.00,0.14)"
00-0035676,A.Brown,2023,2024,WR,44.1175,74.8002,40.0000,100.0000,0.0000,0.0000,41.6667,38.7082,wr_signal_score_role_balanced_v1,"0.50*scale(feature_targets_per_game,4.00,10.00)+0.50*scale(feature_target_share,0.12,0.30)","0.55*scale(feature_ppg_per_target,0.80,2.50)+0.45*scale(feature_ppg,6.00,18.00)","0.40*scale(48.00-feature_finish,0.00,36.00)+0.60*scale(expected_ppg_baseline-feature_ppg,0.00,4.00)","0.65*scale(feature_games_played,8.00,17.00)+0.35*scale(feature_total_ppr,80.00,260.00)","0.50*scale(feature_ppg_minus_cohort_expected,0.00,6.00)+0.30*scale(expected_finish_from_cohort-feature_finish,0.00,36.00)+0.20*scale(cohort_player_count,1.00,18.00)","0.20*scale(route_participation_season_avg,0.50,0.95)+0.20*scale(target_share_season_avg,0.10,0.32)+0.15*scale(air_yard_share_season_avg,0.08,0.38)+0.15*scale(routes_consistency_index,0.60,0.95)+0.15*scale(target_earning_index,0.12,0.45)+0.15*scale(opportunity_concentration_score,0.18,0.56)","0.50*scale(12.00-feature_finish,0.00,12.00)+0.25*scale(11.00-feature_games_played,0.00,11.00)+0.25*scale(0.14-feature_target_share,0.00,0.14)"
00-0031588,S.Diggs,2023,2024,WR,45.0984,67.3785,36.6667,100.0000,0.0000,0.0000,25.0000,38.2971,wr_signal_score_role_balanced_v1,"0.50*scale(feature_targets_per_game,4.00,10.00)+0.50*scale(feature_target_share,0.12,0.30)","0.55*scale(feature_ppg_per_target,0.80,2.50)+0.45*scale(feature_ppg,6.00,18.00)","0.40*scale(48.00-feature_finish,0.00,36.00)+0.60*scale(expected_ppg_baseline-feature_ppg,0.00,4.00)","0.65*scale(feature_games_played,8.00,17.00)+0.35*scale(feature_total_ppr,80.00,260.00)","0.50*scale(feature_ppg_minus_cohort_expected,0.00,6.00)+0.30*scale(expected_finish_from_cohort-feature_finish,0.00,36.00)+0.20*scale(cohort_player_count,1.00,18.00)","0.20*scale(route_participation_season_avg,0.50,0.95)+0.20*scale(target_share_season_avg,0.10,0.32)+0.15*scale(air_yard_share_season_avg,0.08,0.38)+0.15*scale(routes_consistency_index,0.60,0.95)+0.15*scale(target_earning_index,0.12,0.45)+0.15*scale(opportunity_concentration_score,0.18,0.56)","0.50*scale(12.00-feature_finish,0.00,12.00)+0.25*scale(11.00-feature_games_played,0.00,11.00)+0.25*scale(0.14-feature_target_share,0.00,0.14)"
00-0031381,D.Adams,2023,2024,WR,50.0000,59.2275,34.4444,100.0000,0.0000,0.0000,25.0000,37.8952,wr_signal_score_role_balanced_v1,"0.50*scale(feature_targets_per_game,4.00,10.00)+0.50*scale(feature_target_share,0.12,0.30)","0.55*scale(feature_ppg_per_target,0.80,2.50)+0.45*scale(feature_ppg,6.00,18.00)","0.40*scale(48.00-feature_finish,0.00,36.00)+0.60*scale(expected_ppg_baseline-feature_ppg,0.00,4.00)","0.65*scale(feature_games_played,8.00,17.00)+0.35*scale(feature_total_ppr,80.00,260.00)","0.50*scale(feature_ppg_minus_cohort_expected,0.00,6.00)+0.30*scale(expected_finish_from_cohort-feature_finish,0.00,36.00)+0.20*scale(cohort_player_count,1.00,18.00)","0.20*scale(route_participation_season_avg,0.50,0.95)+0.20*scale(target_share_season_avg,0.10,0.32)+0.15*scale(air_yard_share_season_avg,0.08,0.38)+0.15*scale(routes_consistency_index,0.60,0.95)+0.15*scale(target_earning_index,0.12,0.45)+0.15*scale(opportunity_concentration_score,0.18,0.56)","0.50*scale(12.00-feature_finish,0.00,12.00)+0.25*scale(11.00-feature_games_played,0.00,11.00)+0.25*scale(0.14-feature_target_share,0.00,0.14)"
00-0031408,M.Evans,2023,2024,WR,33.3334,81.1374,40.0000,100.0000,0.0000,0.0000,29.1667,37.8206,wr_signal_score_role_balanced_v1,"0.50*scale(feature_targets_per_game,4.00,10.00)+0.50*scale(feature_target_share,0.12,0.30)","0.55*scale(feature_ppg_per_target,0.80,2.50)+0.45*scale(feature_ppg,6.00,18.00)","0.40*scale(48.00-feature_finish,0.00,36.00)+0.60*scale(expected_ppg_baseline-feature_ppg,0.00,4.00)","0.65*scale(feature_games_played,8.00,17.00)+0.35*scale(feature_total_ppr,80.00,260.00)","0.50*scale(feature_ppg_minus_cohort_expected,0.00,6.00)+0.30*scale(expected_finish_from_cohort-feature_finish,0.00,36.00)+0.20*scale(cohort_player_count,1.00,18.00)","0.20*scale(route_participation_season_avg,0.50,0.95)+0.20*scale(target_share_season_avg,0.10,0.32)+0.15*scale(air_yard_share_season_avg,0.08,0.38)+0.15*scale(routes_consistency_index,0.60,0.95)+0.15*scale(target_earning_index,0.12,0.45)+0.15*scale(opportunity_concentration_score,0.18,0.56)","0.50*scale(12.00-feature_finish,0.00,12.00)+0.25*scale(11.00-feature_games_played,0.00,11.00)+0.25*scale(0.14-feature_target_share,0.00,0.14)"
00-0034827,D.Moore,2023,2024,WR,33.3334,82.9713,40.0000,100.0000,0.0000,0.0000,37.5000,37.5957,wr_signal_score_role_balanced_v1,"0.50*scale(feature_targets_per_game,4.00,10.00)+0.50*scale(feature_target_share,0.12,0.30)","0.55*scale(feature_ppg_per_target,0.80,2.50)+0.45*scale(feature_ppg,6.00,18.00)","0.40*scale(48.00-feature_finish,0.00,36.00)+0.60*scale(expected_ppg_baseline-feature_ppg,0.00,4.00)","0.65*scale(feature_games_played,8.00,17.00)+0.35*scale(feature_total_ppr,80.00,260.00)","0.50*scale(feature_ppg_minus_cohort_expected,0.00,6.00)+0.30*scale(expected_finish_from_cohort-feature_finish,0.00,36.00)+0.20*scale(cohort_player_count,1.00,18.00)","0.20*scale(route_participation_season_avg,0.50,0.95)+0.20*scale(target_share_season_avg,0.10,0.32)+0.15*scale(air_yard_share_season_avg,0.08,0.38)+0.15*scale(routes_consistency_index,0.60,0.95)+0.15*scale(target_earning_index,0.12,0.45)+0.15*scale(opportunity_concentration_score,0.18,0.56)","0.50*scale(12.00-feature_finish,0.00,12.00)+0.25*scale(11.00-feature_games_played,0.00,11.00)+0.25*scale(0.14-feature_target_share,0.00,0.14)"
00-0036252,M.Pittman,2023,2024,WR,47.9166,63.0310,35.5556,91.2611,0.0000,0.0000,25.0000,37.0075,wr_signal_score_role_balanced_v1,"0.50*scale(feature_targets_per_game,4.00,10.00)+0.50*scale(feature_target_share,0.12,0.30)","0.55*scale(feature_ppg_per_target,0.80,2.50)+0.45*scale(feature_ppg,6.00,18.00)","0.40*scale(48.00-feature_finish,0.00,36.00)+0.60*scale(expected_ppg_baseline-feature_ppg,0.00,4.00)","0.65*scale(feature_games_played,8.00,17.00)+0.35*scale(feature_total_ppr,80.00,260.00)","0.50*scale(feature_ppg_minus_cohort_expected,0.00,6.00)+0.30*scale(expected_finish_from_cohort-feature_finish,0.00,36.00)+0.20*scale(cohort_player_count,1.00,18.00)","0.20*scale(route_participation_season_avg,0.50,0.95)+0.20*scale(target_share_season_avg,0.10,0.32)+0.15*scale(air_yard_share_season_avg,0.08,0.38)+0.15*scale(routes_consistency_index,0.60,0.95)+0.15*scale(target_earning_index,0.12,0.45)+0.15*scale(opportunity_concentration_score,0.18,0.56)","0.50*scale(12.00-feature_finish,0.00,12.00)+0.25*scale(11.00-feature_games_played,0.00,11.00)+0.25*scale(0.14-feature_target_share,0.00,0.14)"
00-0030279,K.Allen,2023,2024,WR,50.0000,79.2637,40.0000,71.1111,0.0000,0.0000,62.5000,35.7840,wr_signal_score_role_balanced_v1,"0.50*scale(feature_targets_per_game,4.00,10.00)+0.50*scale(feature_target_share,0.12,0.30)","0.55*scale(feature_ppg_per_target,0.80,2.50)+0.45*scale(feature_ppg,6.00,18.00)","0.40*scale(48.00-feature_finish,0.00,36.00)+0.60*scale(expected_ppg_baseline-feature_ppg,0.00,4.00)","0.65*scale(feature_games_played,8.00,17.00)+0.35*scale(feature_total_ppr,80.00,260.00)","0.50*scale(feature_ppg_minus_cohort_expected,0.00,6.00)+0.30*scale(expected_finish_from_cohort-feature_finish,0.00,36.00)+0.20*scale(cohort_player_count,1.00,18.00)","0.20*scale(route_participation_season_avg,0.50,0.95)+0.20*scale(target_share_season_avg,0.10,0.32)+0.15*scale(air_yard_share_season_avg,0.08,0.38)+0.15*scale(routes_consistency_index,0.60,0.95)+0.15*scale(target_earning_index,0.12,0.45)+0.15*scale(opportunity_concentration_score,0.18,0.56)","0.50*scale(12.00-feature_finish,0.00,12.00)+0.25*scale(11.00-feature_games_played,0.00,11.00)+0.25*scale(0.14-feature_target_share,0.00,0.14)"
00-0037238,D.London,2023,2024,WR,23.9583,43.7760,2.2222,76.1294,80.0958,0.0000,25.0000,35.4860,wr_signal_score_role_balanced_v1,"0.50*scale(feature_targets_per_game,4.00,10.00)+0.50*scale(feature_target_share,0.12,0.30)","0.55*scale(feature_ppg_per_target,0.80,2.50)+0.45*scale(feature_ppg,6.00,18.00)","0.40*scale(48.00-feature_finish,0.00,36.00)+0.60*scale(expected_ppg_baseline-feature_ppg,0.00,4.00)","0.65*scale(feature_games_played,8.00,17.00)+0.35*scale(feature_total_ppr,80.00,260.00)","0.50*scale(feature_ppg_minus_cohort_expected,0.00,6.00)+0.30*scale(expected_finish_from_cohort-feature_finish,0.00,36.00)+0.20*scale(cohort_player_count,1.00,18.00)","0.20*scale(route_participation_season_avg,0.50,0.95)+0.20*scale(target_share_season_avg,0.10,0.32)+0.15*scale(air_yard_share_season_avg,0.08,0.38)+0.15*scale(routes_consistency_index,0.60,0.95)+0.15*scale(target_earning_index,0.12,0.45)+0.15*scale(opportunity_concentration_score,0.18,0.56)","0.50*scale(12.00-feature_finish,0.00,12.00)+0.25*scale(11.00-feature_games_played,0.00,11.00)+0.25*scale(0.14-feature_target_share,0.00,0.14)"
00-0036261,B.Aiyuk,2023,2024,WR,21.3542,86.8082,33.3333,90.6778,0.0000,0.0000,25.0000,33.7677,wr_signal_score_role_balanced_v1,"0.50*scale(feature_targets_per_game,4.00,10.00)+0.50*scale(feature_target_share,0.12,0.30)","0.55*scale(feature_ppg_per_target,0.80,2.50)+0.45*scale(feature_ppg,6.00,18.00)","0.40*scale(48.00-feature_finish,0.00,36.00)+0.60*scale(expected_ppg_baseline-feature_ppg,0.00,4.00)","0.65*scale(feature_games_played,8.00,17.00)+0.35*scale(feature_total_ppr,80.00,260.00)","0.50*scale(feature_ppg_minus_cohort_expected,0.00,6.00)+0.30*scale(expected_finish_from_cohort-feature_finish,0.00,36.00)+0.20*scale(cohort_player_count,1.00,18.00)","0.20*scale(route_participation_season_avg,0.50,0.95)+0.20*scale(target_share_season_avg,0.10,0.32)+0.15*scale(air_yard_share_season_avg,0.08,0.38)+0.15*scale(routes_consistency_index,0.60,0.95)+0.15*scale(target_earning_index,0.12,0.45)+0.15*scale(opportunity_concentration_score,0.18,0.56)","0.50*scale(12.00-feature_finish,0.00,12.00)+0.25*scale(11.00-feature_games_played,0.00,11.00)+0.25*scale(0.14-feature_target_share,0.00,0.14)"
00-0037816,R.Doubs,2023,2024,WR,13.7258,48.8622,0.0000,83.3555,74.7634,0.0000,25.0000,33.4171,wr_signal_score_role_balanced_v1,"0.50*scale(feature_targets_per_game,4.00,10.00)+0.50*scale(feature_target_share,0.12,0.30)","0.55*scale(feature_ppg_per_target,0.80,2.50)+0.45*scale(feature_ppg,6.00,18.00)","0.40*scale(48.00-feature_finish,0.00,36.00)+0.60*scale(expected_ppg_baseline-feature_ppg,0.00,4.00)","0.65*scale(feature_games_played,8.00,17.00)+0.35*scale(feature_total_ppr,80.00,260.00)","0.50*scale(feature_ppg_minus_cohort_expected,0.00,6.00)+0.30*scale(expected_finish_from_cohort-feature_finish,0.00,36.00)+0.20*scale(cohort_player_count,1.00,18.00)","0.20*scale(route_participation_season_avg,0.50,0.95)+0.20*scale(target_share_season_avg,0.10,0.32)+0.15*scale(air_yard_share_season_avg,0.08,0.38)+0.15*scale(routes_consistency_index,0.60,0.95)+0.15*scale(target_earning_index,0.12,0.45)+0.15*scale(opportunity_concentration_score,0.18,0.56)","0.50*scale(12.00-feature_finish,0.00,12.00)+0.25*scale(11.00-feature_games_played,0.00,11.00)+0.25*scale(0.14-feature_target_share,0.00,0.14)"
00-0035719,D.Samuel,2023,2024,WR,16.1108,93.4251,37.7778,82.3861,0.0000,0.0000,25.0000,33.1350,wr_signal_score_role_balanced_v1,"0.50*scale(feature_targets_per_game,4.00,10.00)+0.50*scale(feature_target_share,0.12,0.30)","0.55*scale(feature_ppg_per_target,0.80,2.50)+0.45*scale(feature_ppg,6.00,18.00)","0.40*scale(48.00-feature_finish,0.00,36.00)+0.60*scale(expected_ppg_baseline-feature_ppg,0.00,4.00)","0.65*scale(feature_games_played,8.00,17.00)+0.35*scale(feature_total_ppr,80.00,260.00)","0.50*scale(feature_ppg_minus_cohort_expected,0.00,6.00)+0.30*scale(expected_finish_from_cohort-feature_finish,0.00,36.00)+0.20*scale(cohort_player_count,1.00,18.00)","0.20*scale(route_participation_season_avg,0.50,0.95)+0.20*scale(target_share_season_avg,0.10,0.32)+0.15*scale(air_yard_share_season_avg,0.08,0.38)+0.15*scale(routes_consistency_index,0.60,0.95)+0.15*scale(target_earning_index,0.12,0.45)+0.15*scale(opportunity_concentration_score,0.18,0.56)","0.50*scale(12.00-feature_finish,0.00,12.00)+0.25*scale(11.00-feature_games_played,0.00,11.00)+0.25*scale(0.14-feature_target_share,0.00,0.14)"
00-0031544,A.Cooper,2023,2024,WR,37.7775,65.7436,32.2222,79.1389,0.0000,0.0000,25.0000,32.8717,wr_signal_score_role_balanced_v1,"0.50*scale(feature_targets_per_game,4.00,10.00)+0.50*scale(feature_target_share,0.12,0.30)","0.55*scale(feature_ppg_per_target,0.80,2.50)+0.45*scale(feature_ppg,6.00,18.00)","0.40*scale(48.00-feature_finish,0.00,36.00)+0.60*scale(expected_ppg_baseline-feature_ppg,0.00,4.00)","0.65*scale(feature_games_played,8.00,17.00)+0.35*scale(feature_total_ppr,80.00,260.00)","0.50*scale(feature_ppg_minus_cohort_expected,0.00,6.00)+0.30*scale(expected_finish_from_cohort-feature_finish,0.00,36.00)+0.20*scale(cohort_player_count,1.00,18.00)","0.20*scale(route_participation_season_avg,0.50,0.95)+0.20*scale(target_share_season_avg,0.10,0.32)+0.15*scale(air_yard_share_season_avg,0.08,0.38)+0.15*scale(routes_consistency_index,0.60,0.95)+0.15*scale(target_earning_index,0.12,0.45)+0.15*scale(opportunity_concentration_score,0.18,0.56)","0.50*scale(12.00-feature_finish,0.00,12.00)+0.25*scale(11.00-feature_games_played,0.00,11.00)+0.25*scale(0.14-feature_target_share,0.00,0.14)"
00-0036322,J.Jefferson,2023,2024,WR,50.0000,85.1823,40.0000,38.5944,0.0000,0.0000,56.4394,32.8083,wr_signal_score_role_balanced_v1,"0.50*scale(feature_targets_per_game,4.00,10.00)+0.50*scale(feature_target_share,0.12,0.30)","0.55*scale(feature_ppg_per_target,0.80,2.50)+0.45*scale(feature_ppg,6.00,18.00)","0.40*scale(48.00-feature_finish,0.00,36.00)+0.60*scale(expected_ppg_baseline-feature_ppg,0.00,4.00)","0.65*scale(feature_games_played,8.00,17.00)+0.35*scale(feature_total_ppr,80.00,260.00)","0.50*scale(feature_ppg_minus_cohort_expected,0.00,6.00)+0.30*scale(expected_finish_from_cohort-feature_finish,0.00,36.00)+0.20*scale(cohort_player_count,1.00,18.00)","0.20*scale(route_participation_season_avg,0.50,0.95)+0.20*scale(target_share_season_avg,0.10,0.32)+0.15*scale(air_yard_share_season_avg,0.08,0.38)+0.15*scale(routes_consistency_index,0.60,0.95)+0.15*scale(target_earning_index,0.12,0.45)+0.15*scale(opportunity_concentration_score,0.18,0.56)","0.50*scale(12.00-feature_finish,0.00,12.00)+0.25*scale(11.00-feature_games_played,0.00,11.00)+0.25*scale(0.14-feature_target_share,0.00,0.14)"
00-0037545,R.Shaheed,2023,2024,WR,8.3333,59.0021,0.0000,65.6445,76.8291,0.0000,25.0000,31.7133,wr_signal_score_role_balanced_v1,"0.50*scale(feature_targets_per_game,4.00,10.00)+0.50*scale(feature_target_share,0.12,0.30)","0.55*scale(feature_ppg_per_target,0.80,2.50)+0.45*scale(feature_ppg,6.00,18.00)","0.40*scale(48.00-feature_finish,0.00,36.00)+0.60*scale(expected_ppg_baseline-feature_ppg,0.00,4.00)","0.65*scale(feature_games_played,8.00,17.00)+0.35*scale(feature_total_ppr,80.00,260.00)","0.50*scale(feature_ppg_minus_cohort_expected,0.00,6.00)+0.30*scale(expected_finish_from_cohort-feature_finish,0.00,36.00)+0.20*scale(cohort_player_count,1.00,18.00)","0.20*scale(route_participation_season_avg,0.50,0.95)+0.20*scale(target_share_season_avg,0.10,0.32)+0.15*scale(air_yard_share_season_avg,0.08,0.38)+0.15*scale(routes_consistency_index,0.60,0.95)+0.15*scale(target_earning_index,0.12,0.45)+0.15*scale(opportunity_concentration_score,0.18,0.56)","0.50*scale(12.00-feature_finish,0.00,12.00)+0.25*scale(11.00-feature_games_played,0.00,11.00)+0.25*scale(0.14-feature_target_share,0.00,0.14)"
00-0030035,A.Thielen,2023,2024,WR,33.8233,57.1249,24.4444,94.3611,0.0000,0.0000,25.0000,31.3644,wr_signal_score_role_balanced_v1,"0.50*scale(feature_targets_per_game,4.00,10.00)+0.50*scale(feature_target_share,0.12,0.30)","0.55*scale(feature_ppg_per_target,0.80,2.50)+0.45*scale(feature_ppg,6.00,18.00)","0.40*scale(48.00-feature_finish,0.00,36.00)+0.60*scale(expected_ppg_baseline-feature_ppg,0.00,4.00)","0.65*scale(feature_games_played,8.00,17.00)+0.35*scale(feature_total_ppr,80.00,260.00)","0.50*scale(feature_ppg_minus_cohort_expected,0.00,6.00)+0.30*scale(expected_finish_from_cohort-feature_finish,0.00,36.00)+0.20*scale(cohort_player_count,1.00,18.00)","0.20*scale(route_participation_season_avg,0.50,0.95)+0.20*scale(target_share_season_avg,0.10,0.32)+0.15*scale(air_yard_share_season_avg,0.08,0.38)+0.15*scale(routes_consistency_index,0.60,0.95)+0.15*scale(target_earning_index,0.12,0.45)+0.15*scale(opportunity_concentration_score,0.18,0.56)","0.50*scale(12.00-feature_finish,0.00,12.00)+0.25*scale(11.00-feature_games_played,0.00,11.00)+0.25*scale(0.14-feature_target_share,0.00,0.14)"
00-0035640,D.Metcalf,2023,2024,WR,28.6458,65.7261,27.7778,86.0500,0.0000,0.0000,25.0000,30.8649,wr_signal_score_role_balanced_v1,"0.50*scale(feature_targets_per_game,4.00,10.00)+0.50*scale(feature_target_share,0.12,0.30)","0.55*scale(feature_ppg_per_target,0.80,2.50)+0.45*scale(feature_ppg,6.00,18.00)","0.40*scale(48.00-feature_finish,0.00,36.00)+0.60*scale(expected_ppg_baseline-feature_ppg,0.00,4.00)","0.65*scale(feature_games_played,8.00,17.00)+0.35*scale(feature_total_ppr,80.00,260.00)","0.50*scale(feature_ppg_minus_cohort_expected,0.00,6.00)+0.30*scale(expected_finish_from_cohort-feature_finish,0.00,36.00)+0.20*scale(cohort_player_count,1.00,18.00)","0.20*scale(route_participation_season_avg,0.50,0.95)+0.20*scale(target_share_season_avg,0.10,0.32)+0.15*scale(air_yard_share_season_avg,0.08,0.38)+0.15*scale(routes_consistency_index,0.60,0.95)+0.15*scale(target_earning_index,0.12,0.45)+0.15*scale(opportunity_concentration_score,0.18,0.56)","0.50*scale(12.00-feature_finish,0.00,12.00)+0.25*scale(11.00-feature_games_played,0.00,11.00)+0.25*scale(0.14-feature_target_share,0.00,0.14)"
00-0038997,J.Downs,2023,2024,WR,14.7058,38.1360,0.0000,79.9917,67.9784,0.0000,25.0000,30.3848,wr_signal_score_role_balanced_v1,"0.50*scale(feature_targets_per_game,4.00,10.00)+0.50*scale(feature_target_share,0.12,0.30)","0.55*scale(feature_ppg_per_target,0.80,2.50)+0.45*scale(feature_ppg,6.00,18.00)","0.40*scale(48.00-feature_finish,0.00,36.00)+0.60*scale(expected_ppg_baseline-feature_ppg,0.00,4.00)","0.65*scale(feature_games_played,8.00,17.00)+0.35*scale(feature_total_ppr,80.00,260.00)","0.50*scale(feature_ppg_minus_cohort_expected,0.00,6.00)+0.30*scale(expected_finish_from_cohort-feature_finish,0.00,36.00)+0.20*scale(cohort_player_count,1.00,18.00)","0.20*scale(route_participation_season_avg,0.50,0.95)+0.20*scale(target_share_season_avg,0.10,0.32)+0.15*scale(air_yard_share_season_avg,0.08,0.38)+0.15*scale(routes_consistency_index,0.60,0.95)+0.15*scale(target_earning_index,0.12,0.45)+0.15*scale(opportunity_concentration_score,0.18,0.56)","0.50*scale(12.00-feature_finish,0.00,12.00)+0.25*scale(11.00-feature_games_played,0.00,11.00)+0.25*scale(0.14-feature_target_share,0.00,0.14)"
00-0030564,D.Hopkins,2023,2024,WR,33.8233,53.7449,20.0000,92.9222,0.0000,0.0000,25.0000,29.9592,wr_signal_score_role_balanced_v1,"0.50*scale(feature_targets_per_game,4.00,10.00)+0.50*scale(feature_target_share,0.12,0.30)","0.55*scale(feature_ppg_per_target,0.80,2.50)+0.45*scale(feature_ppg,6.00,18.00)","0.40*scale(48.00-feature_finish,0.00,36.00)+0.60*scale(expected_ppg_baseline-feature_ppg,0.00,4.00)","0.65*scale(feature_games_played,8.00,17.00)+0.35*scale(feature_total_ppr,80.00,260.00)","0.50*scale(feature_ppg_minus_cohort_expected,0.00,6.00)+0.30*scale(expected_finish_from_cohort-feature_finish,0.00,36.00)+0.20*scale(cohort_player_count,1.00,18.00)","0.20*scale(route_participation_season_avg,0.50,0.95)+0.20*scale(target_share_season_avg,0.10,0.32)+0.15*scale(air_yard_share_season_avg,0.08,0.38)+0.15*scale(routes_consistency_index,0.60,0.95)+0.15*scale(target_earning_index,0.12,0.45)+0.15*scale(opportunity_concentration_score,0.18,0.56)","0.50*scale(12.00-feature_finish,0.00,12.00)+0.25*scale(11.00-feature_games_played,0.00,11.00)+0.25*scale(0.14-feature_target_share,0.00,0.14)"
00-0034960,J.Meyers,2023,2024,WR,21.8750,69.5613,25.5556,84.7239,0.0000,0.0000,25.0000,29.2872,wr_signal_score_role_balanced_v1,"0.50*scale(feature_targets_per_game,4.00,10.00)+0.50*scale(feature_target_share,0.12,0.30)","0.55*scale(feature_ppg_per_target,0.80,2.50)+0.45*scale(feature_ppg,6.00,18.00)","0.40*scale(48.00-feature_finish,0.00,36.00)+0.60*scale(expected_ppg_baseline-feature_ppg,0.00,4.00)","0.65*scale(feature_games_played,8.00,17.00)+0.35*scale(feature_total_ppr,80.00,260.00)","0.50*scale(feature_ppg_minus_cohort_expected,0.00,6.00)+0.30*scale(expected_finish_from_cohort-feature_finish,0.00,36.00)+0.20*scale(cohort_player_count,1.00,18.00)","0.20*scale(route_participation_season_avg,0.50,0.95)+0.20*scale(target_share_season_avg,0.10,0.32)+0.15*scale(air_yard_share_season_avg,0.08,0.38)+0.15*scale(routes_consistency_index,0.60,0.95)+0.15*scale(target_earning_index,0.12,0.45)+0.15*scale(opportunity_concentration_score,0.18,0.56)","0.50*scale(12.00-feature_finish,0.00,12.00)+0.25*scale(11.00-feature_games_played,0.00,11.00)+0.25*scale(0.14-feature_target_share,0.00,0.14)"
00-0038543,J.Smith-Njigba,2023,2024,WR,12.2550,36.7744,0.0000,78.5722,64.4000,0.0000,25.0000,28.7637,wr_signal_score_role_balanced_v1,"0.50*scale(feature_targets_per_game,4.00,10.00)+0.50*scale(feature_target_share,0.12,0.30)","0.55*scale(feature_ppg_per_target,0.80,2.50)+0.45*scale(feature_ppg,6.00,18.00)","0.40*scale(48.00-feature_finish,0.00,36.00)+0.60*scale(expected_ppg_baseline-feature_ppg,0.00,4.00)","0.65*scale(feature_games_played,8.00,17.00)+0.35*scale(feature_total_ppr,80.00,260.00)","0.50*scale(feature_ppg_minus_cohort_expected,0.00,6.00)+0.30*scale(expected_finish_from_cohort-feature_finish,0.00,36.00)+0.20*scale(cohort_player_count,1.00,18.00)","0.20*scale(route_participation_season_avg,0.50,0.95)+0.20*scale(target_share_season_avg,0.10,0.32)+0.15*scale(air_yard_share_season_avg,0.08,0.38)+0.15*scale(routes_consistency_index,0.60,0.95)+0.15*scale(target_earning_index,0.12,0.45)+0.15*scale(opportunity_concentration_score,0.18,0.56)","0.50*scale(12.00-feature_finish,0.00,12.00)+0.25*scale(11.00-feature_games_played,0.00,11.00)+0.25*scale(0.14-feature_target_share,0.00,0.14)"
00-0038124,C.Watson,2023,2024,WR,15.7409,55.6629,4.4444,11.3639,83.0700,0.0000,29.5454,27.4955,wr_signal_score_role_balanced_v1,"0.50*scale(feature_targets_per_game,4.00,10.00)+0.50*scale(feature_target_share,0.12,0.30)","0.55*scale(feature_ppg_per_target,0.80,2.50)+0.45*scale(feature_ppg,6.00,18.00)","0.40*scale(48.00-feature_finish,0.00,36.00)+0.60*scale(expected_ppg_baseline-feature_ppg,0.00,4.00)","0.65*scale(feature_games_played,8.00,17.00)+0.35*scale(feature_total_ppr,80.00,260.00)","0.50*scale(feature_ppg_minus_cohort_expected,0.00,6.00)+0.30*scale(expected_finish_from_cohort-feature_finish,0.00,36.00)+0.20*scale(cohort_player_count,1.00,18.00)","0.20*scale(route_participation_season_avg,0.50,0.95)+0.20*scale(target_share_season_avg,0.10,0.32)+0.15*scale(air_yard_share_season_avg,0.08,0.38)+0.15*scale(routes_consistency_index,0.60,0.95)+0.15*scale(target_earning_index,0.12,0.45)+0.15*scale(opportunity_concentration_score,0.18,0.56)","0.50*scale(12.00-feature_finish,0.00,12.00)+0.25*scale(11.00-feature_games_played,0.00,11.00)+0.25*scale(0.14-feature_target_share,0.00,0.14)"
00-0033921,C.Godwin,2023,2024,WR,30.3925,49.8279,13.3333,90.1222,0.0000,0.0000,25.0000,27.1176,wr_signal_score_role_balanced_v1,"0.50*scale(feature_targets_per_game,4.00,10.00)+0.50*scale(feature_target_share,0.12,0.30)","0.55*scale(feature_ppg_per_target,0.80,2.50)+0.45*scale(feature_ppg,6.00,18.00)","0.40*scale(48.00-feature_finish,0.00,36.00)+0.60*scale(expected_ppg_baseline-feature_ppg,0.00,4.00)","0.65*scale(feature_games_played,8.00,17.00)+0.35*scale(feature_total_ppr,80.00,260.00)","0.50*scale(feature_ppg_minus_cohort_expected,0.00,6.00)+0.30*scale(expected_finish_from_cohort-feature_finish,0.00,36.00)+0.20*scale(cohort_player_count,1.00,18.00)","0.20*scale(route_participation_season_avg,0.50,0.95)+0.20*scale(target_share_season_avg,0.10,0.32)+0.15*scale(air_yard_share_season_avg,0.08,0.38)+0.15*scale(routes_consistency_index,0.60,0.95)+0.15*scale(target_earning_index,0.12,0.45)+0.15*scale(opportunity_concentration_score,0.18,0.56)","0.50*scale(12.00-feature_finish,0.00,12.00)+0.25*scale(11.00-feature_games_played,0.00,11.00)+0.25*scale(0.14-feature_target_share,0.00,0.14)"
00-0037091,B.Melton,2023,2024,WR,16.6667,56.5239,6.6667,0.0000,86.5934,0.0000,40.9091,26.6775,wr_signal_score_role_balanced_v1,"0.50*scale(feature_targets_per_game,4.00,10.00)+0.50*scale(feature_target_share,0.12,0.30)","0.55*scale(feature_ppg_per_target,0.80,2.50)+0.45*scale(feature_ppg,6.00,18.00)","0.40*scale(48.00-feature_finish,0.00,36.00)+0.60*scale(expected_ppg_baseline-feature_ppg,0.00,4.00)","0.65*scale(feature_games_played,8.00,17.00)+0.35*scale(feature_total_ppr,80.00,260.00)","0.50*scale(feature_ppg_minus_cohort_expected,0.00,6.00)+0.30*scale(expected_finish_from_cohort-feature_finish,0.00,36.00)+0.20*scale(cohort_player_count,1.00,18.00)","0.20*scale(route_participation_season_avg,0.50,0.95)+0.20*scale(target_share_season_avg,0.10,0.32)+0.15*scale(air_yard_share_season_avg,0.08,0.38)+0.15*scale(routes_consistency_index,0.60,0.95)+0.15*scale(target_earning_index,0.12,0.45)+0.15*scale(opportunity_concentration_score,0.18,0.56)","0.50*scale(12.00-feature_finish,0.00,12.00)+0.25*scale(11.00-feature_games_played,0.00,11.00)+0.25*scale(0.14-feature_target_share,0.00,0.14)"
00-0035659,T.McLaurin,2023,2024,WR,31.3725,46.2450,11.1111,88.9555,0.0000,0.0000,25.0000,26.3081,wr_signal_score_role_balanced_v1,"0.50*scale(feature_targets_per_game,4.00,10.00)+0.50*scale(feature_target_share,0.12,0.30)","0.55*scale(feature_ppg_per_target,0.80,2.50)+0.45*scale(feature_ppg,6.00,18.00)","0.40*scale(48.00-feature_finish,0.00,36.00)+0.60*scale(expected_ppg_baseline-feature_ppg,0.00,4.00)","0.65*scale(feature_games_played,8.00,17.00)+0.35*scale(feature_total_ppr,80.00,260.00)","0.50*scale(feature_ppg_minus_cohort_expected,0.00,6.00)+0.30*scale(expected_finish_from_cohort-feature_finish,0.00,36.00)+0.20*scale(cohort_player_count,1.00,18.00)","0.20*scale(route_participation_season_avg,0.50,0.95)+0.20*scale(target_share_season_avg,0.10,0.32)+0.15*scale(air_yard_share_season_avg,0.08,0.38)+0.15*scale(routes_consistency_index,0.60,0.95)+0.15*scale(target_earning_index,0.12,0.45)+0.15*scale(opportunity_concentration_score,0.18,0.56)","0.50*scale(12.00-feature_finish,0.00,12.00)+0.25*scale(11.00-feature_games_played,0.00,11.00)+0.25*scale(0.14-feature_target_share,0.00,0.14)"
00-0038117,W.Robinson,2023,2024,WR,10.0000,40.1665,0.0000,60.9000,63.2734,0.0000,25.0000,26.2312,wr_signal_score_role_balanced_v1,"0.50*scale(feature_targets_per_game,4.00,10.00)+0.50*scale(feature_target_share,0.12,0.30)","0.55*scale(feature_ppg_per_target,0.80,2.50)+0.45*scale(feature_ppg,6.00,18.00)","0.40*scale(48.00-feature_finish,0.00,36.00)+0.60*scale(expected_ppg_baseline-feature_ppg,0.00,4.00)","0.65*scale(feature_games_played,8.00,17.00)+0.35*scale(feature_total_ppr,80.00,260.00)","0.50*scale(feature_ppg_minus_cohort_expected,0.00,6.00)+0.30*scale(expected_finish_from_cohort-feature_finish,0.00,36.00)+0.20*scale(cohort_player_count,1.00,18.00)","0.20*scale(route_participation_season_avg,0.50,0.95)+0.20*scale(target_share_season_avg,0.10,0.32)+0.15*scale(air_yard_share_season_avg,0.08,0.38)+0.15*scale(routes_consistency_index,0.60,0.95)+0.15*scale(target_earning_index,0.12,0.45)+0.15*scale(opportunity_concentration_score,0.18,0.56)","0.50*scale(12.00-feature_finish,0.00,12.00)+0.25*scale(11.00-feature_games_played,0.00,11.00)+0.25*scale(0.14-feature_target_share,0.00,0.14)"
00-0036988,J.Palmer,2023,2024,WR,17.5000,48.2213,0.0000,19.6361,73.9834,0.0000,27.2727,25.6665,wr_signal_score_role_balanced_v1,"0.50*scale(feature_targets_per_game,4.00,10.00)+0.50*scale(feature_target_share,0.12,0.30)","0.55*scale(feature_ppg_per_target,0.80,2.50)+0.45*scale(feature_ppg,6.00,18.00)","0.40*scale(48.00-feature_finish,0.00,36.00)+0.60*scale(expected_ppg_baseline-feature_ppg,0.00,4.00)","0.65*scale(feature_games_played,8.00,17.00)+0.35*scale(feature_total_ppr,80.00,260.00)","0.50*scale(feature_ppg_minus_cohort_expected,0.00,6.00)+0.30*scale(expected_finish_from_cohort-feature_finish,0.00,36.00)+0.20*scale(cohort_player_count,1.00,18.00)","0.20*scale(route_participation_season_avg,0.50,0.95)+0.20*scale(target_share_season_avg,0.10,0.32)+0.15*scale(air_yard_share_season_avg,0.08,0.38)+0.15*scale(routes_consistency_index,0.60,0.95)+0.15*scale(target_earning_index,0.12,0.45)+0.15*scale(opportunity_concentration_score,0.18,0.56)","0.50*scale(12.00-feature_finish,0.00,12.00)+0.25*scale(11.00-feature_games_played,0.00,11.00)+0.25*scale(0.14-feature_target_share,0.00,0.14)"
00-0032211,T.Lockett,2023,2024,WR,26.4708,49.9386,10.0000,88.8000,0.0000,0.0000,25.0000,25.4878,wr_signal_score_role_balanced_v1,"0.50*scale(feature_targets_per_game,4.00,10.00)+0.50*scale(feature_target_share,0.12,0.30)","0.55*scale(feature_ppg_per_target,0.80,2.50)+0.45*scale(feature_ppg,6.00,18.00)","0.40*scale(48.00-feature_finish,0.00,36.00)+0.60*scale(expected_ppg_baseline-feature_ppg,0.00,4.00)","0.65*scale(feature_games_played,8.00,17.00)+0.35*scale(feature_total_ppr,80.00,260.00)","0.50*scale(feature_ppg_minus_cohort_expected,0.00,6.00)+0.30*scale(expected_finish_from_cohort-feature_finish,0.00,36.00)+0.20*scale(cohort_player_count,1.00,18.00)","0.20*scale(route_participation_season_avg,0.50,0.95)+0.20*scale(target_share_season_avg,0.10,0.32)+0.15*scale(air_yard_share_season_avg,0.08,0.38)+0.15*scale(routes_consistency_index,0.60,0.95)+0.15*scale(target_earning_index,0.12,0.45)+0.15*scale(opportunity_concentration_score,0.18,0.56)","0.50*scale(12.00-feature_finish,0.00,12.00)+0.25*scale(11.00-feature_games_played,0.00,11.00)+0.25*scale(0.14-feature_target_share,0.00,0.14)"
00-0033908,C.Kupp,2023,2024,WR,32.6392,58.9800,26.6667,45.3000,0.0000,0.0000,25.0000,25.3361,wr_signal_score_role_balanced_v1,"0.50*scale(feature_targets_per_game,4.00,10.00)+0.50*scale(feature_target_share,0.12,0.30)","0.55*scale(feature_ppg_per_target,0.80,2.50)+0.45*scale(feature_ppg,6.00,18.00)","0.40*scale(48.00-feature_finish,0.00,36.00)+0.60*scale(expected_ppg_baseline-feature_ppg,0.00,4.00)","0.65*scale(feature_games_played,8.00,17.00)+0.35*scale(feature_total_ppr,80.00,260.00)","0.50*scale(feature_ppg_minus_cohort_expected,0.00,6.00)+0.30*scale(expected_finish_from_cohort-feature_finish,0.00,36.00)+0.20*scale(cohort_player_count,1.00,18.00)","0.20*scale(route_participation_season_avg,0.50,0.95)+0.20*scale(target_share_season_avg,0.10,0.32)+0.15*scale(air_yard_share_season_avg,0.08,0.38)+0.15*scale(routes_consistency_index,0.60,0.95)+0.15*scale(target_earning_index,0.12,0.45)+0.15*scale(opportunity_concentration_score,0.18,0.56)","0.50*scale(12.00-feature_finish,0.00,12.00)+0.25*scale(11.00-feature_games_played,0.00,11.00)+0.25*scale(0.14-feature_target_share,0.00,0.14)"
00-0036980,E.Moore,2023,2024,WR,20.8333,23.6732,0.0000,67.9083,49.1706,0.0000,25.0000,24.7298,wr_signal_score_role_balanced_v1,"0.50*scale(feature_targets_per_game,4.00,10.00)+0.50*scale(feature_target_share,0.12,0.30)","0.55*scale(feature_ppg_per_target,0.80,2.50)+0.45*scale(feature_ppg,6.00,18.00)","0.40*scale(48.00-feature_finish,0.00,36.00)+0.60*scale(expected_ppg_baseline-feature_ppg,0.00,4.00)","0.65*scale(feature_games_played,8.00,17.00)+0.35*scale(feature_total_ppr,80.00,260.00)","0.50*scale(feature_ppg_minus_cohort_expected,0.00,6.00)+0.30*scale(expected_finish_from_cohort-feature_finish,0.00,36.00)+0.20*scale(cohort_player_count,1.00,18.00)","0.20*scale(route_participation_season_avg,0.50,0.95)+0.20*scale(target_share_season_avg,0.10,0.32)+0.15*scale(air_yard_share_season_avg,0.08,0.38)+0.15*scale(routes_consistency_index,0.60,0.95)+0.15*scale(target_earning_index,0.12,0.45)+0.15*scale(opportunity_concentration_score,0.18,0.56)","0.50*scale(12.00-feature_finish,0.00,12.00)+0.25*scale(11.00-feature_games_played,0.00,11.00)+0.25*scale(0.14-feature_target_share,0.00,0.14)"
00-0033536,M.Williams,2023,2024,WR,38.8892,76.8334,40.0000,0.0000,0.0000,0.0000,51.5152,24.1675,wr_signal_score_role_balanced_v1,"0.50*scale(feature_targets_per_game,4.00,10.00)+0.50*scale(feature_target_share,0.12,0.30)","0.55*scale(feature_ppg_per_target,0.80,2.50)+0.45*scale(feature_ppg,6.00,18.00)","0.40*scale(48.00-feature_finish,0.00,36.00)+0.60*scale(expected_ppg_baseline-feature_ppg,0.00,4.00)","0.65*scale(feature_games_played,8.00,17.00)+0.35*scale(feature_total_ppr,80.00,260.00)","0.50*scale(feature_ppg_minus_cohort_expected,0.00,6.00)+0.30*scale(expected_finish_from_cohort-feature_finish,0.00,36.00)+0.20*scale(cohort_player_count,1.00,18.00)","0.20*scale(route_participation_season_avg,0.50,0.95)+0.20*scale(target_share_season_avg,0.10,0.32)+0.15*scale(air_yard_share_season_avg,0.08,0.38)+0.15*scale(routes_consistency_index,0.60,0.95)+0.15*scale(target_earning_index,0.12,0.45)+0.15*scale(opportunity_concentration_score,0.18,0.56)","0.50*scale(12.00-feature_finish,0.00,12.00)+0.25*scale(11.00-feature_games_played,0.00,11.00)+0.25*scale(0.14-feature_target_share,0.00,0.14)"
00-0038559,M.Wilson,2023,2024,WR,3.8458,48.5162,0.0000,42.8195,64.3658,0.0000,25.0000,23.8528,wr_signal_score_role_balanced_v1,"0.50*scale(feature_targets_per_game,4.00,10.00)+0.50*scale(feature_target_share,0.12,0.30)","0.55*scale(feature_ppg_per_target,0.80,2.50)+0.45*scale(feature_ppg,6.00,18.00)","0.40*scale(48.00-feature_finish,0.00,36.00)+0.60*scale(expected_ppg_baseline-feature_ppg,0.00,4.00)","0.65*scale(feature_games_played,8.00,17.00)+0.35*scale(feature_total_ppr,80.00,260.00)","0.50*scale(feature_ppg_minus_cohort_expected,0.00,6.00)+0.30*scale(expected_finish_from_cohort-feature_finish,0.00,36.00)+0.20*scale(cohort_player_count,1.00,18.00)","0.20*scale(route_participation_season_avg,0.50,0.95)+0.20*scale(target_share_season_avg,0.10,0.32)+0.15*scale(air_yard_share_season_avg,0.08,0.38)+0.15*scale(routes_consistency_index,0.60,0.95)+0.15*scale(target_earning_index,0.12,0.45)+0.15*scale(opportunity_concentration_score,0.18,0.56)","0.50*scale(12.00-feature_finish,0.00,12.00)+0.25*scale(11.00-feature_games_played,0.00,11.00)+0.25*scale(0.14-feature_target_share,0.00,0.14)"
00-0038393,D.Wicks,2023,2024,WR,0.0000,48.3603,0.0000,58.2867,57.5016,0.0000,25.0000,23.6816,wr_signal_score_role_balanced_v1,"0.50*scale(feature_targets_per_game,4.00,10.00)+0.50*scale(feature_target_share,0.12,0.30)","0.55*scale(feature_ppg_per_target,0.80,2.50)+0.45*scale(feature_ppg,6.00,18.00)","0.40*scale(48.00-feature_finish,0.00,36.00)+0.60*scale(expected_ppg_baseline-feature_ppg,0.00,4.00)","0.65*scale(feature_games_played,8.00,17.00)+0.35*scale(feature_total_ppr,80.00,260.00)","0.50*scale(feature_ppg_minus_cohort_expected,0.00,6.00)+0.30*scale(expected_finish_from_cohort-feature_finish,0.00,36.00)+0.20*scale(cohort_player_count,1.00,18.00)","0.20*scale(route_participation_season_avg,0.50,0.95)+0.20*scale(target_share_season_avg,0.10,0.32)+0.15*scale(air_yard_share_season_avg,0.08,0.38)+0.15*scale(routes_consistency_index,0.60,0.95)+0.15*scale(target_earning_index,0.12,0.45)+0.15*scale(opportunity_concentration_score,0.18,0.56)","0.50*scale(12.00-feature_finish,0.00,12.00)+0.25*scale(11.00-feature_games_played,0.00,11.00)+0.25*scale(0.14-feature_target_share,0.00,0.14)"
00-0034348,C.Sutton,2023,2024,WR,13.5417,64.5683,8.8889,79.2056,0.0000,0.0000,25.0000,23.1542,wr_signal_score_role_balanced_v1,"0.50*scale(feature_targets_per_game,4.00,10.00)+0.50*scale(feature_target_share,0.12,0.30)","0.55*scale(feature_ppg_per_target,0.80,2.50)+0.45*scale(feature_ppg,6.00,18.00)","0.40*scale(48.00-feature_finish,0.00,36.00)+0.60*scale(expected_ppg_baseline-feature_ppg,0.00,4.00)","0.65*scale(feature_games_played,8.00,17.00)+0.35*scale(feature_total_ppr,80.00,260.00)","0.50*scale(feature_ppg_minus_cohort_expected,0.00,6.00)+0.30*scale(expected_finish_from_cohort-feature_finish,0.00,36.00)+0.20*scale(cohort_player_count,1.00,18.00)","0.20*scale(route_participation_season_avg,0.50,0.95)+0.20*scale(target_share_season_avg,0.10,0.32)+0.15*scale(air_yard_share_season_avg,0.08,0.38)+0.15*scale(routes_consistency_index,0.60,0.95)+0.15*scale(target_earning_index,0.12,0.45)+0.15*scale(opportunity_concentration_score,0.18,0.56)","0.50*scale(12.00-feature_finish,0.00,12.00)+0.25*scale(11.00-feature_games_played,0.00,11.00)+0.25*scale(0.14-feature_target_share,0.00,0.14)"
00-0037261,K.Shakir,2023,2024,WR,0.0000,59.0080,0.0000,64.2139,37.7239,0.0000,25.0000,22.4893,wr_signal_score_role_balanced_v1,"0.50*scale(feature_targets_per_game,4.00,10.00)+0.50*scale(feature_target_share,0.12,0.30)","0.55*scale(feature_ppg_per_target,0.80,2.50)+0.45*scale(feature_ppg,6.00,18.00)","0.40*scale(48.00-feature_finish,0.00,36.00)+0.60*scale(expected_ppg_baseline-feature_ppg,0.00,4.00)","0.65*scale(feature_games_played,8.00,17.00)+0.35*scale(feature_total_ppr,80.00,260.00)","0.50*scale(feature_ppg_minus_cohort_expected,0.00,6.00)+0.30*scale(expected_finish_from_cohort-feature_finish,0.00,36.00)+0.20*scale(cohort_player_count,1.00,18.00)","0.20*scale(route_participation_season_avg,0.50,0.95)+0.20*scale(target_share_season_avg,0.10,0.32)+0.15*scale(air_yard_share_season_avg,0.08,0.38)+0.15*scale(routes_consistency_index,0.60,0.95)+0.15*scale(target_earning_index,0.12,0.45)+0.15*scale(opportunity_concentration_score,0.18,0.56)","0.50*scale(12.00-feature_finish,0.00,12.00)+0.25*scale(11.00-feature_games_played,0.00,11.00)+0.25*scale(0.14-feature_target_share,0.00,0.14)"
00-0037741,J.Dotson,2023,2024,WR,7.3533,27.7930,0.0000,73.7111,41.5072,0.0000,25.0000,21.4875,wr_signal_score_role_balanced_v1,"0.50*scale(feature_targets_per_game,4.00,10.00)+0.50*scale(feature_target_share,0.12,0.30)","0.55*scale(feature_ppg_per_target,0.80,2.50)+0.45*scale(feature_ppg,6.00,18.00)","0.40*scale(48.00-feature_finish,0.00,36.00)+0.60*scale(expected_ppg_baseline-feature_ppg,0.00,4.00)","0.65*scale(feature_games_played,8.00,17.00)+0.35*scale(feature_total_ppr,80.00,260.00)","0.50*scale(feature_ppg_minus_cohort_expected,0.00,6.00)+0.30*scale(expected_finish_from_cohort-feature_finish,0.00,36.00)+0.20*scale(cohort_player_count,1.00,18.00)","0.20*scale(route_participation_season_avg,0.50,0.95)+0.20*scale(target_share_season_avg,0.10,0.32)+0.15*scale(air_yard_share_season_avg,0.08,0.38)+0.15*scale(routes_consistency_index,0.60,0.95)+0.15*scale(target_earning_index,0.12,0.45)+0.15*scale(opportunity_concentration_score,0.18,0.56)","0.50*scale(12.00-feature_finish,0.00,12.00)+0.25*scale(11.00-feature_games_played,0.00,11.00)+0.25*scale(0.14-feature_target_share,0.00,0.14)"
00-0036849,T.Atwell,2023,2024,WR,6.5475,36.0007,0.0000,49.6334,53.0689,0.0000,25.0000,21.4762,wr_signal_score_role_balanced_v1,"0.50*scale(feature_targets_per_game,4.00,10.00)+0.50*scale(feature_target_share,0.12,0.30)","0.55*scale(feature_ppg_per_target,0.80,2.50)+0.45*scale(feature_ppg,6.00,18.00)","0.40*scale(48.00-feature_finish,0.00,36.00)+0.60*scale(expected_ppg_baseline-feature_ppg,0.00,4.00)","0.65*scale(feature_games_played,8.00,17.00)+0.35*scale(feature_total_ppr,80.00,260.00)","0.50*scale(feature_ppg_minus_cohort_expected,0.00,6.00)+0.30*scale(expected_finish_from_cohort-feature_finish,0.00,36.00)+0.20*scale(cohort_player_count,1.00,18.00)","0.20*scale(route_participation_season_avg,0.50,0.95)+0.20*scale(target_share_season_avg,0.10,0.32)+0.15*scale(air_yard_share_season_avg,0.08,0.38)+0.15*scale(routes_consistency_index,0.60,0.95)+0.15*scale(target_earning_index,0.12,0.45)+0.15*scale(opportunity_concentration_score,0.18,0.56)","0.50*scale(12.00-feature_finish,0.00,12.00)+0.25*scale(11.00-feature_games_played,0.00,11.00)+0.25*scale(0.14-feature_target_share,0.00,0.14)"
00-0038621,D.Douglas,2023,2024,WR,13.6908,24.2332,0.0000,48.6222,54.0025,0.0000,25.0000,21.4621,wr_signal_score_role_balanced_v1,"0.50*scale(feature_targets_per_game,4.00,10.00)+0.50*scale(feature_target_share,0.12,0.30)","0.55*scale(feature_ppg_per_target,0.80,2.50)+0.45*scale(feature_ppg,6.00,18.00)","0.40*scale(48.00-feature_finish,0.00,36.00)+0.60*scale(expected_ppg_baseline-feature_ppg,0.00,4.00)","0.65*scale(feature_games_played,8.00,17.00)+0.35*scale(feature_total_ppr,80.00,260.00)","0.50*scale(feature_ppg_minus_cohort_expected,0.00,6.00)+0.30*scale(expected_finish_from_cohort-feature_finish,0.00,36.00)+0.20*scale(cohort_player_count,1.00,18.00)","0.20*scale(route_participation_season_avg,0.50,0.95)+0.20*scale(target_share_season_avg,0.10,0.32)+0.15*scale(air_yard_share_season_avg,0.08,0.38)+0.15*scale(routes_consistency_index,0.60,0.95)+0.15*scale(target_earning_index,0.12,0.45)+0.15*scale(opportunity_concentration_score,0.18,0.56)","0.50*scale(12.00-feature_finish,0.00,12.00)+0.25*scale(11.00-feature_games_played,0.00,11.00)+0.25*scale(0.14-feature_target_share,0.00,0.14)"
00-0034775,C.Kirk,2023,2024,WR,25.6942,55.7667,15.5556,42.5505,0.0000,0.0000,25.0000,21.0521,wr_signal_score_role_balanced_v1,"0.50*scale(feature_targets_per_game,4.00,10.00)+0.50*scale(feature_target_share,0.12,0.30)","0.55*scale(feature_ppg_per_target,0.80,2.50)+0.45*scale(feature_ppg,6.00,18.00)","0.40*scale(48.00-feature_finish,0.00,36.00)+0.60*scale(expected_ppg_baseline-feature_ppg,0.00,4.00)","0.65*scale(feature_games_played,8.00,17.00)+0.35*scale(feature_total_ppr,80.00,260.00)","0.50*scale(feature_ppg_minus_cohort_expected,0.00,6.00)+0.30*scale(expected_finish_from_cohort-feature_finish,0.00,36.00)+0.20*scale(cohort_player_count,1.00,18.00)","0.20*scale(route_participation_season_avg,0.50,0.95)+0.20*scale(target_share_season_avg,0.10,0.32)+0.15*scale(air_yard_share_season_avg,0.08,0.38)+0.15*scale(routes_consistency_index,0.60,0.95)+0.15*scale(target_earning_index,0.12,0.45)+0.15*scale(opportunity_concentration_score,0.18,0.56)","0.50*scale(12.00-feature_finish,0.00,12.00)+0.25*scale(11.00-feature_games_played,0.00,11.00)+0.25*scale(0.14-feature_target_share,0.00,0.14)"
00-0036345,K.Osborn,2023,2024,WR,8.3333,33.3824,0.0000,58.3333,43.7014,0.0000,25.0000,20.9569,wr_signal_score_role_balanced_v1,"0.50*scale(feature_targets_per_game,4.00,10.00)+0.50*scale(feature_target_share,0.12,0.30)","0.55*scale(feature_ppg_per_target,0.80,2.50)+0.45*scale(feature_ppg,6.00,18.00)","0.40*scale(48.00-feature_finish,0.00,36.00)+0.60*scale(expected_ppg_baseline-feature_ppg,0.00,4.00)","0.65*scale(feature_games_played,8.00,17.00)+0.35*scale(feature_total_ppr,80.00,260.00)","0.50*scale(feature_ppg_minus_cohort_expected,0.00,6.00)+0.30*scale(expected_finish_from_cohort-feature_finish,0.00,36.00)+0.20*scale(cohort_player_count,1.00,18.00)","0.20*scale(route_participation_season_avg,0.50,0.95)+0.20*scale(target_share_season_avg,0.10,0.32)+0.15*scale(air_yard_share_season_avg,0.08,0.38)+0.15*scale(routes_consistency_index,0.60,0.95)+0.15*scale(target_earning_index,0.12,0.45)+0.15*scale(opportunity_concentration_score,0.18,0.56)","0.50*scale(12.00-feature_finish,0.00,12.00)+0.25*scale(11.00-feature_games_played,0.00,11.00)+0.25*scale(0.14-feature_target_share,0.00,0.14)"
00-0032765,M.Thomas,2023,2024,WR,20.0000,30.6878,0.0000,16.3500,59.9000,0.0000,27.2727,20.6743,wr_signal_score_role_balanced_v1,"0.50*scale(feature_targets_per_game,4.00,10.00)+0.50*scale(feature_target_share,0.12,0.30)","0.55*scale(feature_ppg_per_target,0.80,2.50)+0.45*scale(feature_ppg,6.00,18.00)","0.40*scale(48.00-feature_finish,0.00,36.00)+0.60*scale(expected_ppg_baseline-feature_ppg,0.00,4.00)","0.65*scale(feature_games_played,8.00,17.00)+0.35*scale(feature_total_ppr,80.00,260.00)","0.50*scale(feature_ppg_minus_cohort_expected,0.00,6.00)+0.30*scale(expected_finish_from_cohort-feature_finish,0.00,36.00)+0.20*scale(cohort_player_count,1.00,18.00)","0.20*scale(route_participation_season_avg,0.50,0.95)+0.20*scale(target_share_season_avg,0.10,0.32)+0.15*scale(air_yard_share_season_avg,0.08,0.38)+0.15*scale(routes_consistency_index,0.60,0.95)+0.15*scale(target_earning_index,0.12,0.45)+0.15*scale(opportunity_concentration_score,0.18,0.56)","0.50*scale(12.00-feature_finish,0.00,12.00)+0.25*scale(11.00-feature_games_played,0.00,11.00)+0.25*scale(0.14-feature_target_share,0.00,0.14)"
00-0031236,B.Cooks,2023,2024,WR,8.8542,61.3908,1.1111,75.9000,0.0000,0.0000,25.0000,19.8784,wr_signal_score_role_balanced_v1,"0.50*scale(feature_targets_per_game,4.00,10.00)+0.50*scale(feature_target_share,0.12,0.30)","0.55*scale(feature_ppg_per_target,0.80,2.50)+0.45*scale(feature_ppg,6.00,18.00)","0.40*scale(48.00-feature_finish,0.00,36.00)+0.60*scale(expected_ppg_baseline-feature_ppg,0.00,4.00)","0.65*scale(feature_games_played,8.00,17.00)+0.35*scale(feature_total_ppr,80.00,260.00)","0.50*scale(feature_ppg_minus_cohort_expected,0.00,6.00)+0.30*scale(expected_finish_from_cohort-feature_finish,0.00,36.00)+0.20*scale(cohort_player_count,1.00,18.00)","0.20*scale(route_participation_season_avg,0.50,0.95)+0.20*scale(target_share_season_avg,0.10,0.32)+0.15*scale(air_yard_share_season_avg,0.08,0.38)+0.15*scale(routes_consistency_index,0.60,0.95)+0.15*scale(target_earning_index,0.12,0.45)+0.15*scale(opportunity_concentration_score,0.18,0.56)","0.50*scale(12.00-feature_finish,0.00,12.00)+0.25*scale(11.00-feature_games_played,0.00,11.00)+0.25*scale(0.14-feature_target_share,0.00,0.14)"
00-0035216,D.Johnson,2023,2024,WR,22.4358,52.4509,7.7778,50.2473,0.0000,0.0000,25.0000,19.5288,wr_signal_score_role_balanced_v1,"0.50*scale(feature_targets_per_game,4.00,10.00)+0.50*scale(feature_target_share,0.12,0.30)","0.55*scale(feature_ppg_per_target,0.80,2.50)+0.45*scale(feature_ppg,6.00,18.00)","0.40*scale(48.00-feature_finish,0.00,36.00)+0.60*scale(expected_ppg_baseline-feature_ppg,0.00,4.00)","0.65*scale(feature_games_played,8.00,17.00)+0.35*scale(feature_total_ppr,80.00,260.00)","0.50*scale(feature_ppg_minus_cohort_expected,0.00,6.00)+0.30*scale(expected_finish_from_cohort-feature_finish,0.00,36.00)+0.20*scale(cohort_player_count,1.00,18.00)","0.20*scale(route_participation_season_avg,0.50,0.95)+0.20*scale(target_share_season_avg,0.10,0.32)+0.15*scale(air_yard_share_season_avg,0.08,0.38)+0.15*scale(routes_consistency_index,0.60,0.95)+0.15*scale(target_earning_index,0.12,0.45)+0.15*scale(opportunity_concentration_score,0.18,0.56)","0.50*scale(12.00-feature_finish,0.00,12.00)+0.25*scale(11.00-feature_games_played,0.00,11.00)+0.25*scale(0.14-feature_target_share,0.00,0.14)"
00-0031235,O.Beckham,2023,2024,WR,4.7617,34.7555,0.0000,48.6806,39.4681,0.0000,25.0000,18.2889,wr_signal_score_role_balanced_v1,"0.50*scale(feature_targets_per_game,4.00,10.00)+0.50*scale(feature_target_share,0.12,0.30)","0.55*scale(feature_ppg_per_target,0.80,2.50)+0.45*scale(feature_ppg,6.00,18.00)","0.40*scale(48.00-feature_finish,0.00,36.00)+0.60*scale(expected_ppg_baseline-feature_ppg,0.00,4.00)","0.65*scale(feature_games_played,8.00,17.00)+0.35*scale(feature_total_ppr,80.00,260.00)","0.50*scale(feature_ppg_minus_cohort_expected,0.00,6.00)+0.30*scale(expected_finish_from_cohort-feature_finish,0.00,36.00)+0.20*scale(cohort_player_count,1.00,18.00)","0.20*scale(route_participation_season_avg,0.50,0.95)+0.20*scale(target_share_season_avg,0.10,0.32)+0.15*scale(air_yard_share_season_avg,0.08,0.38)+0.15*scale(routes_consistency_index,0.60,0.95)+0.15*scale(target_earning_index,0.12,0.45)+0.15*scale(opportunity_concentration_score,0.18,0.56)","0.50*scale(12.00-feature_finish,0.00,12.00)+0.25*scale(11.00-feature_games_played,0.00,11.00)+0.25*scale(0.14-feature_target_share,0.00,0.14)"
00-0036196,G.Davis,2023,2024,WR,8.8542,53.9120,0.0000,73.6056,0.0000,0.0000,25.0000,18.2805,wr_signal_score_role_balanced_v1,"0.50*scale(feature_targets_per_game,4.00,10.00)+0.50*scale(feature_target_share,0.12,0.30)","0.55*scale(feature_ppg_per_target,0.80,2.50)+0.45*scale(feature_ppg,6.00,18.00)","0.40*scale(48.00-feature_finish,0.00,36.00)+0.60*scale(expected_ppg_baseline-feature_ppg,0.00,4.00)","0.65*scale(feature_games_played,8.00,17.00)+0.35*scale(feature_total_ppr,80.00,260.00)","0.50*scale(feature_ppg_minus_cohort_expected,0.00,6.00)+0.30*scale(expected_finish_from_cohort-feature_finish,0.00,36.00)+0.20*scale(cohort_player_count,1.00,18.00)","0.20*scale(route_participation_season_avg,0.50,0.95)+0.20*scale(target_share_season_avg,0.10,0.32)+0.15*scale(air_yard_share_season_avg,0.08,0.38)+0.15*scale(routes_consistency_index,0.60,0.95)+0.15*scale(target_earning_index,0.12,0.45)+0.15*scale(opportunity_concentration_score,0.18,0.56)","0.50*scale(12.00-feature_finish,0.00,12.00)+0.25*scale(11.00-feature_games_played,0.00,11.00)+0.25*scale(0.14-feature_target_share,0.00,0.14)"
00-0033282,C.Samuel,2023,2024,WR,14.0625,44.3502,0.0000,72.7889,0.0000,0.0000,25.0000,17.9901,wr_signal_score_role_balanced_v1,"0.50*scale(feature_targets_per_game,4.00,10.00)+0.50*scale(feature_target_share,0.12,0.30)","0.55*scale(feature_ppg_per_target,0.80,2.50)+0.45*scale(feature_ppg,6.00,18.00)","0.40*scale(48.00-feature_finish,0.00,36.00)+0.60*scale(expected_ppg_baseline-feature_ppg,0.00,4.00)","0.65*scale(feature_games_played,8.00,17.00)+0.35*scale(feature_total_ppr,80.00,260.00)","0.50*scale(feature_ppg_minus_cohort_expected,0.00,6.00)+0.30*scale(expected_finish_from_cohort-feature_finish,0.00,36.00)+0.20*scale(cohort_player_count,1.00,18.00)","0.20*scale(route_participation_season_avg,0.50,0.95)+0.20*scale(target_share_season_avg,0.10,0.32)+0.15*scale(air_yard_share_season_avg,0.08,0.38)+0.15*scale(routes_consistency_index,0.60,0.95)+0.15*scale(target_earning_index,0.12,0.45)+0.15*scale(opportunity_concentration_score,0.18,0.56)","0.50*scale(12.00-feature_finish,0.00,12.00)+0.25*scale(11.00-feature_games_played,0.00,11.00)+0.25*scale(0.14-feature_target_share,0.00,0.14)"
00-0036410,T.Higgins,2023,2024,WR,19.4442,53.1939,5.5556,40.0889,0.0000,0.0000,25.0000,17.2461,wr_signal_score_role_balanced_v1,"0.50*scale(feature_targets_per_game,4.00,10.00)+0.50*scale(feature_target_share,0.12,0.30)","0.55*scale(feature_ppg_per_target,0.80,2.50)+0.45*scale(feature_ppg,6.00,18.00)","0.40*scale(48.00-feature_finish,0.00,36.00)+0.60*scale(expected_ppg_baseline-feature_ppg,0.00,4.00)","0.65*scale(feature_games_played,8.00,17.00)+0.35*scale(feature_total_ppr,80.00,260.00)","0.50*scale(feature_ppg_minus_cohort_expected,0.00,6.00)+0.30*scale(expected_finish_from_cohort-feature_finish,0.00,36.00)+0.20*scale(cohort_player_count,1.00,18.00)","0.20*scale(route_participation_season_avg,0.50,0.95)+0.20*scale(target_share_season_avg,0.10,0.32)+0.15*scale(air_yard_share_season_avg,0.08,0.38)+0.15*scale(routes_consistency_index,0.60,0.95)+0.15*scale(target_earning_index,0.12,0.45)+0.15*scale(opportunity_concentration_score,0.18,0.56)","0.50*scale(12.00-feature_finish,0.00,12.00)+0.25*scale(11.00-feature_games_played,0.00,11.00)+0.25*scale(0.14-feature_target_share,0.00,0.14)"
00-0035662,M.Brown,2023,2024,WR,31.4100,33.6214,0.0000,46.7473,0.0000,0.0000,25.0000,17.1588,wr_signal_score_role_balanced_v1,"0.50*scale(feature_targets_per_game,4.00,10.00)+0.50*scale(feature_target_share,0.12,0.30)","0.55*scale(feature_ppg_per_target,0.80,2.50)+0.45*scale(feature_ppg,6.00,18.00)","0.40*scale(48.00-feature_finish,0.00,36.00)+0.60*scale(expected_ppg_baseline-feature_ppg,0.00,4.00)","0.65*scale(feature_games_played,8.00,17.00)+0.35*scale(feature_total_ppr,80.00,260.00)","0.50*scale(feature_ppg_minus_cohort_expected,0.00,6.00)+0.30*scale(expected_finish_from_cohort-feature_finish,0.00,36.00)+0.20*scale(cohort_player_count,1.00,18.00)","0.20*scale(route_participation_season_avg,0.50,0.95)+0.20*scale(target_share_season_avg,0.10,0.32)+0.15*scale(air_yard_share_season_avg,0.08,0.38)+0.15*scale(routes_consistency_index,0.60,0.95)+0.15*scale(target_earning_index,0.12,0.45)+0.15*scale(opportunity_concentration_score,0.18,0.56)","0.50*scale(12.00-feature_finish,0.00,12.00)+0.25*scale(11.00-feature_games_played,0.00,11.00)+0.25*scale(0.14-feature_target_share,0.00,0.14)"
00-0036427,T.Johnson,2023,2024,WR,0.0000,65.5000,0.0000,0.0000,56.2014,0.0000,47.7273,17.0776,wr_signal_score_role_balanced_v1,"0.50*scale(feature_targets_per_game,4.00,10.00)+0.50*scale(feature_target_share,0.12,0.30)","0.55*scale(feature_ppg_per_target,0.80,2.50)+0.45*scale(feature_ppg,6.00,18.00)","0.40*scale(48.00-feature_finish,0.00,36.00)+0.60*scale(expected_ppg_baseline-feature_ppg,0.00,4.00)","0.65*scale(feature_games_played,8.00,17.00)+0.35*scale(feature_total_ppr,80.00,260.00)","0.50*scale(feature_ppg_minus_cohort_expected,0.00,6.00)+0.30*scale(expected_finish_from_cohort-feature_finish,0.00,36.00)+0.20*scale(cohort_player_count,1.00,18.00)","0.20*scale(route_participation_season_avg,0.50,0.95)+0.20*scale(target_share_season_avg,0.10,0.32)+0.15*scale(air_yard_share_season_avg,0.08,0.38)+0.15*scale(routes_consistency_index,0.60,0.95)+0.15*scale(target_earning_index,0.12,0.45)+0.15*scale(opportunity_concentration_score,0.18,0.56)","0.50*scale(12.00-feature_finish,0.00,12.00)+0.25*scale(11.00-feature_games_played,0.00,11.00)+0.25*scale(0.14-feature_target_share,0.00,0.14)"
00-0035535,D.Slayton,2023,2024,WR,5.3925,46.7653,0.0000,78.8055,0.0000,0.0000,25.0000,17.0537,wr_signal_score_role_balanced_v1,"0.50*scale(feature_targets_per_game,4.00,10.00)+0.50*scale(feature_target_share,0.12,0.30)","0.55*scale(feature_ppg_per_target,0.80,2.50)+0.45*scale(feature_ppg,6.00,18.00)","0.40*scale(48.00-feature_finish,0.00,36.00)+0.60*scale(expected_ppg_baseline-feature_ppg,0.00,4.00)","0.65*scale(feature_games_played,8.00,17.00)+0.35*scale(feature_total_ppr,80.00,260.00)","0.50*scale(feature_ppg_minus_cohort_expected,0.00,6.00)+0.30*scale(expected_finish_from_cohort-feature_finish,0.00,36.00)+0.20*scale(cohort_player_count,1.00,18.00)","0.20*scale(route_participation_season_avg,0.50,0.95)+0.20*scale(target_share_season_avg,0.10,0.32)+0.15*scale(air_yard_share_season_avg,0.08,0.38)+0.15*scale(routes_consistency_index,0.60,0.95)+0.15*scale(target_earning_index,0.12,0.45)+0.15*scale(opportunity_concentration_score,0.18,0.56)","0.50*scale(12.00-feature_finish,0.00,12.00)+0.25*scale(11.00-feature_games_played,0.00,11.00)+0.25*scale(0.14-feature_target_share,0.00,0.14)"
00-0036936,R.Moore,2023,2024,WR,0.0000,29.5701,0.0000,69.8611,26.9681,0.0000,25.0000,16.8717,wr_signal_score_role_balanced_v1,"0.50*scale(feature_targets_per_game,4.00,10.00)+0.50*scale(feature_target_share,0.12,0.30)","0.55*scale(feature_ppg_per_target,0.80,2.50)+0.45*scale(feature_ppg,6.00,18.00)","0.40*scale(48.00-feature_finish,0.00,36.00)+0.60*scale(expected_ppg_baseline-feature_ppg,0.00,4.00)","0.65*scale(feature_games_played,8.00,17.00)+0.35*scale(feature_total_ppr,80.00,260.00)","0.50*scale(feature_ppg_minus_cohort_expected,0.00,6.00)+0.30*scale(expected_finish_from_cohort-feature_finish,0.00,36.00)+0.20*scale(cohort_player_count,1.00,18.00)","0.20*scale(route_participation_season_avg,0.50,0.95)+0.20*scale(target_share_season_avg,0.10,0.32)+0.15*scale(air_yard_share_season_avg,0.08,0.38)+0.15*scale(routes_consistency_index,0.60,0.95)+0.15*scale(target_earning_index,0.12,0.45)+0.15*scale(opportunity_concentration_score,0.18,0.56)","0.50*scale(12.00-feature_finish,0.00,12.00)+0.25*scale(11.00-feature_games_played,0.00,11.00)+0.25*scale(0.14-feature_target_share,0.00,0.14)"
00-0033009,T.Boyd,2023,2024,WR,14.7058,31.3618,0.0000,77.6000,0.0000,0.0000,25.0000,16.8217,wr_signal_score_role_balanced_v1,"0.50*scale(feature_targets_per_game,4.00,10.00)+0.50*scale(feature_target_share,0.12,0.30)","0.55*scale(feature_ppg_per_target,0.80,2.50)+0.45*scale(feature_ppg,6.00,18.00)","0.40*scale(48.00-feature_finish,0.00,36.00)+0.60*scale(expected_ppg_baseline-feature_ppg,0.00,4.00)","0.65*scale(feature_games_played,8.00,17.00)+0.35*scale(feature_total_ppr,80.00,260.00)","0.50*scale(feature_ppg_minus_cohort_expected,0.00,6.00)+0.30*scale(expected_finish_from_cohort-feature_finish,0.00,36.00)+0.20*scale(cohort_player_count,1.00,18.00)","0.20*scale(route_participation_season_avg,0.50,0.95)+0.20*scale(target_share_season_avg,0.10,0.32)+0.15*scale(air_yard_share_season_avg,0.08,0.38)+0.15*scale(routes_consistency_index,0.60,0.95)+0.15*scale(target_earning_index,0.12,0.45)+0.15*scale(opportunity_concentration_score,0.18,0.56)","0.50*scale(12.00-feature_finish,0.00,12.00)+0.25*scale(11.00-feature_games_played,0.00,11.00)+0.25*scale(0.14-feature_target_share,0.00,0.14)"
00-0038612,A.Perry,2023,2024,WR,0.0000,60.9063,0.0000,0.0000,52.4850,0.0000,31.8182,16.6742,wr_signal_score_role_balanced_v1,"0.50*scale(feature_targets_per_game,4.00,10.00)+0.50*scale(feature_target_share,0.12,0.30)","0.55*scale(feature_ppg_per_target,0.80,2.50)+0.45*scale(feature_ppg,6.00,18.00)","0.40*scale(48.00-feature_finish,0.00,36.00)+0.60*scale(expected_ppg_baseline-feature_ppg,0.00,4.00)","0.65*scale(feature_games_played,8.00,17.00)+0.35*scale(feature_total_ppr,80.00,260.00)","0.50*scale(feature_ppg_minus_cohort_expected,0.00,6.00)+0.30*scale(expected_finish_from_cohort-feature_finish,0.00,36.00)+0.20*scale(cohort_player_count,1.00,18.00)","0.20*scale(route_participation_season_avg,0.50,0.95)+0.20*scale(target_share_season_avg,0.10,0.32)+0.15*scale(air_yard_share_season_avg,0.08,0.38)+0.15*scale(routes_consistency_index,0.60,0.95)+0.15*scale(target_earning_index,0.12,0.45)+0.15*scale(opportunity_concentration_score,0.18,0.56)","0.50*scale(12.00-feature_finish,0.00,12.00)+0.25*scale(11.00-feature_games_played,0.00,11.00)+0.25*scale(0.14-feature_target_share,0.00,0.14)"
00-0037382,B.Johnson,2023,2024,WR,0.0000,58.2995,0.0000,14.4444,40.6639,0.0000,27.2727,16.3058,wr_signal_score_role_balanced_v1,"0.50*scale(feature_targets_per_game,4.00,10.00)+0.50*scale(feature_target_share,0.12,0.30)","0.55*scale(feature_ppg_per_target,0.80,2.50)+0.45*scale(feature_ppg,6.00,18.00)","0.40*scale(48.00-feature_finish,0.00,36.00)+0.60*scale(expected_ppg_baseline-feature_ppg,0.00,4.00)","0.65*scale(feature_games_played,8.00,17.00)+0.35*scale(feature_total_ppr,80.00,260.00)","0.50*scale(feature_ppg_minus_cohort_expected,0.00,6.00)+0.30*scale(expected_finish_from_cohort-feature_finish,0.00,36.00)+0.20*scale(cohort_player_count,1.00,18.00)","0.20*scale(route_participation_season_avg,0.50,0.95)+0.20*scale(target_share_season_avg,0.10,0.32)+0.15*scale(air_yard_share_season_avg,0.08,0.38)+0.15*scale(routes_consistency_index,0.60,0.95)+0.15*scale(target_earning_index,0.12,0.45)+0.15*scale(opportunity_concentration_score,0.18,0.56)","0.50*scale(12.00-feature_finish,0.00,12.00)+0.25*scale(11.00-feature_games_played,0.00,11.00)+0.25*scale(0.14-feature_target_share,0.00,0.14)"
00-0036407,J.Jeudy,2023,2024,WR,11.9792,37.5836,0.0000,69.7944,0.0000,0.0000,25.0000,16.0858,wr_signal_score_role_balanced_v1,"0.50*scale(feature_targets_per_game,4.00,10.00)+0.50*scale(feature_target_share,0.12,0.30)","0.55*scale(feature_ppg_per_target,0.80,2.50)+0.45*scale(feature_ppg,6.00,18.00)","0.40*scale(48.00-feature_finish,0.00,36.00)+0.60*scale(expected_ppg_baseline-feature_ppg,0.00,4.00)","0.65*scale(feature_games_played,8.00,17.00)+0.35*scale(feature_total_ppr,80.00,260.00)","0.50*scale(feature_ppg_minus_cohort_expected,0.00,6.00)+0.30*scale(expected_finish_from_cohort-feature_finish,0.00,36.00)+0.20*scale(cohort_player_count,1.00,18.00)","0.20*scale(route_participation_season_avg,0.50,0.95)+0.20*scale(target_share_season_avg,0.10,0.32)+0.15*scale(air_yard_share_season_avg,0.08,0.38)+0.15*scale(routes_consistency_index,0.60,0.95)+0.15*scale(target_earning_index,0.12,0.45)+0.15*scale(opportunity_concentration_score,0.18,0.56)","0.50*scale(12.00-feature_finish,0.00,12.00)+0.25*scale(11.00-feature_games_played,0.00,11.00)+0.25*scale(0.14-feature_target_share,0.00,0.14)"
00-0039052,T.Palmer,2023,2024,WR,0.0000,19.6496,0.0000,68.0528,31.7250,0.0000,25.0000,16.0048,wr_signal_score_role_balanced_v1,"0.50*scale(feature_targets_per_game,4.00,10.00)+0.50*scale(feature_target_share,0.12,0.30)","0.55*scale(feature_ppg_per_target,0.80,2.50)+0.45*scale(feature_ppg,6.00,18.00)","0.40*scale(48.00-feature_finish,0.00,36.00)+0.60*scale(expected_ppg_baseline-feature_ppg,0.00,4.00)","0.65*scale(feature_games_played,8.00,17.00)+0.35*scale(feature_total_ppr,80.00,260.00)","0.50*scale(feature_ppg_minus_cohort_expected,0.00,6.00)+0.30*scale(expected_finish_from_cohort-feature_finish,0.00,36.00)+0.20*scale(cohort_player_count,1.00,18.00)","0.20*scale(route_participation_season_avg,0.50,0.95)+0.20*scale(target_share_season_avg,0.10,0.32)+0.15*scale(air_yard_share_season_avg,0.08,0.38)+0.15*scale(routes_consistency_index,0.60,0.95)+0.15*scale(target_earning_index,0.12,0.45)+0.15*scale(opportunity_concentration_score,0.18,0.56)","0.50*scale(12.00-feature_finish,0.00,12.00)+0.25*scale(11.00-feature_games_played,0.00,11.00)+0.25*scale(0.14-feature_target_share,0.00,0.14)"
00-0038976,M.Mims,2023,2024,WR,0.0000,47.3530,0.0000,50.5556,20.8917,0.0000,25.0000,15.9357,wr_signal_score_role_balanced_v1,"0.50*scale(feature_targets_per_game,4.00,10.00)+0.50*scale(feature_target_share,0.12,0.30)","0.55*scale(feature_ppg_per_target,0.80,2.50)+0.45*scale(feature_ppg,6.00,18.00)","0.40*scale(48.00-feature_finish,0.00,36.00)+0.60*scale(expected_ppg_baseline-feature_ppg,0.00,4.00)","0.65*scale(feature_games_played,8.00,17.00)+0.35*scale(feature_total_ppr,80.00,260.00)","0.50*scale(feature_ppg_minus_cohort_expected,0.00,6.00)+0.30*scale(expected_finish_from_cohort-feature_finish,0.00,36.00)+0.20*scale(cohort_player_count,1.00,18.00)","0.20*scale(route_participation_season_avg,0.50,0.95)+0.20*scale(target_share_season_avg,0.10,0.32)+0.15*scale(air_yard_share_season_avg,0.08,0.38)+0.15*scale(routes_consistency_index,0.60,0.95)+0.15*scale(target_earning_index,0.12,0.45)+0.15*scale(opportunity_concentration_score,0.18,0.56)","0.50*scale(12.00-feature_finish,0.00,12.00)+0.25*scale(11.00-feature_games_played,0.00,11.00)+0.25*scale(0.14-feature_target_share,0.00,0.14)"
00-0039062,J.Mingo,2023,2024,WR,13.8892,6.3943,0.0000,51.4889,34.2250,0.0000,25.0000,15.6466,wr_signal_score_role_balanced_v1,"0.50*scale(feature_targets_per_game,4.00,10.00)+0.50*scale(feature_target_share,0.12,0.30)","0.55*scale(feature_ppg_per_target,0.80,2.50)+0.45*scale(feature_ppg,6.00,18.00)","0.40*scale(48.00-feature_finish,0.00,36.00)+0.60*scale(expected_ppg_baseline-feature_ppg,0.00,4.00)","0.65*scale(feature_games_played,8.00,17.00)+0.35*scale(feature_total_ppr,80.00,260.00)","0.50*scale(feature_ppg_minus_cohort_expected,0.00,6.00)+0.30*scale(expected_finish_from_cohort-feature_finish,0.00,36.00)+0.20*scale(cohort_player_count,1.00,18.00)","0.20*scale(route_participation_season_avg,0.50,0.95)+0.20*scale(target_share_season_avg,0.10,0.32)+0.15*scale(air_yard_share_season_avg,0.08,0.38)+0.15*scale(routes_consistency_index,0.60,0.95)+0.15*scale(target_earning_index,0.12,0.45)+0.15*scale(opportunity_concentration_score,0.18,0.56)","0.50*scale(12.00-feature_finish,0.00,12.00)+0.25*scale(11.00-feature_games_played,0.00,11.00)+0.25*scale(0.14-feature_target_share,0.00,0.14)"
00-0036646,S.Fehoko,2023,2024,WR,0.0000,62.1250,0.0000,0.0000,49.4972,0.0000,47.7273,15.3646,wr_signal_score_role_balanced_v1,"0.50*scale(feature_targets_per_game,4.00,10.00)+0.50*scale(feature_target_share,0.12,0.30)","0.55*scale(feature_ppg_per_target,0.80,2.50)+0.45*scale(feature_ppg,6.00,18.00)","0.40*scale(48.00-feature_finish,0.00,36.00)+0.60*scale(expected_ppg_baseline-feature_ppg,0.00,4.00)","0.65*scale(feature_games_played,8.00,17.00)+0.35*scale(feature_total_ppr,80.00,260.00)","0.50*scale(feature_ppg_minus_cohort_expected,0.00,6.00)+0.30*scale(expected_finish_from_cohort-feature_finish,0.00,36.00)+0.20*scale(cohort_player_count,1.00,18.00)","0.20*scale(route_participation_season_avg,0.50,0.95)+0.20*scale(target_share_season_avg,0.10,0.32)+0.15*scale(air_yard_share_season_avg,0.08,0.38)+0.15*scale(routes_consistency_index,0.60,0.95)+0.15*scale(target_earning_index,0.12,0.45)+0.15*scale(opportunity_concentration_score,0.18,0.56)","0.50*scale(12.00-feature_finish,0.00,12.00)+0.25*scale(11.00-feature_games_played,0.00,11.00)+0.25*scale(0.14-feature_target_share,0.00,0.14)"
00-0033307,K.Bourne,2023,2024,WR,23.9583,57.3162,14.4444,3.8889,0.0000,0.0000,31.8182,15.2550,wr_signal_score_role_balanced_v1,"0.50*scale(feature_targets_per_game,4.00,10.00)+0.50*scale(feature_target_share,0.12,0.30)","0.55*scale(feature_ppg_per_target,0.80,2.50)+0.45*scale(feature_ppg,6.00,18.00)","0.40*scale(48.00-feature_finish,0.00,36.00)+0.60*scale(expected_ppg_baseline-feature_ppg,0.00,4.00)","0.65*scale(feature_games_played,8.00,17.00)+0.35*scale(feature_total_ppr,80.00,260.00)","0.50*scale(feature_ppg_minus_cohort_expected,0.00,6.00)+0.30*scale(expected_finish_from_cohort-feature_finish,0.00,36.00)+0.20*scale(cohort_player_count,1.00,18.00)","0.20*scale(route_participation_season_avg,0.50,0.95)+0.20*scale(target_share_season_avg,0.10,0.32)+0.15*scale(air_yard_share_season_avg,0.08,0.38)+0.15*scale(routes_consistency_index,0.60,0.95)+0.15*scale(target_earning_index,0.12,0.45)+0.15*scale(opportunity_concentration_score,0.18,0.56)","0.50*scale(12.00-feature_finish,0.00,12.00)+0.25*scale(11.00-feature_games_played,0.00,11.00)+0.25*scale(0.14-feature_target_share,0.00,0.14)"
00-0038544,Q.Johnston,2023,2024,WR,0.0000,19.5081,0.0000,67.7222,27.5583,0.0000,25.0000,15.1906,wr_signal_score_role_balanced_v1,"0.50*scale(feature_targets_per_game,4.00,10.00)+0.50*scale(feature_target_share,0.12,0.30)","0.55*scale(feature_ppg_per_target,0.80,2.50)+0.45*scale(feature_ppg,6.00,18.00)","0.40*scale(48.00-feature_finish,0.00,36.00)+0.60*scale(expected_ppg_baseline-feature_ppg,0.00,4.00)","0.65*scale(feature_games_played,8.00,17.00)+0.35*scale(feature_total_ppr,80.00,260.00)","0.50*scale(feature_ppg_minus_cohort_expected,0.00,6.00)+0.30*scale(expected_finish_from_cohort-feature_finish,0.00,36.00)+0.20*scale(cohort_player_count,1.00,18.00)","0.20*scale(route_participation_season_avg,0.50,0.95)+0.20*scale(target_share_season_avg,0.10,0.32)+0.15*scale(air_yard_share_season_avg,0.08,0.38)+0.15*scale(routes_consistency_index,0.60,0.95)+0.15*scale(target_earning_index,0.12,0.45)+0.15*scale(opportunity_concentration_score,0.18,0.56)","0.50*scale(12.00-feature_finish,0.00,12.00)+0.25*scale(11.00-feature_games_played,0.00,11.00)+0.25*scale(0.14-feature_target_share,0.00,0.14)"
00-0038752,J.Bobo,2023,2024,WR,0.0000,47.7535,0.0000,43.3334,20.0000,0.0000,25.0000,14.8964,wr_signal_score_role_balanced_v1,"0.50*scale(feature_targets_per_game,4.00,10.00)+0.50*scale(feature_target_share,0.12,0.30)","0.55*scale(feature_ppg_per_target,0.80,2.50)+0.45*scale(feature_ppg,6.00,18.00)","0.40*scale(48.00-feature_finish,0.00,36.00)+0.60*scale(expected_ppg_baseline-feature_ppg,0.00,4.00)","0.65*scale(feature_games_played,8.00,17.00)+0.35*scale(feature_total_ppr,80.00,260.00)","0.50*scale(feature_ppg_minus_cohort_expected,0.00,6.00)+0.30*scale(expected_finish_from_cohort-feature_finish,0.00,36.00)+0.20*scale(cohort_player_count,1.00,18.00)","0.20*scale(route_participation_season_avg,0.50,0.95)+0.20*scale(target_share_season_avg,0.10,0.32)+0.15*scale(air_yard_share_season_avg,0.08,0.38)+0.15*scale(routes_consistency_index,0.60,0.95)+0.15*scale(target_earning_index,0.12,0.45)+0.15*scale(opportunity_concentration_score,0.18,0.56)","0.50*scale(12.00-feature_finish,0.00,12.00)+0.25*scale(11.00-feature_games_played,0.00,11.00)+0.25*scale(0.14-feature_target_share,0.00,0.14)"
00-0037664,A.Pierce,2023,2024,WR,0.0000,21.6022,0.0000,67.9945,23.5572,0.0000,25.0000,14.8199,wr_signal_score_role_balanced_v1,"0.50*scale(feature_targets_per_game,4.00,10.00)+0.50*scale(feature_target_share,0.12,0.30)","0.55*scale(feature_ppg_per_target,0.80,2.50)+0.45*scale(feature_ppg,6.00,18.00)","0.40*scale(48.00-feature_finish,0.00,36.00)+0.60*scale(expected_ppg_baseline-feature_ppg,0.00,4.00)","0.65*scale(feature_games_played,8.00,17.00)+0.35*scale(feature_total_ppr,80.00,260.00)","0.50*scale(feature_ppg_minus_cohort_expected,0.00,6.00)+0.30*scale(expected_finish_from_cohort-feature_finish,0.00,36.00)+0.20*scale(cohort_player_count,1.00,18.00)","0.20*scale(route_participation_season_avg,0.50,0.95)+0.20*scale(target_share_season_avg,0.10,0.32)+0.15*scale(air_yard_share_season_avg,0.08,0.38)+0.15*scale(routes_consistency_index,0.60,0.95)+0.15*scale(target_earning_index,0.12,0.45)+0.15*scale(opportunity_concentration_score,0.18,0.56)","0.50*scale(12.00-feature_finish,0.00,12.00)+0.25*scale(11.00-feature_games_played,0.00,11.00)+0.25*scale(0.14-feature_target_share,0.00,0.14)"
00-0038573,D.Davis,2023,2024,WR,0.0000,45.8642,0.0000,43.3334,20.0000,0.0000,25.0000,14.6130,wr_signal_score_role_balanced_v1,"0.50*scale(feature_targets_per_game,4.00,10.00)+0.50*scale(feature_target_share,0.12,0.30)","0.55*scale(feature_ppg_per_target,0.80,2.50)+0.45*scale(feature_ppg,6.00,18.00)","0.40*scale(48.00-feature_finish,0.00,36.00)+0.60*scale(expected_ppg_baseline-feature_ppg,0.00,4.00)","0.65*scale(feature_games_played,8.00,17.00)+0.35*scale(feature_total_ppr,80.00,260.00)","0.50*scale(feature_ppg_minus_cohort_expected,0.00,6.00)+0.30*scale(expected_finish_from_cohort-feature_finish,0.00,36.00)+0.20*scale(cohort_player_count,1.00,18.00)","0.20*scale(route_participation_season_avg,0.50,0.95)+0.20*scale(target_share_season_avg,0.10,0.32)+0.15*scale(air_yard_share_season_avg,0.08,0.38)+0.15*scale(routes_consistency_index,0.60,0.95)+0.15*scale(target_earning_index,0.12,0.45)+0.15*scale(opportunity_concentration_score,0.18,0.56)","0.50*scale(12.00-feature_finish,0.00,12.00)+0.25*scale(11.00-feature_games_played,0.00,11.00)+0.25*scale(0.14-feature_target_share,0.00,0.14)"
00-0037240,J.Williams,2023,2024,WR,0.0000,38.5673,0.0000,28.9472,35.2239,0.0000,25.0000,14.3885,wr_signal_score_role_balanced_v1,"0.50*scale(feature_targets_per_game,4.00,10.00)+0.50*scale(feature_target_share,0.12,0.30)","0.55*scale(feature_ppg_per_target,0.80,2.50)+0.45*scale(feature_ppg,6.00,18.00)","0.40*scale(48.00-feature_finish,0.00,36.00)+0.60*scale(expected_ppg_baseline-feature_ppg,0.00,4.00)","0.65*scale(feature_games_played,8.00,17.00)+0.35*scale(feature_total_ppr,80.00,260.00)","0.50*scale(feature_ppg_minus_cohort_expected,0.00,6.00)+0.30*scale(expected_finish_from_cohort-feature_finish,0.00,36.00)+0.20*scale(cohort_player_count,1.00,18.00)","0.20*scale(route_participation_season_avg,0.50,0.95)+0.20*scale(target_share_season_avg,0.10,0.32)+0.15*scale(air_yard_share_season_avg,0.08,0.38)+0.15*scale(routes_consistency_index,0.60,0.95)+0.15*scale(target_earning_index,0.12,0.45)+0.15*scale(opportunity_concentration_score,0.18,0.56)","0.50*scale(12.00-feature_finish,0.00,12.00)+0.25*scale(11.00-feature_games_played,0.00,11.00)+0.25*scale(0.14-feature_target_share,0.00,0.14)"
00-0038563,T.Tucker,2023,2024,WR,0.0000,42.4390,0.0000,36.1111,26.7250,0.0000,25.0000,14.3708,wr_signal_score_role_balanced_v1,"0.50*scale(feature_targets_per_game,4.00,10.00)+0.50*scale(feature_target_share,0.12,0.30)","0.55*scale(feature_ppg_per_target,0.80,2.50)+0.45*scale(feature_ppg,6.00,18.00)","0.40*scale(48.00-feature_finish,0.00,36.00)+0.60*scale(expected_ppg_baseline-feature_ppg,0.00,4.00)","0.65*scale(feature_games_played,8.00,17.00)+0.35*scale(feature_total_ppr,80.00,260.00)","0.50*scale(feature_ppg_minus_cohort_expected,0.00,6.00)+0.30*scale(expected_finish_from_cohort-feature_finish,0.00,36.00)+0.20*scale(cohort_player_count,1.00,18.00)","0.20*scale(route_participation_season_avg,0.50,0.95)+0.20*scale(target_share_season_avg,0.10,0.32)+0.15*scale(air_yard_share_season_avg,0.08,0.38)+0.15*scale(routes_consistency_index,0.60,0.95)+0.15*scale(target_earning_index,0.12,0.45)+0.15*scale(opportunity_concentration_score,0.18,0.56)","0.50*scale(12.00-feature_finish,0.00,12.00)+0.25*scale(11.00-feature_games_played,0.00,11.00)+0.25*scale(0.14-feature_target_share,0.00,0.14)"
00-0033943,J.Reynolds,2023,2024,WR,0.0000,46.9154,0.0000,67.2667,0.0000,0.0000,25.0000,14.2820,wr_signal_score_role_balanced_v1,"0.50*scale(feature_targets_per_game,4.00,10.00)+0.50*scale(feature_target_share,0.12,0.30)","0.55*scale(feature_ppg_per_target,0.80,2.50)+0.45*scale(feature_ppg,6.00,18.00)","0.40*scale(48.00-feature_finish,0.00,36.00)+0.60*scale(expected_ppg_baseline-feature_ppg,0.00,4.00)","0.65*scale(feature_games_played,8.00,17.00)+0.35*scale(feature_total_ppr,80.00,260.00)","0.50*scale(feature_ppg_minus_cohort_expected,0.00,6.00)+0.30*scale(expected_finish_from_cohort-feature_finish,0.00,36.00)+0.20*scale(cohort_player_count,1.00,18.00)","0.20*scale(route_participation_season_avg,0.50,0.95)+0.20*scale(target_share_season_avg,0.10,0.32)+0.15*scale(air_yard_share_season_avg,0.08,0.38)+0.15*scale(routes_consistency_index,0.60,0.95)+0.15*scale(target_earning_index,0.12,0.45)+0.15*scale(opportunity_concentration_score,0.18,0.56)","0.50*scale(12.00-feature_finish,0.00,12.00)+0.25*scale(11.00-feature_games_played,0.00,11.00)+0.25*scale(0.14-feature_target_share,0.00,0.14)"
00-0032398,C.Moore,2023,2024,WR,0.0000,37.2530,0.0000,50.5556,20.0000,0.0000,25.0000,14.2602,wr_signal_score_role_balanced_v1,"0.50*scale(feature_targets_per_game,4.00,10.00)+0.50*scale(feature_target_share,0.12,0.30)","0.55*scale(feature_ppg_per_target,0.80,2.50)+0.45*scale(feature_ppg,6.00,18.00)","0.40*scale(48.00-feature_finish,0.00,36.00)+0.60*scale(expected_ppg_baseline-feature_ppg,0.00,4.00)","0.65*scale(feature_games_played,8.00,17.00)+0.35*scale(feature_total_ppr,80.00,260.00)","0.50*scale(feature_ppg_minus_cohort_expected,0.00,6.00)+0.30*scale(expected_finish_from_cohort-feature_finish,0.00,36.00)+0.20*scale(cohort_player_count,1.00,18.00)","0.20*scale(route_participation_season_avg,0.50,0.95)+0.20*scale(target_share_season_avg,0.10,0.32)+0.15*scale(air_yard_share_season_avg,0.08,0.38)+0.15*scale(routes_consistency_index,0.60,0.95)+0.15*scale(target_earning_index,0.12,0.45)+0.15*scale(opportunity_concentration_score,0.18,0.56)","0.50*scale(12.00-feature_finish,0.00,12.00)+0.25*scale(11.00-feature_games_played,0.00,11.00)+0.25*scale(0.14-feature_target_share,0.00,0.14)"
00-0032464,K.Raymond,2023,2024,WR,0.0000,45.7363,0.0000,68.3833,0.0000,0.0000,25.0000,14.2503,wr_signal_score_role_balanced_v1,"0.50*scale(feature_targets_per_game,4.00,10.00)+0.50*scale(feature_target_share,0.12,0.30)","0.55*scale(feature_ppg_per_target,0.80,2.50)+0.45*scale(feature_ppg,6.00,18.00)","0.40*scale(48.00-feature_finish,0.00,36.00)+0.60*scale(expected_ppg_baseline-feature_ppg,0.00,4.00)","0.65*scale(feature_games_played,8.00,17.00)+0.35*scale(feature_total_ppr,80.00,260.00)","0.50*scale(feature_ppg_minus_cohort_expected,0.00,6.00)+0.30*scale(expected_finish_from_cohort-feature_finish,0.00,36.00)+0.20*scale(cohort_player_count,1.00,18.00)","0.20*scale(route_participation_season_avg,0.50,0.95)+0.20*scale(target_share_season_avg,0.10,0.32)+0.15*scale(air_yard_share_season_avg,0.08,0.38)+0.15*scale(routes_consistency_index,0.60,0.95)+0.15*scale(target_earning_index,0.12,0.45)+0.15*scale(opportunity_concentration_score,0.18,0.56)","0.50*scale(12.00-feature_finish,0.00,12.00)+0.25*scale(11.00-feature_games_played,0.00,11.00)+0.25*scale(0.14-feature_target_share,0.00,0.14)"
00-0034386,J.Watson,2023,2024,WR,0.0000,28.4467,0.0000,52.3056,25.3014,0.0000,25.0000,14.1210,wr_signal_score_role_balanced_v1,"0.50*scale(feature_targets_per_game,4.00,10.00)+0.50*scale(feature_target_share,0.12,0.30)","0.55*scale(feature_ppg_per_target,0.80,2.50)+0.45*scale(feature_ppg,6.00,18.00)","0.40*scale(48.00-feature_finish,0.00,36.00)+0.60*scale(expected_ppg_baseline-feature_ppg,0.00,4.00)","0.65*scale(feature_games_played,8.00,17.00)+0.35*scale(feature_total_ppr,80.00,260.00)","0.50*scale(feature_ppg_minus_cohort_expected,0.00,6.00)+0.30*scale(expected_finish_from_cohort-feature_finish,0.00,36.00)+0.20*scale(cohort_player_count,1.00,18.00)","0.20*scale(route_participation_season_avg,0.50,0.95)+0.20*scale(target_share_season_avg,0.10,0.32)+0.15*scale(air_yard_share_season_avg,0.08,0.38)+0.15*scale(routes_consistency_index,0.60,0.95)+0.15*scale(target_earning_index,0.12,0.45)+0.15*scale(opportunity_concentration_score,0.18,0.56)","0.50*scale(12.00-feature_finish,0.00,12.00)+0.25*scale(11.00-feature_games_played,0.00,11.00)+0.25*scale(0.14-feature_target_share,0.00,0.14)"
00-0037801,K.Turpin,2023,2024,WR,0.0000,55.0000,0.0000,28.8889,20.0000,0.0000,25.0000,14.1056,wr_signal_score_role_balanced_v1,"0.50*scale(feature_targets_per_game,4.00,10.00)+0.50*scale(feature_target_share,0.12,0.30)","0.55*scale(feature_ppg_per_target,0.80,2.50)+0.45*scale(feature_ppg,6.00,18.00)","0.40*scale(48.00-feature_finish,0.00,36.00)+0.60*scale(expected_ppg_baseline-feature_ppg,0.00,4.00)","0.65*scale(feature_games_played,8.00,17.00)+0.35*scale(feature_total_ppr,80.00,260.00)","0.50*scale(feature_ppg_minus_cohort_expected,0.00,6.00)+0.30*scale(expected_finish_from_cohort-feature_finish,0.00,36.00)+0.20*scale(cohort_player_count,1.00,18.00)","0.20*scale(route_participation_season_avg,0.50,0.95)+0.20*scale(target_share_season_avg,0.10,0.32)+0.15*scale(air_yard_share_season_avg,0.08,0.38)+0.15*scale(routes_consistency_index,0.60,0.95)+0.15*scale(target_earning_index,0.12,0.45)+0.15*scale(opportunity_concentration_score,0.18,0.56)","0.50*scale(12.00-feature_finish,0.00,12.00)+0.25*scale(11.00-feature_games_played,0.00,11.00)+0.25*scale(0.14-feature_target_share,0.00,0.14)"
00-0031549,N.Agholor,2023,2024,WR,0.0000,44.1861,0.0000,61.1028,0.0000,0.0000,25.0000,13.0713,wr_signal_score_role_balanced_v1,"0.50*scale(feature_targets_per_game,4.00,10.00)+0.50*scale(feature_target_share,0.12,0.30)","0.55*scale(feature_ppg_per_target,0.80,2.50)+0.45*scale(feature_ppg,6.00,18.00)","0.40*scale(48.00-feature_finish,0.00,36.00)+0.60*scale(expected_ppg_baseline-feature_ppg,0.00,4.00)","0.65*scale(feature_games_played,8.00,17.00)+0.35*scale(feature_total_ppr,80.00,260.00)","0.50*scale(feature_ppg_minus_cohort_expected,0.00,6.00)+0.30*scale(expected_finish_from_cohort-feature_finish,0.00,36.00)+0.20*scale(cohort_player_count,1.00,18.00)","0.20*scale(route_participation_season_avg,0.50,0.95)+0.20*scale(target_share_season_avg,0.10,0.32)+0.15*scale(air_yard_share_season_avg,0.08,0.38)+0.15*scale(routes_consistency_index,0.60,0.95)+0.15*scale(target_earning_index,0.12,0.45)+0.15*scale(opportunity_concentration_score,0.18,0.56)","0.50*scale(12.00-feature_finish,0.00,12.00)+0.25*scale(11.00-feature_games_played,0.00,11.00)+0.25*scale(0.14-feature_target_share,0.00,0.14)"
00-0036165,I.Hodgins,2023,2024,WR,0.0000,32.9423,0.0000,43.3334,20.0000,0.0000,25.0000,12.6747,wr_signal_score_role_balanced_v1,"0.50*scale(feature_targets_per_game,4.00,10.00)+0.50*scale(feature_target_share,0.12,0.30)","0.55*scale(feature_ppg_per_target,0.80,2.50)+0.45*scale(feature_ppg,6.00,18.00)","0.40*scale(48.00-feature_finish,0.00,36.00)+0.60*scale(expected_ppg_baseline-feature_ppg,0.00,4.00)","0.65*scale(feature_games_played,8.00,17.00)+0.35*scale(feature_total_ppr,80.00,260.00)","0.50*scale(feature_ppg_minus_cohort_expected,0.00,6.00)+0.30*scale(expected_finish_from_cohort-feature_finish,0.00,36.00)+0.20*scale(cohort_player_count,1.00,18.00)","0.20*scale(route_participation_season_avg,0.50,0.95)+0.20*scale(target_share_season_avg,0.10,0.32)+0.15*scale(air_yard_share_season_avg,0.08,0.38)+0.15*scale(routes_consistency_index,0.60,0.95)+0.15*scale(target_earning_index,0.12,0.45)+0.15*scale(opportunity_concentration_score,0.18,0.56)","0.50*scale(12.00-feature_finish,0.00,12.00)+0.25*scale(11.00-feature_games_played,0.00,11.00)+0.25*scale(0.14-feature_target_share,0.00,0.14)"
00-0037837,C.Austin,2023,2024,WR,0.0000,30.9498,0.0000,43.3334,20.0000,0.0000,25.0000,12.3758,wr_signal_score_role_balanced_v1,"0.50*scale(feature_targets_per_game,4.00,10.00)+0.50*scale(feature_target_share,0.12,0.30)","0.55*scale(feature_ppg_per_target,0.80,2.50)+0.45*scale(feature_ppg,6.00,18.00)","0.40*scale(48.00-feature_finish,0.00,36.00)+0.60*scale(expected_ppg_baseline-feature_ppg,0.00,4.00)","0.65*scale(feature_games_played,8.00,17.00)+0.35*scale(feature_total_ppr,80.00,260.00)","0.50*scale(feature_ppg_minus_cohort_expected,0.00,6.00)+0.30*scale(expected_finish_from_cohort-feature_finish,0.00,36.00)+0.20*scale(cohort_player_count,1.00,18.00)","0.20*scale(route_participation_season_avg,0.50,0.95)+0.20*scale(target_share_season_avg,0.10,0.32)+0.15*scale(air_yard_share_season_avg,0.08,0.38)+0.15*scale(routes_consistency_index,0.60,0.95)+0.15*scale(target_earning_index,0.12,0.45)+0.15*scale(opportunity_concentration_score,0.18,0.56)","0.50*scale(12.00-feature_finish,0.00,12.00)+0.25*scale(11.00-feature_games_played,0.00,11.00)+0.25*scale(0.14-feature_target_share,0.00,0.14)"
00-0034777,D.Chark,2023,2024,WR,5.9525,39.1726,0.0000,50.2361,0.0000,0.0000,25.0000,12.3352,wr_signal_score_role_balanced_v1,"0.50*scale(feature_targets_per_game,4.00,10.00)+0.50*scale(feature_target_share,0.12,0.30)","0.55*scale(feature_ppg_per_target,0.80,2.50)+0.45*scale(feature_ppg,6.00,18.00)","0.40*scale(48.00-feature_finish,0.00,36.00)+0.60*scale(expected_ppg_baseline-feature_ppg,0.00,4.00)","0.65*scale(feature_games_played,8.00,17.00)+0.35*scale(feature_total_ppr,80.00,260.00)","0.50*scale(feature_ppg_minus_cohort_expected,0.00,6.00)+0.30*scale(expected_finish_from_cohort-feature_finish,0.00,36.00)+0.20*scale(cohort_player_count,1.00,18.00)","0.20*scale(route_participation_season_avg,0.50,0.95)+0.20*scale(target_share_season_avg,0.10,0.32)+0.15*scale(air_yard_share_season_avg,0.08,0.38)+0.15*scale(routes_consistency_index,0.60,0.95)+0.15*scale(target_earning_index,0.12,0.45)+0.15*scale(opportunity_concentration_score,0.18,0.56)","0.50*scale(12.00-feature_finish,0.00,12.00)+0.25*scale(11.00-feature_games_played,0.00,11.00)+0.25*scale(0.14-feature_target_share,0.00,0.14)"
00-0038496,X.Gipson,2023,2024,WR,0.0000,27.4997,0.0000,43.3334,20.0000,0.0000,25.0000,11.8583,wr_signal_score_role_balanced_v1,"0.50*scale(feature_targets_per_game,4.00,10.00)+0.50*scale(feature_target_share,0.12,0.30)","0.55*scale(feature_ppg_per_target,0.80,2.50)+0.45*scale(feature_ppg,6.00,18.00)","0.40*scale(48.00-feature_finish,0.00,36.00)+0.60*scale(expected_ppg_baseline-feature_ppg,0.00,4.00)","0.65*scale(feature_games_played,8.00,17.00)+0.35*scale(feature_total_ppr,80.00,260.00)","0.50*scale(feature_ppg_minus_cohort_expected,0.00,6.00)+0.30*scale(expected_finish_from_cohort-feature_finish,0.00,36.00)+0.20*scale(cohort_player_count,1.00,18.00)","0.20*scale(route_participation_season_avg,0.50,0.95)+0.20*scale(target_share_season_avg,0.10,0.32)+0.15*scale(air_yard_share_season_avg,0.08,0.38)+0.15*scale(routes_consistency_index,0.60,0.95)+0.15*scale(target_earning_index,0.12,0.45)+0.15*scale(opportunity_concentration_score,0.18,0.56)","0.50*scale(12.00-feature_finish,0.00,12.00)+0.25*scale(11.00-feature_games_played,0.00,11.00)+0.25*scale(0.14-feature_target_share,0.00,0.14)"
00-0036550,R.Bateman,2023,2024,WR,0.0000,18.3145,0.0000,50.5556,20.0000,0.0000,25.0000,11.4194,wr_signal_score_role_balanced_v1,"0.50*scale(feature_targets_per_game,4.00,10.00)+0.50*scale(feature_target_share,0.12,0.30)","0.55*scale(feature_ppg_per_target,0.80,2.50)+0.45*scale(feature_ppg,6.00,18.00)","0.40*scale(48.00-feature_finish,0.00,36.00)+0.60*scale(expected_ppg_baseline-feature_ppg,0.00,4.00)","0.65*scale(feature_games_played,8.00,17.00)+0.35*scale(feature_total_ppr,80.00,260.00)","0.50*scale(feature_ppg_minus_cohort_expected,0.00,6.00)+0.30*scale(expected_finish_from_cohort-feature_finish,0.00,36.00)+0.20*scale(cohort_player_count,1.00,18.00)","0.20*scale(route_participation_season_avg,0.50,0.95)+0.20*scale(target_share_season_avg,0.10,0.32)+0.15*scale(air_yard_share_season_avg,0.08,0.38)+0.15*scale(routes_consistency_index,0.60,0.95)+0.15*scale(target_earning_index,0.12,0.45)+0.15*scale(opportunity_concentration_score,0.18,0.56)","0.50*scale(12.00-feature_finish,0.00,12.00)+0.25*scale(11.00-feature_games_played,0.00,11.00)+0.25*scale(0.14-feature_target_share,0.00,0.14)"
00-0033591,N.Brown,2023,2024,WR,12.5000,49.4824,0.0000,18.6444,0.0000,0.0000,27.2727,11.2098,wr_signal_score_role_balanced_v1,"0.50*scale(feature_targets_per_game,4.00,10.00)+0.50*scale(feature_target_share,0.12,0.30)","0.55*scale(feature_ppg_per_target,0.80,2.50)+0.45*scale(feature_ppg,6.00,18.00)","0.40*scale(48.00-feature_finish,0.00,36.00)+0.60*scale(expected_ppg_baseline-feature_ppg,0.00,4.00)","0.65*scale(feature_games_played,8.00,17.00)+0.35*scale(feature_total_ppr,80.00,260.00)","0.50*scale(feature_ppg_minus_cohort_expected,0.00,6.00)+0.30*scale(expected_finish_from_cohort-feature_finish,0.00,36.00)+0.20*scale(cohort_player_count,1.00,18.00)","0.20*scale(route_participation_season_avg,0.50,0.95)+0.20*scale(target_share_season_avg,0.10,0.32)+0.15*scale(air_yard_share_season_avg,0.08,0.38)+0.15*scale(routes_consistency_index,0.60,0.95)+0.15*scale(target_earning_index,0.12,0.45)+0.15*scale(opportunity_concentration_score,0.18,0.56)","0.50*scale(12.00-feature_finish,0.00,12.00)+0.25*scale(11.00-feature_games_played,0.00,11.00)+0.25*scale(0.14-feature_target_share,0.00,0.14)"
00-0037666,J.Tolbert,2023,2024,WR,0.0000,28.7588,0.0000,36.1111,20.0000,0.0000,25.0000,11.1083,wr_signal_score_role_balanced_v1,"0.50*scale(feature_targets_per_game,4.00,10.00)+0.50*scale(feature_target_share,0.12,0.30)","0.55*scale(feature_ppg_per_target,0.80,2.50)+0.45*scale(feature_ppg,6.00,18.00)","0.40*scale(48.00-feature_finish,0.00,36.00)+0.60*scale(expected_ppg_baseline-feature_ppg,0.00,4.00)","0.65*scale(feature_games_played,8.00,17.00)+0.35*scale(feature_total_ppr,80.00,260.00)","0.50*scale(feature_ppg_minus_cohort_expected,0.00,6.00)+0.30*scale(expected_finish_from_cohort-feature_finish,0.00,36.00)+0.20*scale(cohort_player_count,1.00,18.00)","0.20*scale(route_participation_season_avg,0.50,0.95)+0.20*scale(target_share_season_avg,0.10,0.32)+0.15*scale(air_yard_share_season_avg,0.08,0.38)+0.15*scale(routes_consistency_index,0.60,0.95)+0.15*scale(target_earning_index,0.12,0.45)+0.15*scale(opportunity_concentration_score,0.18,0.56)","0.50*scale(12.00-feature_finish,0.00,12.00)+0.25*scale(11.00-feature_games_played,0.00,11.00)+0.25*scale(0.14-feature_target_share,0.00,0.14)"
00-0035500,G.Dortch,2023,2024,WR,4.6300,29.3890,0.0000,7.2222,34.4681,0.0000,29.5454,10.8900,wr_signal_score_role_balanced_v1,"0.50*scale(feature_targets_per_game,4.00,10.00)+0.50*scale(feature_target_share,0.12,0.30)","0.55*scale(feature_ppg_per_target,0.80,2.50)+0.45*scale(feature_ppg,6.00,18.00)","0.40*scale(48.00-feature_finish,0.00,36.00)+0.60*scale(expected_ppg_baseline-feature_ppg,0.00,4.00)","0.65*scale(feature_games_played,8.00,17.00)+0.35*scale(feature_total_ppr,80.00,260.00)","0.50*scale(feature_ppg_minus_cohort_expected,0.00,6.00)+0.30*scale(expected_finish_from_cohort-feature_finish,0.00,36.00)+0.20*scale(cohort_player_count,1.00,18.00)","0.20*scale(route_participation_season_avg,0.50,0.95)+0.20*scale(target_share_season_avg,0.10,0.32)+0.15*scale(air_yard_share_season_avg,0.08,0.38)+0.15*scale(routes_consistency_index,0.60,0.95)+0.15*scale(target_earning_index,0.12,0.45)+0.15*scale(opportunity_concentration_score,0.18,0.56)","0.50*scale(12.00-feature_finish,0.00,12.00)+0.25*scale(11.00-feature_games_played,0.00,11.00)+0.25*scale(0.14-feature_target_share,0.00,0.14)"
00-0038619,A.Iosivas,2023,2024,WR,0.0000,39.5994,0.0000,7.2222,30.8917,0.0000,29.5454,10.6666,wr_signal_score_role_balanced_v1,"0.50*scale(feature_targets_per_game,4.00,10.00)+0.50*scale(feature_target_share,0.12,0.30)","0.55*scale(feature_ppg_per_target,0.80,2.50)+0.45*scale(feature_ppg,6.00,18.00)","0.40*scale(48.00-feature_finish,0.00,36.00)+0.60*scale(expected_ppg_baseline-feature_ppg,0.00,4.00)","0.65*scale(feature_games_played,8.00,17.00)+0.35*scale(feature_total_ppr,80.00,260.00)","0.50*scale(feature_ppg_minus_cohort_expected,0.00,6.00)+0.30*scale(expected_finish_from_cohort-feature_finish,0.00,36.00)+0.20*scale(cohort_player_count,1.00,18.00)","0.20*scale(route_participation_season_avg,0.50,0.95)+0.20*scale(target_share_season_avg,0.10,0.32)+0.15*scale(air_yard_share_season_avg,0.08,0.38)+0.15*scale(routes_consistency_index,0.60,0.95)+0.15*scale(target_earning_index,0.12,0.45)+0.15*scale(opportunity_concentration_score,0.18,0.56)","0.50*scale(12.00-feature_finish,0.00,12.00)+0.25*scale(11.00-feature_games_played,0.00,11.00)+0.25*scale(0.14-feature_target_share,0.00,0.14)"
00-0038606,P.Washington,2023,2024,WR,0.0000,36.5097,0.0000,0.0000,40.0583,0.0000,36.3636,10.5051,wr_signal_score_role_balanced_v1,"0.50*scale(feature_targets_per_game,4.00,10.00)+0.50*scale(feature_target_share,0.12,0.30)","0.55*scale(feature_ppg_per_target,0.80,2.50)+0.45*scale(feature_ppg,6.00,18.00)","0.40*scale(48.00-feature_finish,0.00,36.00)+0.60*scale(expected_ppg_baseline-feature_ppg,0.00,4.00)","0.65*scale(feature_games_played,8.00,17.00)+0.35*scale(feature_total_ppr,80.00,260.00)","0.50*scale(feature_ppg_minus_cohort_expected,0.00,6.00)+0.30*scale(expected_finish_from_cohort-feature_finish,0.00,36.00)+0.20*scale(cohort_player_count,1.00,18.00)","0.20*scale(route_participation_season_avg,0.50,0.95)+0.20*scale(target_share_season_avg,0.10,0.32)+0.15*scale(air_yard_share_season_avg,0.08,0.38)+0.15*scale(routes_consistency_index,0.60,0.95)+0.15*scale(target_earning_index,0.12,0.45)+0.15*scale(opportunity_concentration_score,0.18,0.56)","0.50*scale(12.00-feature_finish,0.00,12.00)+0.25*scale(11.00-feature_games_played,0.00,11.00)+0.25*scale(0.14-feature_target_share,0.00,0.14)"
00-0032775,D.Robinson,2023,2024,WR,7.2916,65.0902,3.3333,1.4389,0.0000,0.0000,31.8182,10.3248,wr_signal_score_role_balanced_v1,"0.50*scale(feature_targets_per_game,4.00,10.00)+0.50*scale(feature_target_share,0.12,0.30)","0.55*scale(feature_ppg_per_target,0.80,2.50)+0.45*scale(feature_ppg,6.00,18.00)","0.40*scale(48.00-feature_finish,0.00,36.00)+0.60*scale(expected_ppg_baseline-feature_ppg,0.00,4.00)","0.65*scale(feature_games_played,8.00,17.00)+0.35*scale(feature_total_ppr,80.00,260.00)","0.50*scale(feature_ppg_minus_cohort_expected,0.00,6.00)+0.30*scale(expected_finish_from_cohort-feature_finish,0.00,36.00)+0.20*scale(cohort_player_count,1.00,18.00)","0.20*scale(route_participation_season_avg,0.50,0.95)+0.20*scale(target_share_season_avg,0.10,0.32)+0.15*scale(air_yard_share_season_avg,0.08,0.38)+0.15*scale(routes_consistency_index,0.60,0.95)+0.15*scale(target_earning_index,0.12,0.45)+0.15*scale(opportunity_concentration_score,0.18,0.56)","0.50*scale(12.00-feature_finish,0.00,12.00)+0.25*scale(11.00-feature_games_played,0.00,11.00)+0.25*scale(0.14-feature_target_share,0.00,0.14)"
00-0036626,D.Brown,2023,2024,WR,0.0000,23.2950,0.0000,36.1111,20.0000,0.0000,25.0000,10.2887,wr_signal_score_role_balanced_v1,"0.50*scale(feature_targets_per_game,4.00,10.00)+0.50*scale(feature_target_share,0.12,0.30)","0.55*scale(feature_ppg_per_target,0.80,2.50)+0.45*scale(feature_ppg,6.00,18.00)","0.40*scale(48.00-feature_finish,0.00,36.00)+0.60*scale(expected_ppg_baseline-feature_ppg,0.00,4.00)","0.65*scale(feature_games_played,8.00,17.00)+0.35*scale(feature_total_ppr,80.00,260.00)","0.50*scale(feature_ppg_minus_cohort_expected,0.00,6.00)+0.30*scale(expected_finish_from_cohort-feature_finish,0.00,36.00)+0.20*scale(cohort_player_count,1.00,18.00)","0.20*scale(route_participation_season_avg,0.50,0.95)+0.20*scale(target_share_season_avg,0.10,0.32)+0.15*scale(air_yard_share_season_avg,0.08,0.38)+0.15*scale(routes_consistency_index,0.60,0.95)+0.15*scale(target_earning_index,0.12,0.45)+0.15*scale(opportunity_concentration_score,0.18,0.56)","0.50*scale(12.00-feature_finish,0.00,12.00)+0.25*scale(11.00-feature_games_played,0.00,11.00)+0.25*scale(0.14-feature_target_share,0.00,0.14)"
00-0038938,J.Hyatt,2023,2024,WR,0.0000,22.8901,0.0000,36.1111,20.0000,0.0000,25.0000,10.2280,wr_signal_score_role_balanced_v1,"0.50*scale(feature_targets_per_game,4.00,10.00)+0.50*scale(feature_target_share,0.12,0.30)","0.55*scale(feature_ppg_per_target,0.80,2.50)+0.45*scale(feature_ppg,6.00,18.00)","0.40*scale(48.00-feature_finish,0.00,36.00)+0.60*scale(expected_ppg_baseline-feature_ppg,0.00,4.00)","0.65*scale(feature_games_played,8.00,17.00)+0.35*scale(feature_total_ppr,80.00,260.00)","0.50*scale(feature_ppg_minus_cohort_expected,0.00,6.00)+0.30*scale(expected_finish_from_cohort-feature_finish,0.00,36.00)+0.20*scale(cohort_player_count,1.00,18.00)","0.20*scale(route_participation_season_avg,0.50,0.95)+0.20*scale(target_share_season_avg,0.10,0.32)+0.15*scale(air_yard_share_season_avg,0.08,0.38)+0.15*scale(routes_consistency_index,0.60,0.95)+0.15*scale(target_earning_index,0.12,0.45)+0.15*scale(opportunity_concentration_score,0.18,0.56)","0.50*scale(12.00-feature_finish,0.00,12.00)+0.25*scale(11.00-feature_games_played,0.00,11.00)+0.25*scale(0.14-feature_target_share,0.00,0.14)"
00-0035045,D.Montgomery,2023,2024,WR,0.0000,38.0367,0.0000,0.0000,39.4972,0.0000,45.4545,10.0877,wr_signal_score_role_balanced_v1,"0.50*scale(feature_targets_per_game,4.00,10.00)+0.50*scale(feature_target_share,0.12,0.30)","0.55*scale(feature_ppg_per_target,0.80,2.50)+0.45*scale(feature_ppg,6.00,18.00)","0.40*scale(48.00-feature_finish,0.00,36.00)+0.60*scale(expected_ppg_baseline-feature_ppg,0.00,4.00)","0.65*scale(feature_games_played,8.00,17.00)+0.35*scale(feature_total_ppr,80.00,260.00)","0.50*scale(feature_ppg_minus_cohort_expected,0.00,6.00)+0.30*scale(expected_finish_from_cohort-feature_finish,0.00,36.00)+0.20*scale(cohort_player_count,1.00,18.00)","0.20*scale(route_participation_season_avg,0.50,0.95)+0.20*scale(target_share_season_avg,0.10,0.32)+0.15*scale(air_yard_share_season_avg,0.08,0.38)+0.15*scale(routes_consistency_index,0.60,0.95)+0.15*scale(target_earning_index,0.12,0.45)+0.15*scale(opportunity_concentration_score,0.18,0.56)","0.50*scale(12.00-feature_finish,0.00,12.00)+0.25*scale(11.00-feature_games_played,0.00,11.00)+0.25*scale(0.14-feature_target_share,0.00,0.14)"
00-0036635,I.Smith-Marsette,2023,2024,WR,0.0000,55.0000,0.0000,0.0000,20.0000,0.0000,34.0909,9.8045,wr_signal_score_role_balanced_v1,"0.50*scale(feature_targets_per_game,4.00,10.00)+0.50*scale(feature_target_share,0.12,0.30)","0.55*scale(feature_ppg_per_target,0.80,2.50)+0.45*scale(feature_ppg,6.00,18.00)","0.40*scale(48.00-feature_finish,0.00,36.00)+0.60*scale(expected_ppg_baseline-feature_ppg,0.00,4.00)","0.65*scale(feature_games_played,8.00,17.00)+0.35*scale(feature_total_ppr,80.00,260.00)","0.50*scale(feature_ppg_minus_cohort_expected,0.00,6.00)+0.30*scale(expected_finish_from_cohort-feature_finish,0.00,36.00)+0.20*scale(cohort_player_count,1.00,18.00)","0.20*scale(route_participation_season_avg,0.50,0.95)+0.20*scale(target_share_season_avg,0.10,0.32)+0.15*scale(air_yard_share_season_avg,0.08,0.38)+0.15*scale(routes_consistency_index,0.60,0.95)+0.15*scale(target_earning_index,0.12,0.45)+0.15*scale(opportunity_concentration_score,0.18,0.56)","0.50*scale(12.00-feature_finish,0.00,12.00)+0.25*scale(11.00-feature_games_played,0.00,11.00)+0.25*scale(0.14-feature_target_share,0.00,0.14)"
00-0034764,M.Gallup,2023,2024,WR,0.0000,23.9526,0.0000,59.2944,0.0000,0.0000,25.0000,9.8012,wr_signal_score_role_balanced_v1,"0.50*scale(feature_targets_per_game,4.00,10.00)+0.50*scale(feature_target_share,0.12,0.30)","0.55*scale(feature_ppg_per_target,0.80,2.50)+0.45*scale(feature_ppg,6.00,18.00)","0.40*scale(48.00-feature_finish,0.00,36.00)+0.60*scale(expected_ppg_baseline-feature_ppg,0.00,4.00)","0.65*scale(feature_games_played,8.00,17.00)+0.35*scale(feature_total_ppr,80.00,260.00)","0.50*scale(feature_ppg_minus_cohort_expected,0.00,6.00)+0.30*scale(expected_finish_from_cohort-feature_finish,0.00,36.00)+0.20*scale(cohort_player_count,1.00,18.00)","0.20*scale(route_participation_season_avg,0.50,0.95)+0.20*scale(target_share_season_avg,0.10,0.32)+0.15*scale(air_yard_share_season_avg,0.08,0.38)+0.15*scale(routes_consistency_index,0.60,0.95)+0.15*scale(target_earning_index,0.12,0.45)+0.15*scale(opportunity_concentration_score,0.18,0.56)","0.50*scale(12.00-feature_finish,0.00,12.00)+0.25*scale(11.00-feature_games_played,0.00,11.00)+0.25*scale(0.14-feature_target_share,0.00,0.14)"
00-0038090,S.Moore,2023,2024,WR,0.0000,19.8371,0.0000,36.1111,20.0000,0.0000,25.0000,9.7700,wr_signal_score_role_balanced_v1,"0.50*scale(feature_targets_per_game,4.00,10.00)+0.50*scale(feature_target_share,0.12,0.30)","0.55*scale(feature_ppg_per_target,0.80,2.50)+0.45*scale(feature_ppg,6.00,18.00)","0.40*scale(48.00-feature_finish,0.00,36.00)+0.60*scale(expected_ppg_baseline-feature_ppg,0.00,4.00)","0.65*scale(feature_games_played,8.00,17.00)+0.35*scale(feature_total_ppr,80.00,260.00)","0.50*scale(feature_ppg_minus_cohort_expected,0.00,6.00)+0.30*scale(expected_finish_from_cohort-feature_finish,0.00,36.00)+0.20*scale(cohort_player_count,1.00,18.00)","0.20*scale(route_participation_season_avg,0.50,0.95)+0.20*scale(target_share_season_avg,0.10,0.32)+0.15*scale(air_yard_share_season_avg,0.08,0.38)+0.15*scale(routes_consistency_index,0.60,0.95)+0.15*scale(target_earning_index,0.12,0.45)+0.15*scale(opportunity_concentration_score,0.18,0.56)","0.50*scale(12.00-feature_finish,0.00,12.00)+0.25*scale(11.00-feature_games_played,0.00,11.00)+0.25*scale(0.14-feature_target_share,0.00,0.14)"
00-0036913,K.Toney,2023,2024,WR,0.0000,19.2411,0.0000,36.1111,20.0000,0.0000,25.0000,9.6806,wr_signal_score_role_balanced_v1,"0.50*scale(feature_targets_per_game,4.00,10.00)+0.50*scale(feature_target_share,0.12,0.30)","0.55*scale(feature_ppg_per_target,0.80,2.50)+0.45*scale(feature_ppg,6.00,18.00)","0.40*scale(48.00-feature_finish,0.00,36.00)+0.60*scale(expected_ppg_baseline-feature_ppg,0.00,4.00)","0.65*scale(feature_games_played,8.00,17.00)+0.35*scale(feature_total_ppr,80.00,260.00)","0.50*scale(feature_ppg_minus_cohort_expected,0.00,6.00)+0.30*scale(expected_finish_from_cohort-feature_finish,0.00,36.00)+0.20*scale(cohort_player_count,1.00,18.00)","0.20*scale(route_participation_season_avg,0.50,0.95)+0.20*scale(target_share_season_avg,0.10,0.32)+0.15*scale(air_yard_share_season_avg,0.08,0.38)+0.15*scale(routes_consistency_index,0.60,0.95)+0.15*scale(target_earning_index,0.12,0.45)+0.15*scale(opportunity_concentration_score,0.18,0.56)","0.50*scale(12.00-feature_finish,0.00,12.00)+0.25*scale(11.00-feature_games_played,0.00,11.00)+0.25*scale(0.14-feature_target_share,0.00,0.14)"
00-0033589,D.Moore,2023,2024,WR,0.0000,55.0000,0.0000,0.0000,20.0000,0.0000,36.3636,9.6682,wr_signal_score_role_balanced_v1,"0.50*scale(feature_targets_per_game,4.00,10.00)+0.50*scale(feature_target_share,0.12,0.30)","0.55*scale(feature_ppg_per_target,0.80,2.50)+0.45*scale(feature_ppg,6.00,18.00)","0.40*scale(48.00-feature_finish,0.00,36.00)+0.60*scale(expected_ppg_baseline-feature_ppg,0.00,4.00)","0.65*scale(feature_games_played,8.00,17.00)+0.35*scale(feature_total_ppr,80.00,260.00)","0.50*scale(feature_ppg_minus_cohort_expected,0.00,6.00)+0.30*scale(expected_finish_from_cohort-feature_finish,0.00,36.00)+0.20*scale(cohort_player_count,1.00,18.00)","0.20*scale(route_participation_season_avg,0.50,0.95)+0.20*scale(target_share_season_avg,0.10,0.32)+0.15*scale(air_yard_share_season_avg,0.08,0.38)+0.15*scale(routes_consistency_index,0.60,0.95)+0.15*scale(target_earning_index,0.12,0.45)+0.15*scale(opportunity_concentration_score,0.18,0.56)","0.50*scale(12.00-feature_finish,0.00,12.00)+0.25*scale(11.00-feature_games_played,0.00,11.00)+0.25*scale(0.14-feature_target_share,0.00,0.14)"
00-0036259,J.Jennings,2023,2024,WR,0.0000,24.6078,0.0000,28.8889,20.0000,0.0000,25.0000,9.5467,wr_signal_score_role_balanced_v1,"0.50*scale(feature_targets_per_game,4.00,10.00)+0.50*scale(feature_target_share,0.12,0.30)","0.55*scale(feature_ppg_per_target,0.80,2.50)+0.45*scale(feature_ppg,6.00,18.00)","0.40*scale(48.00-feature_finish,0.00,36.00)+0.60*scale(expected_ppg_baseline-feature_ppg,0.00,4.00)","0.65*scale(feature_games_played,8.00,17.00)+0.35*scale(feature_total_ppr,80.00,260.00)","0.50*scale(feature_ppg_minus_cohort_expected,0.00,6.00)+0.30*scale(expected_finish_from_cohort-feature_finish,0.00,36.00)+0.20*scale(cohort_player_count,1.00,18.00)","0.20*scale(route_participation_season_avg,0.50,0.95)+0.20*scale(target_share_season_avg,0.10,0.32)+0.15*scale(air_yard_share_season_avg,0.08,0.38)+0.15*scale(routes_consistency_index,0.60,0.95)+0.15*scale(target_earning_index,0.12,0.45)+0.15*scale(opportunity_concentration_score,0.18,0.56)","0.50*scale(12.00-feature_finish,0.00,12.00)+0.25*scale(11.00-feature_games_played,0.00,11.00)+0.25*scale(0.14-feature_target_share,0.00,0.14)"
00-0035406,L.Humphrey,2023,2024,WR,0.0000,54.4879,0.0000,21.6666,0.0000,0.0000,25.0000,9.4898,wr_signal_score_role_balanced_v1,"0.50*scale(feature_targets_per_game,4.00,10.00)+0.50*scale(feature_target_share,0.12,0.30)","0.55*scale(feature_ppg_per_target,0.80,2.50)+0.45*scale(feature_ppg,6.00,18.00)","0.40*scale(48.00-feature_finish,0.00,36.00)+0.60*scale(expected_ppg_baseline-feature_ppg,0.00,4.00)","0.65*scale(feature_games_played,8.00,17.00)+0.35*scale(feature_total_ppr,80.00,260.00)","0.50*scale(feature_ppg_minus_cohort_expected,0.00,6.00)+0.30*scale(expected_finish_from_cohort-feature_finish,0.00,36.00)+0.20*scale(cohort_player_count,1.00,18.00)","0.20*scale(route_participation_season_avg,0.50,0.95)+0.20*scale(target_share_season_avg,0.10,0.32)+0.15*scale(air_yard_share_season_avg,0.08,0.38)+0.15*scale(routes_consistency_index,0.60,0.95)+0.15*scale(target_earning_index,0.12,0.45)+0.15*scale(opportunity_concentration_score,0.18,0.56)","0.50*scale(12.00-feature_finish,0.00,12.00)+0.25*scale(11.00-feature_games_played,0.00,11.00)+0.25*scale(0.14-feature_target_share,0.00,0.14)"
00-0030431,R.Woods,2023,2024,WR,14.7433,15.8989,0.0000,37.9195,0.0000,0.0000,25.0000,9.3528,wr_signal_score_role_balanced_v1,"0.50*scale(feature_targets_per_game,4.00,10.00)+0.50*scale(feature_target_share,0.12,0.30)","0.55*scale(feature_ppg_per_target,0.80,2.50)+0.45*scale(feature_ppg,6.00,18.00)","0.40*scale(48.00-feature_finish,0.00,36.00)+0.60*scale(expected_ppg_baseline-feature_ppg,0.00,4.00)","0.65*scale(feature_games_played,8.00,17.00)+0.35*scale(feature_total_ppr,80.00,260.00)","0.50*scale(feature_ppg_minus_cohort_expected,0.00,6.00)+0.30*scale(expected_finish_from_cohort-feature_finish,0.00,36.00)+0.20*scale(cohort_player_count,1.00,18.00)","0.20*scale(route_participation_season_avg,0.50,0.95)+0.20*scale(target_share_season_avg,0.10,0.32)+0.15*scale(air_yard_share_season_avg,0.08,0.38)+0.15*scale(routes_consistency_index,0.60,0.95)+0.15*scale(target_earning_index,0.12,0.45)+0.15*scale(opportunity_concentration_score,0.18,0.56)","0.50*scale(12.00-feature_finish,0.00,12.00)+0.25*scale(11.00-feature_games_played,0.00,11.00)+0.25*scale(0.14-feature_target_share,0.00,0.14)"
00-0038647,R.Bell,2023,2024,WR,0.0000,50.7692,0.0000,0.0000,20.0000,0.0000,31.8182,9.3063,wr_signal_score_role_balanced_v1,"0.50*scale(feature_targets_per_game,4.00,10.00)+0.50*scale(feature_target_share,0.12,0.30)","0.55*scale(feature_ppg_per_target,0.80,2.50)+0.45*scale(feature_ppg,6.00,18.00)","0.40*scale(48.00-feature_finish,0.00,36.00)+0.60*scale(expected_ppg_baseline-feature_ppg,0.00,4.00)","0.65*scale(feature_games_played,8.00,17.00)+0.35*scale(feature_total_ppr,80.00,260.00)","0.50*scale(feature_ppg_minus_cohort_expected,0.00,6.00)+0.30*scale(expected_finish_from_cohort-feature_finish,0.00,36.00)+0.20*scale(cohort_player_count,1.00,18.00)","0.20*scale(route_participation_season_avg,0.50,0.95)+0.20*scale(target_share_season_avg,0.10,0.32)+0.15*scale(air_yard_share_season_avg,0.08,0.38)+0.15*scale(routes_consistency_index,0.60,0.95)+0.15*scale(target_earning_index,0.12,0.45)+0.15*scale(opportunity_concentration_score,0.18,0.56)","0.50*scale(12.00-feature_finish,0.00,12.00)+0.25*scale(11.00-feature_games_played,0.00,11.00)+0.25*scale(0.14-feature_target_share,0.00,0.14)"
00-0037257,D.Bell,2023,2024,WR,0.0000,42.6203,0.0000,7.2222,20.0000,0.0000,29.5454,9.1592,wr_signal_score_role_balanced_v1,"0.50*scale(feature_targets_per_game,4.00,10.00)+0.50*scale(feature_target_share,0.12,0.30)","0.55*scale(feature_ppg_per_target,0.80,2.50)+0.45*scale(feature_ppg,6.00,18.00)","0.40*scale(48.00-feature_finish,0.00,36.00)+0.60*scale(expected_ppg_baseline-feature_ppg,0.00,4.00)","0.65*scale(feature_games_played,8.00,17.00)+0.35*scale(feature_total_ppr,80.00,260.00)","0.50*scale(feature_ppg_minus_cohort_expected,0.00,6.00)+0.30*scale(expected_finish_from_cohort-feature_finish,0.00,36.00)+0.20*scale(cohort_player_count,1.00,18.00)","0.20*scale(route_participation_season_avg,0.50,0.95)+0.20*scale(target_share_season_avg,0.10,0.32)+0.15*scale(air_yard_share_season_avg,0.08,0.38)+0.15*scale(routes_consistency_index,0.60,0.95)+0.15*scale(target_earning_index,0.12,0.45)+0.15*scale(opportunity_concentration_score,0.18,0.56)","0.50*scale(12.00-feature_finish,0.00,12.00)+0.25*scale(11.00-feature_games_played,0.00,11.00)+0.25*scale(0.14-feature_target_share,0.00,0.14)"
00-0036630,T.Wallace,2023,2024,WR,0.0000,55.0000,0.0000,0.0000,20.0000,0.0000,45.4545,9.1227,wr_signal_score_role_balanced_v1,"0.50*scale(feature_targets_per_game,4.00,10.00)+0.50*scale(feature_target_share,0.12,0.30)","0.55*scale(feature_ppg_per_target,0.80,2.50)+0.45*scale(feature_ppg,6.00,18.00)","0.40*scale(48.00-feature_finish,0.00,36.00)+0.60*scale(expected_ppg_baseline-feature_ppg,0.00,4.00)","0.65*scale(feature_games_played,8.00,17.00)+0.35*scale(feature_total_ppr,80.00,260.00)","0.50*scale(feature_ppg_minus_cohort_expected,0.00,6.00)+0.30*scale(expected_finish_from_cohort-feature_finish,0.00,36.00)+0.20*scale(cohort_player_count,1.00,18.00)","0.20*scale(route_participation_season_avg,0.50,0.95)+0.20*scale(target_share_season_avg,0.10,0.32)+0.15*scale(air_yard_share_season_avg,0.08,0.38)+0.15*scale(routes_consistency_index,0.60,0.95)+0.15*scale(target_earning_index,0.12,0.45)+0.15*scale(opportunity_concentration_score,0.18,0.56)","0.50*scale(12.00-feature_finish,0.00,12.00)+0.25*scale(11.00-feature_games_played,0.00,11.00)+0.25*scale(0.14-feature_target_share,0.00,0.14)"
00-0037614,J.Metchie,2023,2024,WR,0.0000,8.8425,0.0000,43.3334,20.0000,0.0000,25.0000,9.0597,wr_signal_score_role_balanced_v1,"0.50*scale(feature_targets_per_game,4.00,10.00)+0.50*scale(feature_target_share,0.12,0.30)","0.55*scale(feature_ppg_per_target,0.80,2.50)+0.45*scale(feature_ppg,6.00,18.00)","0.40*scale(48.00-feature_finish,0.00,36.00)+0.60*scale(expected_ppg_baseline-feature_ppg,0.00,4.00)","0.65*scale(feature_games_played,8.00,17.00)+0.35*scale(feature_total_ppr,80.00,260.00)","0.50*scale(feature_ppg_minus_cohort_expected,0.00,6.00)+0.30*scale(expected_finish_from_cohort-feature_finish,0.00,36.00)+0.20*scale(cohort_player_count,1.00,18.00)","0.20*scale(route_participation_season_avg,0.50,0.95)+0.20*scale(target_share_season_avg,0.10,0.32)+0.15*scale(air_yard_share_season_avg,0.08,0.38)+0.15*scale(routes_consistency_index,0.60,0.95)+0.15*scale(target_earning_index,0.12,0.45)+0.15*scale(opportunity_concentration_score,0.18,0.56)","0.50*scale(12.00-feature_finish,0.00,12.00)+0.25*scale(11.00-feature_games_played,0.00,11.00)+0.25*scale(0.14-feature_target_share,0.00,0.14)"
00-0033891,Z.Jones,2023,2024,WR,25.9259,23.6402,0.0000,7.2222,0.0000,0.0000,29.5454,8.9344,wr_signal_score_role_balanced_v1,"0.50*scale(feature_targets_per_game,4.00,10.00)+0.50*scale(feature_target_share,0.12,0.30)","0.55*scale(feature_ppg_per_target,0.80,2.50)+0.45*scale(feature_ppg,6.00,18.00)","0.40*scale(48.00-feature_finish,0.00,36.00)+0.60*scale(expected_ppg_baseline-feature_ppg,0.00,4.00)","0.65*scale(feature_games_played,8.00,17.00)+0.35*scale(feature_total_ppr,80.00,260.00)","0.50*scale(feature_ppg_minus_cohort_expected,0.00,6.00)+0.30*scale(expected_finish_from_cohort-feature_finish,0.00,36.00)+0.20*scale(cohort_player_count,1.00,18.00)","0.20*scale(route_participation_season_avg,0.50,0.95)+0.20*scale(target_share_season_avg,0.10,0.32)+0.15*scale(air_yard_share_season_avg,0.08,0.38)+0.15*scale(routes_consistency_index,0.60,0.95)+0.15*scale(target_earning_index,0.12,0.45)+0.15*scale(opportunity_concentration_score,0.18,0.56)","0.50*scale(12.00-feature_finish,0.00,12.00)+0.25*scale(11.00-feature_games_played,0.00,11.00)+0.25*scale(0.14-feature_target_share,0.00,0.14)"
00-0036182,N.Westbrook-Ikhine,2023,2024,WR,0.0000,37.2488,0.0000,37.0834,0.0000,0.0000,25.0000,8.9082,wr_signal_score_role_balanced_v1,"0.50*scale(feature_targets_per_game,4.00,10.00)+0.50*scale(feature_target_share,0.12,0.30)","0.55*scale(feature_ppg_per_target,0.80,2.50)+0.45*scale(feature_ppg,6.00,18.00)","0.40*scale(48.00-feature_finish,0.00,36.00)+0.60*scale(expected_ppg_baseline-feature_ppg,0.00,4.00)","0.65*scale(feature_games_played,8.00,17.00)+0.35*scale(feature_total_ppr,80.00,260.00)","0.50*scale(feature_ppg_minus_cohort_expected,0.00,6.00)+0.30*scale(expected_finish_from_cohort-feature_finish,0.00,36.00)+0.20*scale(cohort_player_count,1.00,18.00)","0.20*scale(route_participation_season_avg,0.50,0.95)+0.20*scale(target_share_season_avg,0.10,0.32)+0.15*scale(air_yard_share_season_avg,0.08,0.38)+0.15*scale(routes_consistency_index,0.60,0.95)+0.15*scale(target_earning_index,0.12,0.45)+0.15*scale(opportunity_concentration_score,0.18,0.56)","0.50*scale(12.00-feature_finish,0.00,12.00)+0.25*scale(11.00-feature_games_played,0.00,11.00)+0.25*scale(0.14-feature_target_share,0.00,0.14)"
00-0037487,D.Thompkins,2023,2024,WR,0.0000,19.2831,0.0000,28.8889,20.0000,0.0000,25.0000,8.7480,wr_signal_score_role_balanced_v1,"0.50*scale(feature_targets_per_game,4.00,10.00)+0.50*scale(feature_target_share,0.12,0.30)","0.55*scale(feature_ppg_per_target,0.80,2.50)+0.45*scale(feature_ppg,6.00,18.00)","0.40*scale(48.00-feature_finish,0.00,36.00)+0.60*scale(expected_ppg_baseline-feature_ppg,0.00,4.00)","0.65*scale(feature_games_played,8.00,17.00)+0.35*scale(feature_total_ppr,80.00,260.00)","0.50*scale(feature_ppg_minus_cohort_expected,0.00,6.00)+0.30*scale(expected_finish_from_cohort-feature_finish,0.00,36.00)+0.20*scale(cohort_player_count,1.00,18.00)","0.20*scale(route_participation_season_avg,0.50,0.95)+0.20*scale(target_share_season_avg,0.10,0.32)+0.15*scale(air_yard_share_season_avg,0.08,0.38)+0.15*scale(routes_consistency_index,0.60,0.95)+0.15*scale(target_earning_index,0.12,0.45)+0.15*scale(opportunity_concentration_score,0.18,0.56)","0.50*scale(12.00-feature_finish,0.00,12.00)+0.25*scale(11.00-feature_games_played,0.00,11.00)+0.25*scale(0.14-feature_target_share,0.00,0.14)"
00-0038465,M.Heath,2023,2024,WR,0.0000,19.2770,0.0000,28.8889,20.0000,0.0000,25.0000,8.7471,wr_signal_score_role_balanced_v1,"0.50*scale(feature_targets_per_game,4.00,10.00)+0.50*scale(feature_target_share,0.12,0.30)","0.55*scale(feature_ppg_per_target,0.80,2.50)+0.45*scale(feature_ppg,6.00,18.00)","0.40*scale(48.00-feature_finish,0.00,36.00)+0.60*scale(expected_ppg_baseline-feature_ppg,0.00,4.00)","0.65*scale(feature_games_played,8.00,17.00)+0.35*scale(feature_total_ppr,80.00,260.00)","0.50*scale(feature_ppg_minus_cohort_expected,0.00,6.00)+0.30*scale(expected_finish_from_cohort-feature_finish,0.00,36.00)+0.20*scale(cohort_player_count,1.00,18.00)","0.20*scale(route_participation_season_avg,0.50,0.95)+0.20*scale(target_share_season_avg,0.10,0.32)+0.15*scale(air_yard_share_season_avg,0.08,0.38)+0.15*scale(routes_consistency_index,0.60,0.95)+0.15*scale(target_earning_index,0.12,0.45)+0.15*scale(opportunity_concentration_score,0.18,0.56)","0.50*scale(12.00-feature_finish,0.00,12.00)+0.25*scale(11.00-feature_games_played,0.00,11.00)+0.25*scale(0.14-feature_target_share,0.00,0.14)"
00-0034272,M.Valdes-Scantling,2023,2024,WR,0.0000,17.6400,0.0000,57.7778,0.0000,0.0000,25.0000,8.6571,wr_signal_score_role_balanced_v1,"0.50*scale(feature_targets_per_game,4.00,10.00)+0.50*scale(feature_target_share,0.12,0.30)","0.55*scale(feature_ppg_per_target,0.80,2.50)+0.45*scale(feature_ppg,6.00,18.00)","0.40*scale(48.00-feature_finish,0.00,36.00)+0.60*scale(expected_ppg_baseline-feature_ppg,0.00,4.00)","0.65*scale(feature_games_played,8.00,17.00)+0.35*scale(feature_total_ppr,80.00,260.00)","0.50*scale(feature_ppg_minus_cohort_expected,0.00,6.00)+0.30*scale(expected_finish_from_cohort-feature_finish,0.00,36.00)+0.20*scale(cohort_player_count,1.00,18.00)","0.20*scale(route_participation_season_avg,0.50,0.95)+0.20*scale(target_share_season_avg,0.10,0.32)+0.15*scale(air_yard_share_season_avg,0.08,0.38)+0.15*scale(routes_consistency_index,0.60,0.95)+0.15*scale(target_earning_index,0.12,0.45)+0.15*scale(opportunity_concentration_score,0.18,0.56)","0.50*scale(12.00-feature_finish,0.00,12.00)+0.25*scale(11.00-feature_games_played,0.00,11.00)+0.25*scale(0.14-feature_target_share,0.00,0.14)"
00-0038576,C.Jones,2023,2024,WR,0.0000,48.5294,0.0000,0.0000,20.0000,0.0000,38.6364,8.5612,wr_signal_score_role_balanced_v1,"0.50*scale(feature_targets_per_game,4.00,10.00)+0.50*scale(feature_target_share,0.12,0.30)","0.55*scale(feature_ppg_per_target,0.80,2.50)+0.45*scale(feature_ppg,6.00,18.00)","0.40*scale(48.00-feature_finish,0.00,36.00)+0.60*scale(expected_ppg_baseline-feature_ppg,0.00,4.00)","0.65*scale(feature_games_played,8.00,17.00)+0.35*scale(feature_total_ppr,80.00,260.00)","0.50*scale(feature_ppg_minus_cohort_expected,0.00,6.00)+0.30*scale(expected_finish_from_cohort-feature_finish,0.00,36.00)+0.20*scale(cohort_player_count,1.00,18.00)","0.20*scale(route_participation_season_avg,0.50,0.95)+0.20*scale(target_share_season_avg,0.10,0.32)+0.15*scale(air_yard_share_season_avg,0.08,0.38)+0.15*scale(routes_consistency_index,0.60,0.95)+0.15*scale(target_earning_index,0.12,0.45)+0.15*scale(opportunity_concentration_score,0.18,0.56)","0.50*scale(12.00-feature_finish,0.00,12.00)+0.25*scale(11.00-feature_games_played,0.00,11.00)+0.25*scale(0.14-feature_target_share,0.00,0.14)"
00-0034054,R.Cracraft,2023,2024,WR,0.0000,47.1814,0.0000,0.0000,20.0000,0.0000,36.3636,8.4954,wr_signal_score_role_balanced_v1,"0.50*scale(feature_targets_per_game,4.00,10.00)+0.50*scale(feature_target_share,0.12,0.30)","0.55*scale(feature_ppg_per_target,0.80,2.50)+0.45*scale(feature_ppg,6.00,18.00)","0.40*scale(48.00-feature_finish,0.00,36.00)+0.60*scale(expected_ppg_baseline-feature_ppg,0.00,4.00)","0.65*scale(feature_games_played,8.00,17.00)+0.35*scale(feature_total_ppr,80.00,260.00)","0.50*scale(feature_ppg_minus_cohort_expected,0.00,6.00)+0.30*scale(expected_finish_from_cohort-feature_finish,0.00,36.00)+0.20*scale(cohort_player_count,1.00,18.00)","0.20*scale(route_participation_season_avg,0.50,0.95)+0.20*scale(target_share_season_avg,0.10,0.32)+0.15*scale(air_yard_share_season_avg,0.08,0.38)+0.15*scale(routes_consistency_index,0.60,0.95)+0.15*scale(target_earning_index,0.12,0.45)+0.15*scale(opportunity_concentration_score,0.18,0.56)","0.50*scale(12.00-feature_finish,0.00,12.00)+0.25*scale(11.00-feature_games_played,0.00,11.00)+0.25*scale(0.14-feature_target_share,0.00,0.14)"
00-0038941,T.Scott,2023,2024,WR,0.0000,10.4142,0.0000,36.1111,20.0000,0.0000,25.0000,8.3566,wr_signal_score_role_balanced_v1,"0.50*scale(feature_targets_per_game,4.00,10.00)+0.50*scale(feature_target_share,0.12,0.30)","0.55*scale(feature_ppg_per_target,0.80,2.50)+0.45*scale(feature_ppg,6.00,18.00)","0.40*scale(48.00-feature_finish,0.00,36.00)+0.60*scale(expected_ppg_baseline-feature_ppg,0.00,4.00)","0.65*scale(feature_games_played,8.00,17.00)+0.35*scale(feature_total_ppr,80.00,260.00)","0.50*scale(feature_ppg_minus_cohort_expected,0.00,6.00)+0.30*scale(expected_finish_from_cohort-feature_finish,0.00,36.00)+0.20*scale(cohort_player_count,1.00,18.00)","0.20*scale(route_participation_season_avg,0.50,0.95)+0.20*scale(target_share_season_avg,0.10,0.32)+0.15*scale(air_yard_share_season_avg,0.08,0.38)+0.15*scale(routes_consistency_index,0.60,0.95)+0.15*scale(target_earning_index,0.12,0.45)+0.15*scale(opportunity_concentration_score,0.18,0.56)","0.50*scale(12.00-feature_finish,0.00,12.00)+0.25*scale(11.00-feature_games_played,0.00,11.00)+0.25*scale(0.14-feature_target_share,0.00,0.14)"
00-0035215,D.Harty,2023,2024,WR,0.0000,38.8235,0.0000,28.8889,0.0000,0.0000,25.0000,8.0791,wr_signal_score_role_balanced_v1,"0.50*scale(feature_targets_per_game,4.00,10.00)+0.50*scale(feature_target_share,0.12,0.30)","0.55*scale(feature_ppg_per_target,0.80,2.50)+0.45*scale(feature_ppg,6.00,18.00)","0.40*scale(48.00-feature_finish,0.00,36.00)+0.60*scale(expected_ppg_baseline-feature_ppg,0.00,4.00)","0.65*scale(feature_games_played,8.00,17.00)+0.35*scale(feature_total_ppr,80.00,260.00)","0.50*scale(feature_ppg_minus_cohort_expected,0.00,6.00)+0.30*scale(expected_finish_from_cohort-feature_finish,0.00,36.00)+0.20*scale(cohort_player_count,1.00,18.00)","0.20*scale(route_participation_season_avg,0.50,0.95)+0.20*scale(target_share_season_avg,0.10,0.32)+0.15*scale(air_yard_share_season_avg,0.08,0.38)+0.15*scale(routes_consistency_index,0.60,0.95)+0.15*scale(target_earning_index,0.12,0.45)+0.15*scale(opportunity_concentration_score,0.18,0.56)","0.50*scale(12.00-feature_finish,0.00,12.00)+0.25*scale(11.00-feature_games_played,0.00,11.00)+0.25*scale(0.14-feature_target_share,0.00,0.14)"
00-0034419,B.Berrios,2023,2024,WR,0.0000,30.8815,0.0000,36.1111,0.0000,0.0000,25.0000,7.8267,wr_signal_score_role_balanced_v1,"0.50*scale(feature_targets_per_game,4.00,10.00)+0.50*scale(feature_target_share,0.12,0.30)","0.55*scale(feature_ppg_per_target,0.80,2.50)+0.45*scale(feature_ppg,6.00,18.00)","0.40*scale(48.00-feature_finish,0.00,36.00)+0.60*scale(expected_ppg_baseline-feature_ppg,0.00,4.00)","0.65*scale(feature_games_played,8.00,17.00)+0.35*scale(feature_total_ppr,80.00,260.00)","0.50*scale(feature_ppg_minus_cohort_expected,0.00,6.00)+0.30*scale(expected_finish_from_cohort-feature_finish,0.00,36.00)+0.20*scale(cohort_player_count,1.00,18.00)","0.20*scale(route_participation_season_avg,0.50,0.95)+0.20*scale(target_share_season_avg,0.10,0.32)+0.15*scale(air_yard_share_season_avg,0.08,0.38)+0.15*scale(routes_consistency_index,0.60,0.95)+0.15*scale(target_earning_index,0.12,0.45)+0.15*scale(opportunity_concentration_score,0.18,0.56)","0.50*scale(12.00-feature_finish,0.00,12.00)+0.25*scale(11.00-feature_games_played,0.00,11.00)+0.25*scale(0.14-feature_target_share,0.00,0.14)"
00-0038092,E.Ezukanma,2023,2024,WR,0.0000,45.2941,0.0000,0.0000,20.0000,0.0000,45.4545,7.6668,wr_signal_score_role_balanced_v1,"0.50*scale(feature_targets_per_game,4.00,10.00)+0.50*scale(feature_target_share,0.12,0.30)","0.55*scale(feature_ppg_per_target,0.80,2.50)+0.45*scale(feature_ppg,6.00,18.00)","0.40*scale(48.00-feature_finish,0.00,36.00)+0.60*scale(expected_ppg_baseline-feature_ppg,0.00,4.00)","0.65*scale(feature_games_played,8.00,17.00)+0.35*scale(feature_total_ppr,80.00,260.00)","0.50*scale(feature_ppg_minus_cohort_expected,0.00,6.00)+0.30*scale(expected_finish_from_cohort-feature_finish,0.00,36.00)+0.20*scale(cohort_player_count,1.00,18.00)","0.20*scale(route_participation_season_avg,0.50,0.95)+0.20*scale(target_share_season_avg,0.10,0.32)+0.15*scale(air_yard_share_season_avg,0.08,0.38)+0.15*scale(routes_consistency_index,0.60,0.95)+0.15*scale(target_earning_index,0.12,0.45)+0.15*scale(opportunity_concentration_score,0.18,0.56)","0.50*scale(12.00-feature_finish,0.00,12.00)+0.25*scale(11.00-feature_games_played,0.00,11.00)+0.25*scale(0.14-feature_target_share,0.00,0.14)"
00-0036862,B.Skowronek,2023,2024,WR,0.0000,32.0848,0.0000,7.2222,20.0000,0.0000,29.5454,7.5789,wr_signal_score_role_balanced_v1,"0.50*scale(feature_targets_per_game,4.00,10.00)+0.50*scale(feature_target_share,0.12,0.30)","0.55*scale(feature_ppg_per_target,0.80,2.50)+0.45*scale(feature_ppg,6.00,18.00)","0.40*scale(48.00-feature_finish,0.00,36.00)+0.60*scale(expected_ppg_baseline-feature_ppg,0.00,4.00)","0.65*scale(feature_games_played,8.00,17.00)+0.35*scale(feature_total_ppr,80.00,260.00)","0.50*scale(feature_ppg_minus_cohort_expected,0.00,6.00)+0.30*scale(expected_finish_from_cohort-feature_finish,0.00,36.00)+0.20*scale(cohort_player_count,1.00,18.00)","0.20*scale(route_participation_season_avg,0.50,0.95)+0.20*scale(target_share_season_avg,0.10,0.32)+0.15*scale(air_yard_share_season_avg,0.08,0.38)+0.15*scale(routes_consistency_index,0.60,0.95)+0.15*scale(target_earning_index,0.12,0.45)+0.15*scale(opportunity_concentration_score,0.18,0.56)","0.50*scale(12.00-feature_finish,0.00,12.00)+0.25*scale(11.00-feature_games_played,0.00,11.00)+0.25*scale(0.14-feature_target_share,0.00,0.14)"
00-0032128,C.Conley,2023,2024,WR,16.6667,42.1250,0.0000,0.0000,0.0000,0.0000,47.7273,7.4551,wr_signal_score_role_balanced_v1,"0.50*scale(feature_targets_per_game,4.00,10.00)+0.50*scale(feature_target_share,0.12,0.30)","0.55*scale(feature_ppg_per_target,0.80,2.50)+0.45*scale(feature_ppg,6.00,18.00)","0.40*scale(48.00-feature_finish,0.00,36.00)+0.60*scale(expected_ppg_baseline-feature_ppg,0.00,4.00)","0.65*scale(feature_games_played,8.00,17.00)+0.35*scale(feature_total_ppr,80.00,260.00)","0.50*scale(feature_ppg_minus_cohort_expected,0.00,6.00)+0.30*scale(expected_finish_from_cohort-feature_finish,0.00,36.00)+0.20*scale(cohort_player_count,1.00,18.00)","0.20*scale(route_participation_season_avg,0.50,0.95)+0.20*scale(target_share_season_avg,0.10,0.32)+0.15*scale(air_yard_share_season_avg,0.08,0.38)+0.15*scale(routes_consistency_index,0.60,0.95)+0.15*scale(target_earning_index,0.12,0.45)+0.15*scale(opportunity_concentration_score,0.18,0.56)","0.50*scale(12.00-feature_finish,0.00,12.00)+0.25*scale(11.00-feature_games_played,0.00,11.00)+0.25*scale(0.14-feature_target_share,0.00,0.14)"
00-0038492,J.Brownlee,2023,2024,WR,0.0000,41.2500,0.0000,0.0000,20.0000,0.0000,40.9091,7.3330,wr_signal_score_role_balanced_v1,"0.50*scale(feature_targets_per_game,4.00,10.00)+0.50*scale(feature_target_share,0.12,0.30)","0.55*scale(feature_ppg_per_target,0.80,2.50)+0.45*scale(feature_ppg,6.00,18.00)","0.40*scale(48.00-feature_finish,0.00,36.00)+0.60*scale(expected_ppg_baseline-feature_ppg,0.00,4.00)","0.65*scale(feature_games_played,8.00,17.00)+0.35*scale(feature_total_ppr,80.00,260.00)","0.50*scale(feature_ppg_minus_cohort_expected,0.00,6.00)+0.30*scale(expected_finish_from_cohort-feature_finish,0.00,36.00)+0.20*scale(cohort_player_count,1.00,18.00)","0.20*scale(route_participation_season_avg,0.50,0.95)+0.20*scale(target_share_season_avg,0.10,0.32)+0.15*scale(air_yard_share_season_avg,0.08,0.38)+0.15*scale(routes_consistency_index,0.60,0.95)+0.15*scale(target_earning_index,0.12,0.45)+0.15*scale(opportunity_concentration_score,0.18,0.56)","0.50*scale(12.00-feature_finish,0.00,12.00)+0.25*scale(11.00-feature_games_played,0.00,11.00)+0.25*scale(0.14-feature_target_share,0.00,0.14)"
00-0031428,A.Robinson,2023,2024,WR,0.0000,15.0536,0.0000,50.5556,0.0000,0.0000,25.0000,7.3303,wr_signal_score_role_balanced_v1,"0.50*scale(feature_targets_per_game,4.00,10.00)+0.50*scale(feature_target_share,0.12,0.30)","0.55*scale(feature_ppg_per_target,0.80,2.50)+0.45*scale(feature_ppg,6.00,18.00)","0.40*scale(48.00-feature_finish,0.00,36.00)+0.60*scale(expected_ppg_baseline-feature_ppg,0.00,4.00)","0.65*scale(feature_games_played,8.00,17.00)+0.35*scale(feature_total_ppr,80.00,260.00)","0.50*scale(feature_ppg_minus_cohort_expected,0.00,6.00)+0.30*scale(expected_finish_from_cohort-feature_finish,0.00,36.00)+0.20*scale(cohort_player_count,1.00,18.00)","0.20*scale(route_participation_season_avg,0.50,0.95)+0.20*scale(target_share_season_avg,0.10,0.32)+0.15*scale(air_yard_share_season_avg,0.08,0.38)+0.15*scale(routes_consistency_index,0.60,0.95)+0.15*scale(target_earning_index,0.12,0.45)+0.15*scale(opportunity_concentration_score,0.18,0.56)","0.50*scale(12.00-feature_finish,0.00,12.00)+0.25*scale(11.00-feature_games_played,0.00,11.00)+0.25*scale(0.14-feature_target_share,0.00,0.14)"
00-0036309,D.Mooney,2023,2024,WR,2.9758,15.9647,0.0000,43.3334,0.0000,0.0000,25.0000,7.2422,wr_signal_score_role_balanced_v1,"0.50*scale(feature_targets_per_game,4.00,10.00)+0.50*scale(feature_target_share,0.12,0.30)","0.55*scale(feature_ppg_per_target,0.80,2.50)+0.45*scale(feature_ppg,6.00,18.00)","0.40*scale(48.00-feature_finish,0.00,36.00)+0.60*scale(expected_ppg_baseline-feature_ppg,0.00,4.00)","0.65*scale(feature_games_played,8.00,17.00)+0.35*scale(feature_total_ppr,80.00,260.00)","0.50*scale(feature_ppg_minus_cohort_expected,0.00,6.00)+0.30*scale(expected_finish_from_cohort-feature_finish,0.00,36.00)+0.20*scale(cohort_player_count,1.00,18.00)","0.20*scale(route_participation_season_avg,0.50,0.95)+0.20*scale(target_share_season_avg,0.10,0.32)+0.15*scale(air_yard_share_season_avg,0.08,0.38)+0.15*scale(routes_consistency_index,0.60,0.95)+0.15*scale(target_earning_index,0.12,0.45)+0.15*scale(opportunity_concentration_score,0.18,0.56)","0.50*scale(12.00-feature_finish,0.00,12.00)+0.25*scale(11.00-feature_games_played,0.00,11.00)+0.25*scale(0.14-feature_target_share,0.00,0.14)"
00-0034854,K.Hodge,2023,2024,WR,0.0000,26.4459,0.0000,36.1111,0.0000,0.0000,25.0000,7.1613,wr_signal_score_role_balanced_v1,"0.50*scale(feature_targets_per_game,4.00,10.00)+0.50*scale(feature_target_share,0.12,0.30)","0.55*scale(feature_ppg_per_target,0.80,2.50)+0.45*scale(feature_ppg,6.00,18.00)","0.40*scale(48.00-feature_finish,0.00,36.00)+0.60*scale(expected_ppg_baseline-feature_ppg,0.00,4.00)","0.65*scale(feature_games_played,8.00,17.00)+0.35*scale(feature_total_ppr,80.00,260.00)","0.50*scale(feature_ppg_minus_cohort_expected,0.00,6.00)+0.30*scale(expected_finish_from_cohort-feature_finish,0.00,36.00)+0.20*scale(cohort_player_count,1.00,18.00)","0.20*scale(route_participation_season_avg,0.50,0.95)+0.20*scale(target_share_season_avg,0.10,0.32)+0.15*scale(air_yard_share_season_avg,0.08,0.38)+0.15*scale(routes_consistency_index,0.60,0.95)+0.15*scale(target_earning_index,0.12,0.45)+0.15*scale(opportunity_concentration_score,0.18,0.56)","0.50*scale(12.00-feature_finish,0.00,12.00)+0.25*scale(11.00-feature_games_played,0.00,11.00)+0.25*scale(0.14-feature_target_share,0.00,0.14)"
00-0038640,J.Brooks,2023,2024,WR,0.0000,40.9804,0.0000,0.0000,20.0000,0.0000,43.1818,7.1562,wr_signal_score_role_balanced_v1,"0.50*scale(feature_targets_per_game,4.00,10.00)+0.50*scale(feature_target_share,0.12,0.30)","0.55*scale(feature_ppg_per_target,0.80,2.50)+0.45*scale(feature_ppg,6.00,18.00)","0.40*scale(48.00-feature_finish,0.00,36.00)+0.60*scale(expected_ppg_baseline-feature_ppg,0.00,4.00)","0.65*scale(feature_games_played,8.00,17.00)+0.35*scale(feature_total_ppr,80.00,260.00)","0.50*scale(feature_ppg_minus_cohort_expected,0.00,6.00)+0.30*scale(expected_finish_from_cohort-feature_finish,0.00,36.00)+0.20*scale(cohort_player_count,1.00,18.00)","0.20*scale(route_participation_season_avg,0.50,0.95)+0.20*scale(target_share_season_avg,0.10,0.32)+0.15*scale(air_yard_share_season_avg,0.08,0.38)+0.15*scale(routes_consistency_index,0.60,0.95)+0.15*scale(target_earning_index,0.12,0.45)+0.15*scale(opportunity_concentration_score,0.18,0.56)","0.50*scale(12.00-feature_finish,0.00,12.00)+0.25*scale(11.00-feature_games_played,0.00,11.00)+0.25*scale(0.14-feature_target_share,0.00,0.14)"
00-0035298,S.Miller,2023,2024,WR,0.0000,53.1792,0.0000,7.2222,0.0000,0.0000,29.5454,7.1430,wr_signal_score_role_balanced_v1,"0.50*scale(feature_targets_per_game,4.00,10.00)+0.50*scale(feature_target_share,0.12,0.30)","0.55*scale(feature_ppg_per_target,0.80,2.50)+0.45*scale(feature_ppg,6.00,18.00)","0.40*scale(48.00-feature_finish,0.00,36.00)+0.60*scale(expected_ppg_baseline-feature_ppg,0.00,4.00)","0.65*scale(feature_games_played,8.00,17.00)+0.35*scale(feature_total_ppr,80.00,260.00)","0.50*scale(feature_ppg_minus_cohort_expected,0.00,6.00)+0.30*scale(expected_finish_from_cohort-feature_finish,0.00,36.00)+0.20*scale(cohort_player_count,1.00,18.00)","0.20*scale(route_participation_season_avg,0.50,0.95)+0.20*scale(target_share_season_avg,0.10,0.32)+0.15*scale(air_yard_share_season_avg,0.08,0.38)+0.15*scale(routes_consistency_index,0.60,0.95)+0.15*scale(target_earning_index,0.12,0.45)+0.15*scale(opportunity_concentration_score,0.18,0.56)","0.50*scale(12.00-feature_finish,0.00,12.00)+0.25*scale(11.00-feature_games_played,0.00,11.00)+0.25*scale(0.14-feature_target_share,0.00,0.14)"
00-0036254,C.Johnson,2023,2024,WR,0.0000,42.0588,0.0000,0.0000,20.0000,0.0000,47.7273,7.0452,wr_signal_score_role_balanced_v1,"0.50*scale(feature_targets_per_game,4.00,10.00)+0.50*scale(feature_target_share,0.12,0.30)","0.55*scale(feature_ppg_per_target,0.80,2.50)+0.45*scale(feature_ppg,6.00,18.00)","0.40*scale(48.00-feature_finish,0.00,36.00)+0.60*scale(expected_ppg_baseline-feature_ppg,0.00,4.00)","0.65*scale(feature_games_played,8.00,17.00)+0.35*scale(feature_total_ppr,80.00,260.00)","0.50*scale(feature_ppg_minus_cohort_expected,0.00,6.00)+0.30*scale(expected_finish_from_cohort-feature_finish,0.00,36.00)+0.20*scale(cohort_player_count,1.00,18.00)","0.20*scale(route_participation_season_avg,0.50,0.95)+0.20*scale(target_share_season_avg,0.10,0.32)+0.15*scale(air_yard_share_season_avg,0.08,0.38)+0.15*scale(routes_consistency_index,0.60,0.95)+0.15*scale(target_earning_index,0.12,0.45)+0.15*scale(opportunity_concentration_score,0.18,0.56)","0.50*scale(12.00-feature_finish,0.00,12.00)+0.25*scale(11.00-feature_games_played,0.00,11.00)+0.25*scale(0.14-feature_target_share,0.00,0.14)"
00-0034646,B.Powell,2023,2024,WR,0.0000,24.9267,0.0000,36.1111,0.0000,0.0000,25.0000,6.9334,wr_signal_score_role_balanced_v1,"0.50*scale(feature_targets_per_game,4.00,10.00)+0.50*scale(feature_target_share,0.12,0.30)","0.55*scale(feature_ppg_per_target,0.80,2.50)+0.45*scale(feature_ppg,6.00,18.00)","0.40*scale(48.00-feature_finish,0.00,36.00)+0.60*scale(expected_ppg_baseline-feature_ppg,0.00,4.00)","0.65*scale(feature_games_played,8.00,17.00)+0.35*scale(feature_total_ppr,80.00,260.00)","0.50*scale(feature_ppg_minus_cohort_expected,0.00,6.00)+0.30*scale(expected_finish_from_cohort-feature_finish,0.00,36.00)+0.20*scale(cohort_player_count,1.00,18.00)","0.20*scale(route_participation_season_avg,0.50,0.95)+0.20*scale(target_share_season_avg,0.10,0.32)+0.15*scale(air_yard_share_season_avg,0.08,0.38)+0.15*scale(routes_consistency_index,0.60,0.95)+0.15*scale(target_earning_index,0.12,0.45)+0.15*scale(opportunity_concentration_score,0.18,0.56)","0.50*scale(12.00-feature_finish,0.00,12.00)+0.25*scale(11.00-feature_games_played,0.00,11.00)+0.25*scale(0.14-feature_target_share,0.00,0.14)"
00-0035208,O.Zaccheaus,2023,2024,WR,0.0000,36.2347,0.0000,21.6666,0.0000,0.0000,25.0000,6.7519,wr_signal_score_role_balanced_v1,"0.50*scale(feature_targets_per_game,4.00,10.00)+0.50*scale(feature_target_share,0.12,0.30)","0.55*scale(feature_ppg_per_target,0.80,2.50)+0.45*scale(feature_ppg,6.00,18.00)","0.40*scale(48.00-feature_finish,0.00,36.00)+0.60*scale(expected_ppg_baseline-feature_ppg,0.00,4.00)","0.65*scale(feature_games_played,8.00,17.00)+0.35*scale(feature_total_ppr,80.00,260.00)","0.50*scale(feature_ppg_minus_cohort_expected,0.00,6.00)+0.30*scale(expected_finish_from_cohort-feature_finish,0.00,36.00)+0.20*scale(cohort_player_count,1.00,18.00)","0.20*scale(route_participation_season_avg,0.50,0.95)+0.20*scale(target_share_season_avg,0.10,0.32)+0.15*scale(air_yard_share_season_avg,0.08,0.38)+0.15*scale(routes_consistency_index,0.60,0.95)+0.15*scale(target_earning_index,0.12,0.45)+0.15*scale(opportunity_concentration_score,0.18,0.56)","0.50*scale(12.00-feature_finish,0.00,12.00)+0.25*scale(11.00-feature_games_played,0.00,11.00)+0.25*scale(0.14-feature_target_share,0.00,0.14)"
00-0038618,X.Hutchinson,2023,2024,WR,0.0000,11.4081,0.0000,21.6666,20.0000,0.0000,25.0000,6.6279,wr_signal_score_role_balanced_v1,"0.50*scale(feature_targets_per_game,4.00,10.00)+0.50*scale(feature_target_share,0.12,0.30)","0.55*scale(feature_ppg_per_target,0.80,2.50)+0.45*scale(feature_ppg,6.00,18.00)","0.40*scale(48.00-feature_finish,0.00,36.00)+0.60*scale(expected_ppg_baseline-feature_ppg,0.00,4.00)","0.65*scale(feature_games_played,8.00,17.00)+0.35*scale(feature_total_ppr,80.00,260.00)","0.50*scale(feature_ppg_minus_cohort_expected,0.00,6.00)+0.30*scale(expected_finish_from_cohort-feature_finish,0.00,36.00)+0.20*scale(cohort_player_count,1.00,18.00)","0.20*scale(route_participation_season_avg,0.50,0.95)+0.20*scale(target_share_season_avg,0.10,0.32)+0.15*scale(air_yard_share_season_avg,0.08,0.38)+0.15*scale(routes_consistency_index,0.60,0.95)+0.15*scale(target_earning_index,0.12,0.45)+0.15*scale(opportunity_concentration_score,0.18,0.56)","0.50*scale(12.00-feature_finish,0.00,12.00)+0.25*scale(11.00-feature_games_played,0.00,11.00)+0.25*scale(0.14-feature_target_share,0.00,0.14)"
00-0035164,C.Thompson,2023,2024,WR,0.0000,38.8235,0.0000,0.0000,20.0000,0.0000,47.7273,6.5599,wr_signal_score_role_balanced_v1,"0.50*scale(feature_targets_per_game,4.00,10.00)+0.50*scale(feature_target_share,0.12,0.30)","0.55*scale(feature_ppg_per_target,0.80,2.50)+0.45*scale(feature_ppg,6.00,18.00)","0.40*scale(48.00-feature_finish,0.00,36.00)+0.60*scale(expected_ppg_baseline-feature_ppg,0.00,4.00)","0.65*scale(feature_games_played,8.00,17.00)+0.35*scale(feature_total_ppr,80.00,260.00)","0.50*scale(feature_ppg_minus_cohort_expected,0.00,6.00)+0.30*scale(expected_finish_from_cohort-feature_finish,0.00,36.00)+0.20*scale(cohort_player_count,1.00,18.00)","0.20*scale(route_participation_season_avg,0.50,0.95)+0.20*scale(target_share_season_avg,0.10,0.32)+0.15*scale(air_yard_share_season_avg,0.08,0.38)+0.15*scale(routes_consistency_index,0.60,0.95)+0.15*scale(target_earning_index,0.12,0.45)+0.15*scale(opportunity_concentration_score,0.18,0.56)","0.50*scale(12.00-feature_finish,0.00,12.00)+0.25*scale(11.00-feature_games_played,0.00,11.00)+0.25*scale(0.14-feature_target_share,0.00,0.14)"
00-0034418,C.Wilson,2023,2024,WR,0.0000,34.6028,0.0000,21.6666,0.0000,0.0000,25.0000,6.5071,wr_signal_score_role_balanced_v1,"0.50*scale(feature_targets_per_game,4.00,10.00)+0.50*scale(feature_target_share,0.12,0.30)","0.55*scale(feature_ppg_per_target,0.80,2.50)+0.45*scale(feature_ppg,6.00,18.00)","0.40*scale(48.00-feature_finish,0.00,36.00)+0.60*scale(expected_ppg_baseline-feature_ppg,0.00,4.00)","0.65*scale(feature_games_played,8.00,17.00)+0.35*scale(feature_total_ppr,80.00,260.00)","0.50*scale(feature_ppg_minus_cohort_expected,0.00,6.00)+0.30*scale(expected_finish_from_cohort-feature_finish,0.00,36.00)+0.20*scale(cohort_player_count,1.00,18.00)","0.20*scale(route_participation_season_avg,0.50,0.95)+0.20*scale(target_share_season_avg,0.10,0.32)+0.15*scale(air_yard_share_season_avg,0.08,0.38)+0.15*scale(routes_consistency_index,0.60,0.95)+0.15*scale(target_earning_index,0.12,0.45)+0.15*scale(opportunity_concentration_score,0.18,0.56)","0.50*scale(12.00-feature_finish,0.00,12.00)+0.25*scale(11.00-feature_games_played,0.00,11.00)+0.25*scale(0.14-feature_target_share,0.00,0.14)"
00-0031547,D.Parker,2023,2024,WR,1.9233,16.7056,0.0000,36.1111,0.0000,0.0000,25.0000,6.1619,wr_signal_score_role_balanced_v1,"0.50*scale(feature_targets_per_game,4.00,10.00)+0.50*scale(feature_target_share,0.12,0.30)","0.55*scale(feature_ppg_per_target,0.80,2.50)+0.45*scale(feature_ppg,6.00,18.00)","0.40*scale(48.00-feature_finish,0.00,36.00)+0.60*scale(expected_ppg_baseline-feature_ppg,0.00,4.00)","0.65*scale(feature_games_played,8.00,17.00)+0.35*scale(feature_total_ppr,80.00,260.00)","0.50*scale(feature_ppg_minus_cohort_expected,0.00,6.00)+0.30*scale(expected_finish_from_cohort-feature_finish,0.00,36.00)+0.20*scale(cohort_player_count,1.00,18.00)","0.20*scale(route_participation_season_avg,0.50,0.95)+0.20*scale(target_share_season_avg,0.10,0.32)+0.15*scale(air_yard_share_season_avg,0.08,0.38)+0.15*scale(routes_consistency_index,0.60,0.95)+0.15*scale(target_earning_index,0.12,0.45)+0.15*scale(opportunity_concentration_score,0.18,0.56)","0.50*scale(12.00-feature_finish,0.00,12.00)+0.25*scale(11.00-feature_games_played,0.00,11.00)+0.25*scale(0.14-feature_target_share,0.00,0.14)"
00-0034928,S.Sims,2023,2024,WR,0.0000,34.5098,0.0000,0.0000,20.0000,0.0000,45.4545,6.0492,wr_signal_score_role_balanced_v1,"0.50*scale(feature_targets_per_game,4.00,10.00)+0.50*scale(feature_target_share,0.12,0.30)","0.55*scale(feature_ppg_per_target,0.80,2.50)+0.45*scale(feature_ppg,6.00,18.00)","0.40*scale(48.00-feature_finish,0.00,36.00)+0.60*scale(expected_ppg_baseline-feature_ppg,0.00,4.00)","0.65*scale(feature_games_played,8.00,17.00)+0.35*scale(feature_total_ppr,80.00,260.00)","0.50*scale(feature_ppg_minus_cohort_expected,0.00,6.00)+0.30*scale(expected_finish_from_cohort-feature_finish,0.00,36.00)+0.20*scale(cohort_player_count,1.00,18.00)","0.20*scale(route_participation_season_avg,0.50,0.95)+0.20*scale(target_share_season_avg,0.10,0.32)+0.15*scale(air_yard_share_season_avg,0.08,0.38)+0.15*scale(routes_consistency_index,0.60,0.95)+0.15*scale(target_earning_index,0.12,0.45)+0.15*scale(opportunity_concentration_score,0.18,0.56)","0.50*scale(12.00-feature_finish,0.00,12.00)+0.25*scale(11.00-feature_games_played,0.00,11.00)+0.25*scale(0.14-feature_target_share,0.00,0.14)"
00-0035341,T.Irwin,2023,2024,WR,0.0000,38.3831,0.0000,14.4444,0.0000,0.0000,27.2727,5.9989,wr_signal_score_role_balanced_v1,"0.50*scale(feature_targets_per_game,4.00,10.00)+0.50*scale(feature_target_share,0.12,0.30)","0.55*scale(feature_ppg_per_target,0.80,2.50)+0.45*scale(feature_ppg,6.00,18.00)","0.40*scale(48.00-feature_finish,0.00,36.00)+0.60*scale(expected_ppg_baseline-feature_ppg,0.00,4.00)","0.65*scale(feature_games_played,8.00,17.00)+0.35*scale(feature_total_ppr,80.00,260.00)","0.50*scale(feature_ppg_minus_cohort_expected,0.00,6.00)+0.30*scale(expected_finish_from_cohort-feature_finish,0.00,36.00)+0.20*scale(cohort_player_count,1.00,18.00)","0.20*scale(route_participation_season_avg,0.50,0.95)+0.20*scale(target_share_season_avg,0.10,0.32)+0.15*scale(air_yard_share_season_avg,0.08,0.38)+0.15*scale(routes_consistency_index,0.60,0.95)+0.15*scale(target_earning_index,0.12,0.45)+0.15*scale(opportunity_concentration_score,0.18,0.56)","0.50*scale(12.00-feature_finish,0.00,12.00)+0.25*scale(11.00-feature_games_played,0.00,11.00)+0.25*scale(0.14-feature_target_share,0.00,0.14)"
00-0032688,R.Chosen,2023,2024,WR,0.0000,55.0000,0.0000,0.0000,0.0000,0.0000,38.6364,5.9318,wr_signal_score_role_balanced_v1,"0.50*scale(feature_targets_per_game,4.00,10.00)+0.50*scale(feature_target_share,0.12,0.30)","0.55*scale(feature_ppg_per_target,0.80,2.50)+0.45*scale(feature_ppg,6.00,18.00)","0.40*scale(48.00-feature_finish,0.00,36.00)+0.60*scale(expected_ppg_baseline-feature_ppg,0.00,4.00)","0.65*scale(feature_games_played,8.00,17.00)+0.35*scale(feature_total_ppr,80.00,260.00)","0.50*scale(feature_ppg_minus_cohort_expected,0.00,6.00)+0.30*scale(expected_finish_from_cohort-feature_finish,0.00,36.00)+0.20*scale(cohort_player_count,1.00,18.00)","0.20*scale(route_participation_season_avg,0.50,0.95)+0.20*scale(target_share_season_avg,0.10,0.32)+0.15*scale(air_yard_share_season_avg,0.08,0.38)+0.15*scale(routes_consistency_index,0.60,0.95)+0.15*scale(target_earning_index,0.12,0.45)+0.15*scale(opportunity_concentration_score,0.18,0.56)","0.50*scale(12.00-feature_finish,0.00,12.00)+0.25*scale(11.00-feature_games_played,0.00,11.00)+0.25*scale(0.14-feature_target_share,0.00,0.14)"
00-0038979,C.Tillman,2023,2024,WR,0.0000,6.6177,0.0000,21.6666,20.0000,0.0000,25.0000,5.9093,wr_signal_score_role_balanced_v1,"0.50*scale(feature_targets_per_game,4.00,10.00)+0.50*scale(feature_target_share,0.12,0.30)","0.55*scale(feature_ppg_per_target,0.80,2.50)+0.45*scale(feature_ppg,6.00,18.00)","0.40*scale(48.00-feature_finish,0.00,36.00)+0.60*scale(expected_ppg_baseline-feature_ppg,0.00,4.00)","0.65*scale(feature_games_played,8.00,17.00)+0.35*scale(feature_total_ppr,80.00,260.00)","0.50*scale(feature_ppg_minus_cohort_expected,0.00,6.00)+0.30*scale(expected_finish_from_cohort-feature_finish,0.00,36.00)+0.20*scale(cohort_player_count,1.00,18.00)","0.20*scale(route_participation_season_avg,0.50,0.95)+0.20*scale(target_share_season_avg,0.10,0.32)+0.15*scale(air_yard_share_season_avg,0.08,0.38)+0.15*scale(routes_consistency_index,0.60,0.95)+0.15*scale(target_earning_index,0.12,0.45)+0.15*scale(opportunity_concentration_score,0.18,0.56)","0.50*scale(12.00-feature_finish,0.00,12.00)+0.25*scale(11.00-feature_games_played,0.00,11.00)+0.25*scale(0.14-feature_target_share,0.00,0.14)"
00-0036482,M.Strachan,2023,2024,WR,0.0000,33.4314,0.0000,0.0000,20.0000,0.0000,45.4545,5.8874,wr_signal_score_role_balanced_v1,"0.50*scale(feature_targets_per_game,4.00,10.00)+0.50*scale(feature_target_share,0.12,0.30)","0.55*scale(feature_ppg_per_target,0.80,2.50)+0.45*scale(feature_ppg,6.00,18.00)","0.40*scale(48.00-feature_finish,0.00,36.00)+0.60*scale(expected_ppg_baseline-feature_ppg,0.00,4.00)","0.65*scale(feature_games_played,8.00,17.00)+0.35*scale(feature_total_ppr,80.00,260.00)","0.50*scale(feature_ppg_minus_cohort_expected,0.00,6.00)+0.30*scale(expected_finish_from_cohort-feature_finish,0.00,36.00)+0.20*scale(cohort_player_count,1.00,18.00)","0.20*scale(route_participation_season_avg,0.50,0.95)+0.20*scale(target_share_season_avg,0.10,0.32)+0.15*scale(air_yard_share_season_avg,0.08,0.38)+0.15*scale(routes_consistency_index,0.60,0.95)+0.15*scale(target_earning_index,0.12,0.45)+0.15*scale(opportunity_concentration_score,0.18,0.56)","0.50*scale(12.00-feature_finish,0.00,12.00)+0.25*scale(11.00-feature_games_played,0.00,11.00)+0.25*scale(0.14-feature_target_share,0.00,0.14)"
00-0032543,A.Erickson,2023,2024,WR,0.0000,24.5436,0.0000,0.0000,22.8014,0.0000,31.8182,5.8767,wr_signal_score_role_balanced_v1,"0.50*scale(feature_targets_per_game,4.00,10.00)+0.50*scale(feature_target_share,0.12,0.30)","0.55*scale(feature_ppg_per_target,0.80,2.50)+0.45*scale(feature_ppg,6.00,18.00)","0.40*scale(48.00-feature_finish,0.00,36.00)+0.60*scale(expected_ppg_baseline-feature_ppg,0.00,4.00)","0.65*scale(feature_games_played,8.00,17.00)+0.35*scale(feature_total_ppr,80.00,260.00)","0.50*scale(feature_ppg_minus_cohort_expected,0.00,6.00)+0.30*scale(expected_finish_from_cohort-feature_finish,0.00,36.00)+0.20*scale(cohort_player_count,1.00,18.00)","0.20*scale(route_participation_season_avg,0.50,0.95)+0.20*scale(target_share_season_avg,0.10,0.32)+0.15*scale(air_yard_share_season_avg,0.08,0.38)+0.15*scale(routes_consistency_index,0.60,0.95)+0.15*scale(target_earning_index,0.12,0.45)+0.15*scale(opportunity_concentration_score,0.18,0.56)","0.50*scale(12.00-feature_finish,0.00,12.00)+0.25*scale(11.00-feature_games_played,0.00,11.00)+0.25*scale(0.14-feature_target_share,0.00,0.14)"
00-0035120,K.Doss,2023,2024,WR,20.8333,0.0000,0.0000,0.0000,20.0000,0.0000,45.4545,5.8727,wr_signal_score_role_balanced_v1,"0.50*scale(feature_targets_per_game,4.00,10.00)+0.50*scale(feature_target_share,0.12,0.30)","0.55*scale(feature_ppg_per_target,0.80,2.50)+0.45*scale(feature_ppg,6.00,18.00)","0.40*scale(48.00-feature_finish,0.00,36.00)+0.60*scale(expected_ppg_baseline-feature_ppg,0.00,4.00)","0.65*scale(feature_games_played,8.00,17.00)+0.35*scale(feature_total_ppr,80.00,260.00)","0.50*scale(feature_ppg_minus_cohort_expected,0.00,6.00)+0.30*scale(expected_finish_from_cohort-feature_finish,0.00,36.00)+0.20*scale(cohort_player_count,1.00,18.00)","0.20*scale(route_participation_season_avg,0.50,0.95)+0.20*scale(target_share_season_avg,0.10,0.32)+0.15*scale(air_yard_share_season_avg,0.08,0.38)+0.15*scale(routes_consistency_index,0.60,0.95)+0.15*scale(target_earning_index,0.12,0.45)+0.15*scale(opportunity_concentration_score,0.18,0.56)","0.50*scale(12.00-feature_finish,0.00,12.00)+0.25*scale(11.00-feature_games_played,0.00,11.00)+0.25*scale(0.14-feature_target_share,0.00,0.14)"
00-0034983,H.Renfrow,2023,2024,WR,0.0000,16.5255,0.0000,36.1111,0.0000,0.0000,25.0000,5.6733,wr_signal_score_role_balanced_v1,"0.50*scale(feature_targets_per_game,4.00,10.00)+0.50*scale(feature_target_share,0.12,0.30)","0.55*scale(feature_ppg_per_target,0.80,2.50)+0.45*scale(feature_ppg,6.00,18.00)","0.40*scale(48.00-feature_finish,0.00,36.00)+0.60*scale(expected_ppg_baseline-feature_ppg,0.00,4.00)","0.65*scale(feature_games_played,8.00,17.00)+0.35*scale(feature_total_ppr,80.00,260.00)","0.50*scale(feature_ppg_minus_cohort_expected,0.00,6.00)+0.30*scale(expected_finish_from_cohort-feature_finish,0.00,36.00)+0.20*scale(cohort_player_count,1.00,18.00)","0.20*scale(route_participation_season_avg,0.50,0.95)+0.20*scale(target_share_season_avg,0.10,0.32)+0.15*scale(air_yard_share_season_avg,0.08,0.38)+0.15*scale(routes_consistency_index,0.60,0.95)+0.15*scale(target_earning_index,0.12,0.45)+0.15*scale(opportunity_concentration_score,0.18,0.56)","0.50*scale(12.00-feature_finish,0.00,12.00)+0.25*scale(11.00-feature_games_played,0.00,11.00)+0.25*scale(0.14-feature_target_share,0.00,0.14)"
00-0035645,G.Olszewski,2023,2024,WR,0.0000,55.0000,0.0000,0.0000,0.0000,0.0000,45.4545,5.5227,wr_signal_score_role_balanced_v1,"0.50*scale(feature_targets_per_game,4.00,10.00)+0.50*scale(feature_target_share,0.12,0.30)","0.55*scale(feature_ppg_per_target,0.80,2.50)+0.45*scale(feature_ppg,6.00,18.00)","0.40*scale(48.00-feature_finish,0.00,36.00)+0.60*scale(expected_ppg_baseline-feature_ppg,0.00,4.00)","0.65*scale(feature_games_played,8.00,17.00)+0.35*scale(feature_total_ppr,80.00,260.00)","0.50*scale(feature_ppg_minus_cohort_expected,0.00,6.00)+0.30*scale(expected_finish_from_cohort-feature_finish,0.00,36.00)+0.20*scale(cohort_player_count,1.00,18.00)","0.20*scale(route_participation_season_avg,0.50,0.95)+0.20*scale(target_share_season_avg,0.10,0.32)+0.15*scale(air_yard_share_season_avg,0.08,0.38)+0.15*scale(routes_consistency_index,0.60,0.95)+0.15*scale(target_earning_index,0.12,0.45)+0.15*scale(opportunity_concentration_score,0.18,0.56)","0.50*scale(12.00-feature_finish,0.00,12.00)+0.25*scale(11.00-feature_games_played,0.00,11.00)+0.25*scale(0.14-feature_target_share,0.00,0.14)"
00-0037742,T.Burks,2023,2024,WR,0.0000,17.1475,0.0000,7.2222,20.0000,0.0000,29.5454,5.3383,wr_signal_score_role_balanced_v1,"0.50*scale(feature_targets_per_game,4.00,10.00)+0.50*scale(feature_target_share,0.12,0.30)","0.55*scale(feature_ppg_per_target,0.80,2.50)+0.45*scale(feature_ppg,6.00,18.00)","0.40*scale(48.00-feature_finish,0.00,36.00)+0.60*scale(expected_ppg_baseline-feature_ppg,0.00,4.00)","0.65*scale(feature_games_played,8.00,17.00)+0.35*scale(feature_total_ppr,80.00,260.00)","0.50*scale(feature_ppg_minus_cohort_expected,0.00,6.00)+0.30*scale(expected_finish_from_cohort-feature_finish,0.00,36.00)+0.20*scale(cohort_player_count,1.00,18.00)","0.20*scale(route_participation_season_avg,0.50,0.95)+0.20*scale(target_share_season_avg,0.10,0.32)+0.15*scale(air_yard_share_season_avg,0.08,0.38)+0.15*scale(routes_consistency_index,0.60,0.95)+0.15*scale(target_earning_index,0.12,0.45)+0.15*scale(opportunity_concentration_score,0.18,0.56)","0.50*scale(12.00-feature_finish,0.00,12.00)+0.25*scale(11.00-feature_games_played,0.00,11.00)+0.25*scale(0.14-feature_target_share,0.00,0.14)"
00-0034521,A.Lazard,2023,2024,WR,0.0000,13.7998,0.0000,36.1111,0.0000,0.0000,25.0000,5.2644,wr_signal_score_role_balanced_v1,"0.50*scale(feature_targets_per_game,4.00,10.00)+0.50*scale(feature_target_share,0.12,0.30)","0.55*scale(feature_ppg_per_target,0.80,2.50)+0.45*scale(feature_ppg,6.00,18.00)","0.40*scale(48.00-feature_finish,0.00,36.00)+0.60*scale(expected_ppg_baseline-feature_ppg,0.00,4.00)","0.65*scale(feature_games_played,8.00,17.00)+0.35*scale(feature_total_ppr,80.00,260.00)","0.50*scale(feature_ppg_minus_cohort_expected,0.00,6.00)+0.30*scale(expected_finish_from_cohort-feature_finish,0.00,36.00)+0.20*scale(cohort_player_count,1.00,18.00)","0.20*scale(route_participation_season_avg,0.50,0.95)+0.20*scale(target_share_season_avg,0.10,0.32)+0.15*scale(air_yard_share_season_avg,0.08,0.38)+0.15*scale(routes_consistency_index,0.60,0.95)+0.15*scale(target_earning_index,0.12,0.45)+0.15*scale(opportunity_concentration_score,0.18,0.56)","0.50*scale(12.00-feature_finish,0.00,12.00)+0.25*scale(11.00-feature_games_played,0.00,11.00)+0.25*scale(0.14-feature_target_share,0.00,0.14)"
00-0038667,E.Cooks,2023,2024,WR,0.0000,29.1177,0.0000,0.0000,20.0000,0.0000,45.4545,5.2404,wr_signal_score_role_balanced_v1,"0.50*scale(feature_targets_per_game,4.00,10.00)+0.50*scale(feature_target_share,0.12,0.30)","0.55*scale(feature_ppg_per_target,0.80,2.50)+0.45*scale(feature_ppg,6.00,18.00)","0.40*scale(48.00-feature_finish,0.00,36.00)+0.60*scale(expected_ppg_baseline-feature_ppg,0.00,4.00)","0.65*scale(feature_games_played,8.00,17.00)+0.35*scale(feature_total_ppr,80.00,260.00)","0.50*scale(feature_ppg_minus_cohort_expected,0.00,6.00)+0.30*scale(expected_finish_from_cohort-feature_finish,0.00,36.00)+0.20*scale(cohort_player_count,1.00,18.00)","0.20*scale(route_participation_season_avg,0.50,0.95)+0.20*scale(target_share_season_avg,0.10,0.32)+0.15*scale(air_yard_share_season_avg,0.08,0.38)+0.15*scale(routes_consistency_index,0.60,0.95)+0.15*scale(target_earning_index,0.12,0.45)+0.15*scale(opportunity_concentration_score,0.18,0.56)","0.50*scale(12.00-feature_finish,0.00,12.00)+0.25*scale(11.00-feature_games_played,0.00,11.00)+0.25*scale(0.14-feature_target_share,0.00,0.14)"
00-0034286,R.James,2023,2024,WR,0.0000,23.5714,0.0000,0.0000,20.0000,0.0000,31.8182,5.2266,wr_signal_score_role_balanced_v1,"0.50*scale(feature_targets_per_game,4.00,10.00)+0.50*scale(feature_target_share,0.12,0.30)","0.55*scale(feature_ppg_per_target,0.80,2.50)+0.45*scale(feature_ppg,6.00,18.00)","0.40*scale(48.00-feature_finish,0.00,36.00)+0.60*scale(expected_ppg_baseline-feature_ppg,0.00,4.00)","0.65*scale(feature_games_played,8.00,17.00)+0.35*scale(feature_total_ppr,80.00,260.00)","0.50*scale(feature_ppg_minus_cohort_expected,0.00,6.00)+0.30*scale(expected_finish_from_cohort-feature_finish,0.00,36.00)+0.20*scale(cohort_player_count,1.00,18.00)","0.20*scale(route_participation_season_avg,0.50,0.95)+0.20*scale(target_share_season_avg,0.10,0.32)+0.15*scale(air_yard_share_season_avg,0.08,0.38)+0.15*scale(routes_consistency_index,0.60,0.95)+0.15*scale(target_earning_index,0.12,0.45)+0.15*scale(opportunity_concentration_score,0.18,0.56)","0.50*scale(12.00-feature_finish,0.00,12.00)+0.25*scale(11.00-feature_games_played,0.00,11.00)+0.25*scale(0.14-feature_target_share,0.00,0.14)"
00-0030068,M.Goodwin,2023,2024,WR,0.0000,8.9593,0.0000,14.4444,20.0000,0.0000,27.2727,5.1853,wr_signal_score_role_balanced_v1,"0.50*scale(feature_targets_per_game,4.00,10.00)+0.50*scale(feature_target_share,0.12,0.30)","0.55*scale(feature_ppg_per_target,0.80,2.50)+0.45*scale(feature_ppg,6.00,18.00)","0.40*scale(48.00-feature_finish,0.00,36.00)+0.60*scale(expected_ppg_baseline-feature_ppg,0.00,4.00)","0.65*scale(feature_games_played,8.00,17.00)+0.35*scale(feature_total_ppr,80.00,260.00)","0.50*scale(feature_ppg_minus_cohort_expected,0.00,6.00)+0.30*scale(expected_finish_from_cohort-feature_finish,0.00,36.00)+0.20*scale(cohort_player_count,1.00,18.00)","0.20*scale(route_participation_season_avg,0.50,0.95)+0.20*scale(target_share_season_avg,0.10,0.32)+0.15*scale(air_yard_share_season_avg,0.08,0.38)+0.15*scale(routes_consistency_index,0.60,0.95)+0.15*scale(target_earning_index,0.12,0.45)+0.15*scale(opportunity_concentration_score,0.18,0.56)","0.50*scale(12.00-feature_finish,0.00,12.00)+0.25*scale(11.00-feature_games_played,0.00,11.00)+0.25*scale(0.14-feature_target_share,0.00,0.14)"
00-0037273,K.Philips,2023,2024,WR,0.0000,22.7941,0.0000,0.0000,20.0000,0.0000,31.8182,5.1100,wr_signal_score_role_balanced_v1,"0.50*scale(feature_targets_per_game,4.00,10.00)+0.50*scale(feature_target_share,0.12,0.30)","0.55*scale(feature_ppg_per_target,0.80,2.50)+0.45*scale(feature_ppg,6.00,18.00)","0.40*scale(48.00-feature_finish,0.00,36.00)+0.60*scale(expected_ppg_baseline-feature_ppg,0.00,4.00)","0.65*scale(feature_games_played,8.00,17.00)+0.35*scale(feature_total_ppr,80.00,260.00)","0.50*scale(feature_ppg_minus_cohort_expected,0.00,6.00)+0.30*scale(expected_finish_from_cohort-feature_finish,0.00,36.00)+0.20*scale(cohort_player_count,1.00,18.00)","0.20*scale(route_participation_season_avg,0.50,0.95)+0.20*scale(target_share_season_avg,0.10,0.32)+0.15*scale(air_yard_share_season_avg,0.08,0.38)+0.15*scale(routes_consistency_index,0.60,0.95)+0.15*scale(target_earning_index,0.12,0.45)+0.15*scale(opportunity_concentration_score,0.18,0.56)","0.50*scale(12.00-feature_finish,0.00,12.00)+0.25*scale(11.00-feature_games_played,0.00,11.00)+0.25*scale(0.14-feature_target_share,0.00,0.14)"
00-0034297,B.Pringle,2023,2024,WR,0.0000,18.3831,0.0000,28.8889,0.0000,0.0000,25.0000,5.0130,wr_signal_score_role_balanced_v1,"0.50*scale(feature_targets_per_game,4.00,10.00)+0.50*scale(feature_target_share,0.12,0.30)","0.55*scale(feature_ppg_per_target,0.80,2.50)+0.45*scale(feature_ppg,6.00,18.00)","0.40*scale(48.00-feature_finish,0.00,36.00)+0.60*scale(expected_ppg_baseline-feature_ppg,0.00,4.00)","0.65*scale(feature_games_played,8.00,17.00)+0.35*scale(feature_total_ppr,80.00,260.00)","0.50*scale(feature_ppg_minus_cohort_expected,0.00,6.00)+0.30*scale(expected_finish_from_cohort-feature_finish,0.00,36.00)+0.20*scale(cohort_player_count,1.00,18.00)","0.20*scale(route_participation_season_avg,0.50,0.95)+0.20*scale(target_share_season_avg,0.10,0.32)+0.15*scale(air_yard_share_season_avg,0.08,0.38)+0.15*scale(routes_consistency_index,0.60,0.95)+0.15*scale(target_earning_index,0.12,0.45)+0.15*scale(opportunity_concentration_score,0.18,0.56)","0.50*scale(12.00-feature_finish,0.00,12.00)+0.25*scale(11.00-feature_games_played,0.00,11.00)+0.25*scale(0.14-feature_target_share,0.00,0.14)"
00-0036415,V.Jefferson,2023,2024,WR,0.0000,5.1918,0.0000,43.3334,0.0000,0.0000,25.0000,4.9121,wr_signal_score_role_balanced_v1,"0.50*scale(feature_targets_per_game,4.00,10.00)+0.50*scale(feature_target_share,0.12,0.30)","0.55*scale(feature_ppg_per_target,0.80,2.50)+0.45*scale(feature_ppg,6.00,18.00)","0.40*scale(48.00-feature_finish,0.00,36.00)+0.60*scale(expected_ppg_baseline-feature_ppg,0.00,4.00)","0.65*scale(feature_games_played,8.00,17.00)+0.35*scale(feature_total_ppr,80.00,260.00)","0.50*scale(feature_ppg_minus_cohort_expected,0.00,6.00)+0.30*scale(expected_finish_from_cohort-feature_finish,0.00,36.00)+0.20*scale(cohort_player_count,1.00,18.00)","0.20*scale(route_participation_season_avg,0.50,0.95)+0.20*scale(target_share_season_avg,0.10,0.32)+0.15*scale(air_yard_share_season_avg,0.08,0.38)+0.15*scale(routes_consistency_index,0.60,0.95)+0.15*scale(target_earning_index,0.12,0.45)+0.15*scale(opportunity_concentration_score,0.18,0.56)","0.50*scale(12.00-feature_finish,0.00,12.00)+0.25*scale(11.00-feature_games_played,0.00,11.00)+0.25*scale(0.14-feature_target_share,0.00,0.14)"
00-0036268,L.Shenault,2023,2024,WR,0.0000,43.6765,0.0000,0.0000,0.0000,0.0000,31.8182,4.6424,wr_signal_score_role_balanced_v1,"0.50*scale(feature_targets_per_game,4.00,10.00)+0.50*scale(feature_target_share,0.12,0.30)","0.55*scale(feature_ppg_per_target,0.80,2.50)+0.45*scale(feature_ppg,6.00,18.00)","0.40*scale(48.00-feature_finish,0.00,36.00)+0.60*scale(expected_ppg_baseline-feature_ppg,0.00,4.00)","0.65*scale(feature_games_played,8.00,17.00)+0.35*scale(feature_total_ppr,80.00,260.00)","0.50*scale(feature_ppg_minus_cohort_expected,0.00,6.00)+0.30*scale(expected_finish_from_cohort-feature_finish,0.00,36.00)+0.20*scale(cohort_player_count,1.00,18.00)","0.20*scale(route_participation_season_avg,0.50,0.95)+0.20*scale(target_share_season_avg,0.10,0.32)+0.15*scale(air_yard_share_season_avg,0.08,0.38)+0.15*scale(routes_consistency_index,0.60,0.95)+0.15*scale(target_earning_index,0.12,0.45)+0.15*scale(opportunity_concentration_score,0.18,0.56)","0.50*scale(12.00-feature_finish,0.00,12.00)+0.25*scale(11.00-feature_games_played,0.00,11.00)+0.25*scale(0.14-feature_target_share,0.00,0.14)"
00-0036364,L.Bowden,2023,2024,WR,0.0000,19.6140,0.0000,0.0000,20.0000,0.0000,31.8182,4.6330,wr_signal_score_role_balanced_v1,"0.50*scale(feature_targets_per_game,4.00,10.00)+0.50*scale(feature_target_share,0.12,0.30)","0.55*scale(feature_ppg_per_target,0.80,2.50)+0.45*scale(feature_ppg,6.00,18.00)","0.40*scale(48.00-feature_finish,0.00,36.00)+0.60*scale(expected_ppg_baseline-feature_ppg,0.00,4.00)","0.65*scale(feature_games_played,8.00,17.00)+0.35*scale(feature_total_ppr,80.00,260.00)","0.50*scale(feature_ppg_minus_cohort_expected,0.00,6.00)+0.30*scale(expected_finish_from_cohort-feature_finish,0.00,36.00)+0.20*scale(cohort_player_count,1.00,18.00)","0.20*scale(route_participation_season_avg,0.50,0.95)+0.20*scale(target_share_season_avg,0.10,0.32)+0.15*scale(air_yard_share_season_avg,0.08,0.38)+0.15*scale(routes_consistency_index,0.60,0.95)+0.15*scale(target_earning_index,0.12,0.45)+0.15*scale(opportunity_concentration_score,0.18,0.56)","0.50*scale(12.00-feature_finish,0.00,12.00)+0.25*scale(11.00-feature_games_played,0.00,11.00)+0.25*scale(0.14-feature_target_share,0.00,0.14)"
00-0038104,T.Thornton,2023,2024,WR,0.0000,12.3779,0.0000,7.2222,20.0000,0.0000,29.5454,4.6228,wr_signal_score_role_balanced_v1,"0.50*scale(feature_targets_per_game,4.00,10.00)+0.50*scale(feature_target_share,0.12,0.30)","0.55*scale(feature_ppg_per_target,0.80,2.50)+0.45*scale(feature_ppg,6.00,18.00)","0.40*scale(48.00-feature_finish,0.00,36.00)+0.60*scale(expected_ppg_baseline-feature_ppg,0.00,4.00)","0.65*scale(feature_games_played,8.00,17.00)+0.35*scale(feature_total_ppr,80.00,260.00)","0.50*scale(feature_ppg_minus_cohort_expected,0.00,6.00)+0.30*scale(expected_finish_from_cohort-feature_finish,0.00,36.00)+0.20*scale(cohort_player_count,1.00,18.00)","0.20*scale(route_participation_season_avg,0.50,0.95)+0.20*scale(target_share_season_avg,0.10,0.32)+0.15*scale(air_yard_share_season_avg,0.08,0.38)+0.15*scale(routes_consistency_index,0.60,0.95)+0.15*scale(target_earning_index,0.12,0.45)+0.15*scale(opportunity_concentration_score,0.18,0.56)","0.50*scale(12.00-feature_finish,0.00,12.00)+0.25*scale(11.00-feature_games_played,0.00,11.00)+0.25*scale(0.14-feature_target_share,0.00,0.14)"
00-0036176,M.Kinsey,2023,2024,WR,0.0000,25.8823,0.0000,0.0000,20.0000,0.0000,47.7273,4.6187,wr_signal_score_role_balanced_v1,"0.50*scale(feature_targets_per_game,4.00,10.00)+0.50*scale(feature_target_share,0.12,0.30)","0.55*scale(feature_ppg_per_target,0.80,2.50)+0.45*scale(feature_ppg,6.00,18.00)","0.40*scale(48.00-feature_finish,0.00,36.00)+0.60*scale(expected_ppg_baseline-feature_ppg,0.00,4.00)","0.65*scale(feature_games_played,8.00,17.00)+0.35*scale(feature_total_ppr,80.00,260.00)","0.50*scale(feature_ppg_minus_cohort_expected,0.00,6.00)+0.30*scale(expected_finish_from_cohort-feature_finish,0.00,36.00)+0.20*scale(cohort_player_count,1.00,18.00)","0.20*scale(route_participation_season_avg,0.50,0.95)+0.20*scale(target_share_season_avg,0.10,0.32)+0.15*scale(air_yard_share_season_avg,0.08,0.38)+0.15*scale(routes_consistency_index,0.60,0.95)+0.15*scale(target_earning_index,0.12,0.45)+0.15*scale(opportunity_concentration_score,0.18,0.56)","0.50*scale(12.00-feature_finish,0.00,12.00)+0.25*scale(11.00-feature_games_played,0.00,11.00)+0.25*scale(0.14-feature_target_share,0.00,0.14)"
00-0033857,J.Smith-Schuster,2023,2024,WR,2.2725,16.1079,0.0000,21.6666,0.0000,0.0000,25.0000,4.2782,wr_signal_score_role_balanced_v1,"0.50*scale(feature_targets_per_game,4.00,10.00)+0.50*scale(feature_target_share,0.12,0.30)","0.55*scale(feature_ppg_per_target,0.80,2.50)+0.45*scale(feature_ppg,6.00,18.00)","0.40*scale(48.00-feature_finish,0.00,36.00)+0.60*scale(expected_ppg_baseline-feature_ppg,0.00,4.00)","0.65*scale(feature_games_played,8.00,17.00)+0.35*scale(feature_total_ppr,80.00,260.00)","0.50*scale(feature_ppg_minus_cohort_expected,0.00,6.00)+0.30*scale(expected_finish_from_cohort-feature_finish,0.00,36.00)+0.20*scale(cohort_player_count,1.00,18.00)","0.20*scale(route_participation_season_avg,0.50,0.95)+0.20*scale(target_share_season_avg,0.10,0.32)+0.15*scale(air_yard_share_season_avg,0.08,0.38)+0.15*scale(routes_consistency_index,0.60,0.95)+0.15*scale(target_earning_index,0.12,0.45)+0.15*scale(opportunity_concentration_score,0.18,0.56)","0.50*scale(12.00-feature_finish,0.00,12.00)+0.25*scale(11.00-feature_games_played,0.00,11.00)+0.25*scale(0.14-feature_target_share,0.00,0.14)"
00-0036497,T.Jones,2023,2024,WR,0.0000,8.8072,0.0000,7.2222,20.0000,0.0000,29.5454,4.0872,wr_signal_score_role_balanced_v1,"0.50*scale(feature_targets_per_game,4.00,10.00)+0.50*scale(feature_target_share,0.12,0.30)","0.55*scale(feature_ppg_per_target,0.80,2.50)+0.45*scale(feature_ppg,6.00,18.00)","0.40*scale(48.00-feature_finish,0.00,36.00)+0.60*scale(expected_ppg_baseline-feature_ppg,0.00,4.00)","0.65*scale(feature_games_played,8.00,17.00)+0.35*scale(feature_total_ppr,80.00,260.00)","0.50*scale(feature_ppg_minus_cohort_expected,0.00,6.00)+0.30*scale(expected_finish_from_cohort-feature_finish,0.00,36.00)+0.20*scale(cohort_player_count,1.00,18.00)","0.20*scale(route_participation_season_avg,0.50,0.95)+0.20*scale(target_share_season_avg,0.10,0.32)+0.15*scale(air_yard_share_season_avg,0.08,0.38)+0.15*scale(routes_consistency_index,0.60,0.95)+0.15*scale(target_earning_index,0.12,0.45)+0.15*scale(opportunity_concentration_score,0.18,0.56)","0.50*scale(12.00-feature_finish,0.00,12.00)+0.25*scale(11.00-feature_games_played,0.00,11.00)+0.25*scale(0.14-feature_target_share,0.00,0.14)"
00-0036233,D.Peoples-Jones,2023,2024,WR,0.0000,11.0006,0.0000,28.8889,0.0000,0.0000,25.0000,3.9056,wr_signal_score_role_balanced_v1,"0.50*scale(feature_targets_per_game,4.00,10.00)+0.50*scale(feature_target_share,0.12,0.30)","0.55*scale(feature_ppg_per_target,0.80,2.50)+0.45*scale(feature_ppg,6.00,18.00)","0.40*scale(48.00-feature_finish,0.00,36.00)+0.60*scale(expected_ppg_baseline-feature_ppg,0.00,4.00)","0.65*scale(feature_games_played,8.00,17.00)+0.35*scale(feature_total_ppr,80.00,260.00)","0.50*scale(feature_ppg_minus_cohort_expected,0.00,6.00)+0.30*scale(expected_finish_from_cohort-feature_finish,0.00,36.00)+0.20*scale(cohort_player_count,1.00,18.00)","0.20*scale(route_participation_season_avg,0.50,0.95)+0.20*scale(target_share_season_avg,0.10,0.32)+0.15*scale(air_yard_share_season_avg,0.08,0.38)+0.15*scale(routes_consistency_index,0.60,0.95)+0.15*scale(target_earning_index,0.12,0.45)+0.15*scale(opportunity_concentration_score,0.18,0.56)","0.50*scale(12.00-feature_finish,0.00,12.00)+0.25*scale(11.00-feature_games_played,0.00,11.00)+0.25*scale(0.14-feature_target_share,0.00,0.14)"
00-0037132,B.Covey,2023,2024,WR,0.0000,18.3333,0.0000,0.0000,20.0000,0.0000,45.4545,3.6227,wr_signal_score_role_balanced_v1,"0.50*scale(feature_targets_per_game,4.00,10.00)+0.50*scale(feature_target_share,0.12,0.30)","0.55*scale(feature_ppg_per_target,0.80,2.50)+0.45*scale(feature_ppg,6.00,18.00)","0.40*scale(48.00-feature_finish,0.00,36.00)+0.60*scale(expected_ppg_baseline-feature_ppg,0.00,4.00)","0.65*scale(feature_games_played,8.00,17.00)+0.35*scale(feature_total_ppr,80.00,260.00)","0.50*scale(feature_ppg_minus_cohort_expected,0.00,6.00)+0.30*scale(expected_finish_from_cohort-feature_finish,0.00,36.00)+0.20*scale(cohort_player_count,1.00,18.00)","0.20*scale(route_participation_season_avg,0.50,0.95)+0.20*scale(target_share_season_avg,0.10,0.32)+0.15*scale(air_yard_share_season_avg,0.08,0.38)+0.15*scale(routes_consistency_index,0.60,0.95)+0.15*scale(target_earning_index,0.12,0.45)+0.15*scale(opportunity_concentration_score,0.18,0.56)","0.50*scale(12.00-feature_finish,0.00,12.00)+0.25*scale(11.00-feature_games_played,0.00,11.00)+0.25*scale(0.14-feature_target_share,0.00,0.14)"
00-0033572,J.Agnew,2023,2024,WR,0.0000,36.2045,0.0000,0.0000,0.0000,0.0000,31.8182,3.5216,wr_signal_score_role_balanced_v1,"0.50*scale(feature_targets_per_game,4.00,10.00)+0.50*scale(feature_target_share,0.12,0.30)","0.55*scale(feature_ppg_per_target,0.80,2.50)+0.45*scale(feature_ppg,6.00,18.00)","0.40*scale(48.00-feature_finish,0.00,36.00)+0.60*scale(expected_ppg_baseline-feature_ppg,0.00,4.00)","0.65*scale(feature_games_played,8.00,17.00)+0.35*scale(feature_total_ppr,80.00,260.00)","0.50*scale(feature_ppg_minus_cohort_expected,0.00,6.00)+0.30*scale(expected_finish_from_cohort-feature_finish,0.00,36.00)+0.20*scale(cohort_player_count,1.00,18.00)","0.20*scale(route_participation_season_avg,0.50,0.95)+0.20*scale(target_share_season_avg,0.10,0.32)+0.15*scale(air_yard_share_season_avg,0.08,0.38)+0.15*scale(routes_consistency_index,0.60,0.95)+0.15*scale(target_earning_index,0.12,0.45)+0.15*scale(opportunity_concentration_score,0.18,0.56)","0.50*scale(12.00-feature_finish,0.00,12.00)+0.25*scale(11.00-feature_games_played,0.00,11.00)+0.25*scale(0.14-feature_target_share,0.00,0.14)"
00-0027944,J.Jones,2023,2024,WR,0.0000,36.0991,0.0000,0.0000,0.0000,0.0000,31.8182,3.5058,wr_signal_score_role_balanced_v1,"0.50*scale(feature_targets_per_game,4.00,10.00)+0.50*scale(feature_target_share,0.12,0.30)","0.55*scale(feature_ppg_per_target,0.80,2.50)+0.45*scale(feature_ppg,6.00,18.00)","0.40*scale(48.00-feature_finish,0.00,36.00)+0.60*scale(expected_ppg_baseline-feature_ppg,0.00,4.00)","0.65*scale(feature_games_played,8.00,17.00)+0.35*scale(feature_total_ppr,80.00,260.00)","0.50*scale(feature_ppg_minus_cohort_expected,0.00,6.00)+0.30*scale(expected_finish_from_cohort-feature_finish,0.00,36.00)+0.20*scale(cohort_player_count,1.00,18.00)","0.20*scale(route_participation_season_avg,0.50,0.95)+0.20*scale(target_share_season_avg,0.10,0.32)+0.15*scale(air_yard_share_season_avg,0.08,0.38)+0.15*scale(routes_consistency_index,0.60,0.95)+0.15*scale(target_earning_index,0.12,0.45)+0.15*scale(opportunity_concentration_score,0.18,0.56)","0.50*scale(12.00-feature_finish,0.00,12.00)+0.25*scale(11.00-feature_games_played,0.00,11.00)+0.25*scale(0.14-feature_target_share,0.00,0.14)"
00-0034407,R.McCloud,2023,2024,WR,0.0000,35.5870,0.0000,0.0000,0.0000,0.0000,34.0909,3.2926,wr_signal_score_role_balanced_v1,"0.50*scale(feature_targets_per_game,4.00,10.00)+0.50*scale(feature_target_share,0.12,0.30)","0.55*scale(feature_ppg_per_target,0.80,2.50)+0.45*scale(feature_ppg,6.00,18.00)","0.40*scale(48.00-feature_finish,0.00,36.00)+0.60*scale(expected_ppg_baseline-feature_ppg,0.00,4.00)","0.65*scale(feature_games_played,8.00,17.00)+0.35*scale(feature_total_ppr,80.00,260.00)","0.50*scale(feature_ppg_minus_cohort_expected,0.00,6.00)+0.30*scale(expected_finish_from_cohort-feature_finish,0.00,36.00)+0.20*scale(cohort_player_count,1.00,18.00)","0.20*scale(route_participation_season_avg,0.50,0.95)+0.20*scale(target_share_season_avg,0.10,0.32)+0.15*scale(air_yard_share_season_avg,0.08,0.38)+0.15*scale(routes_consistency_index,0.60,0.95)+0.15*scale(target_earning_index,0.12,0.45)+0.15*scale(opportunity_concentration_score,0.18,0.56)","0.50*scale(12.00-feature_finish,0.00,12.00)+0.25*scale(11.00-feature_games_played,0.00,11.00)+0.25*scale(0.14-feature_target_share,0.00,0.14)"
00-0031941,J.Crowder,2023,2024,WR,0.0000,35.4274,0.0000,0.0000,0.0000,0.0000,34.0909,3.2687,wr_signal_score_role_balanced_v1,"0.50*scale(feature_targets_per_game,4.00,10.00)+0.50*scale(feature_target_share,0.12,0.30)","0.55*scale(feature_ppg_per_target,0.80,2.50)+0.45*scale(feature_ppg,6.00,18.00)","0.40*scale(48.00-feature_finish,0.00,36.00)+0.60*scale(expected_ppg_baseline-feature_ppg,0.00,4.00)","0.65*scale(feature_games_played,8.00,17.00)+0.35*scale(feature_total_ppr,80.00,260.00)","0.50*scale(feature_ppg_minus_cohort_expected,0.00,6.00)+0.30*scale(expected_finish_from_cohort-feature_finish,0.00,36.00)+0.20*scale(cohort_player_count,1.00,18.00)","0.20*scale(route_participation_season_avg,0.50,0.95)+0.20*scale(target_share_season_avg,0.10,0.32)+0.15*scale(air_yard_share_season_avg,0.08,0.38)+0.15*scale(routes_consistency_index,0.60,0.95)+0.15*scale(target_earning_index,0.12,0.45)+0.15*scale(opportunity_concentration_score,0.18,0.56)","0.50*scale(12.00-feature_finish,0.00,12.00)+0.25*scale(11.00-feature_games_played,0.00,11.00)+0.25*scale(0.14-feature_target_share,0.00,0.14)"
00-0035934,T.Jackson,2023,2024,WR,0.0000,13.7500,0.0000,0.0000,20.0000,0.0000,45.4545,2.9352,wr_signal_score_role_balanced_v1,"0.50*scale(feature_targets_per_game,4.00,10.00)+0.50*scale(feature_target_share,0.12,0.30)","0.55*scale(feature_ppg_per_target,0.80,2.50)+0.45*scale(feature_ppg,6.00,18.00)","0.40*scale(48.00-feature_finish,0.00,36.00)+0.60*scale(expected_ppg_baseline-feature_ppg,0.00,4.00)","0.65*scale(feature_games_played,8.00,17.00)+0.35*scale(feature_total_ppr,80.00,260.00)","0.50*scale(feature_ppg_minus_cohort_expected,0.00,6.00)+0.30*scale(expected_finish_from_cohort-feature_finish,0.00,36.00)+0.20*scale(cohort_player_count,1.00,18.00)","0.20*scale(route_participation_season_avg,0.50,0.95)+0.20*scale(target_share_season_avg,0.10,0.32)+0.15*scale(air_yard_share_season_avg,0.08,0.38)+0.15*scale(routes_consistency_index,0.60,0.95)+0.15*scale(target_earning_index,0.12,0.45)+0.15*scale(opportunity_concentration_score,0.18,0.56)","0.50*scale(12.00-feature_finish,0.00,12.00)+0.25*scale(11.00-feature_games_played,0.00,11.00)+0.25*scale(0.14-feature_target_share,0.00,0.14)"
00-0038821,R.Jarrett,2023,2024,WR,0.0000,10.0654,0.0000,0.0000,20.0000,0.0000,36.3636,2.9280,wr_signal_score_role_balanced_v1,"0.50*scale(feature_targets_per_game,4.00,10.00)+0.50*scale(feature_target_share,0.12,0.30)","0.55*scale(feature_ppg_per_target,0.80,2.50)+0.45*scale(feature_ppg,6.00,18.00)","0.40*scale(48.00-feature_finish,0.00,36.00)+0.60*scale(expected_ppg_baseline-feature_ppg,0.00,4.00)","0.65*scale(feature_games_played,8.00,17.00)+0.35*scale(feature_total_ppr,80.00,260.00)","0.50*scale(feature_ppg_minus_cohort_expected,0.00,6.00)+0.30*scale(expected_finish_from_cohort-feature_finish,0.00,36.00)+0.20*scale(cohort_player_count,1.00,18.00)","0.20*scale(route_participation_season_avg,0.50,0.95)+0.20*scale(target_share_season_avg,0.10,0.32)+0.15*scale(air_yard_share_season_avg,0.08,0.38)+0.15*scale(routes_consistency_index,0.60,0.95)+0.15*scale(target_earning_index,0.12,0.45)+0.15*scale(opportunity_concentration_score,0.18,0.56)","0.50*scale(12.00-feature_finish,0.00,12.00)+0.25*scale(11.00-feature_games_played,0.00,11.00)+0.25*scale(0.14-feature_target_share,0.00,0.14)"
00-0036271,Q.Watkins,2023,2024,WR,1.6666,32.2473,0.0000,0.0000,0.0000,0.0000,38.6364,2.9189,wr_signal_score_role_balanced_v1,"0.50*scale(feature_targets_per_game,4.00,10.00)+0.50*scale(feature_target_share,0.12,0.30)","0.55*scale(feature_ppg_per_target,0.80,2.50)+0.45*scale(feature_ppg,6.00,18.00)","0.40*scale(48.00-feature_finish,0.00,36.00)+0.60*scale(expected_ppg_baseline-feature_ppg,0.00,4.00)","0.65*scale(feature_games_played,8.00,17.00)+0.35*scale(feature_total_ppr,80.00,260.00)","0.50*scale(feature_ppg_minus_cohort_expected,0.00,6.00)+0.30*scale(expected_finish_from_cohort-feature_finish,0.00,36.00)+0.20*scale(cohort_player_count,1.00,18.00)","0.20*scale(route_participation_season_avg,0.50,0.95)+0.20*scale(target_share_season_avg,0.10,0.32)+0.15*scale(air_yard_share_season_avg,0.08,0.38)+0.15*scale(routes_consistency_index,0.60,0.95)+0.15*scale(target_earning_index,0.12,0.45)+0.15*scale(opportunity_concentration_score,0.18,0.56)","0.50*scale(12.00-feature_finish,0.00,12.00)+0.25*scale(11.00-feature_games_played,0.00,11.00)+0.25*scale(0.14-feature_target_share,0.00,0.14)"
00-0036955,T.Marshall,2023,2024,WR,1.0416,6.3726,0.0000,0.0000,20.0000,0.0000,31.8182,2.8968,wr_signal_score_role_balanced_v1,"0.50*scale(feature_targets_per_game,4.00,10.00)+0.50*scale(feature_target_share,0.12,0.30)","0.55*scale(feature_ppg_per_target,0.80,2.50)+0.45*scale(feature_ppg,6.00,18.00)","0.40*scale(48.00-feature_finish,0.00,36.00)+0.60*scale(expected_ppg_baseline-feature_ppg,0.00,4.00)","0.65*scale(feature_games_played,8.00,17.00)+0.35*scale(feature_total_ppr,80.00,260.00)","0.50*scale(feature_ppg_minus_cohort_expected,0.00,6.00)+0.30*scale(expected_finish_from_cohort-feature_finish,0.00,36.00)+0.20*scale(cohort_player_count,1.00,18.00)","0.20*scale(route_participation_season_avg,0.50,0.95)+0.20*scale(target_share_season_avg,0.10,0.32)+0.15*scale(air_yard_share_season_avg,0.08,0.38)+0.15*scale(routes_consistency_index,0.60,0.95)+0.15*scale(target_earning_index,0.12,0.45)+0.15*scale(opportunity_concentration_score,0.18,0.56)","0.50*scale(12.00-feature_finish,0.00,12.00)+0.25*scale(11.00-feature_games_played,0.00,11.00)+0.25*scale(0.14-feature_target_share,0.00,0.14)"
00-0034279,E.St. Brown,2023,2024,WR,0.0000,34.5098,0.0000,0.0000,0.0000,0.0000,38.6364,2.8583,wr_signal_score_role_balanced_v1,"0.50*scale(feature_targets_per_game,4.00,10.00)+0.50*scale(feature_target_share,0.12,0.30)","0.55*scale(feature_ppg_per_target,0.80,2.50)+0.45*scale(feature_ppg,6.00,18.00)","0.40*scale(48.00-feature_finish,0.00,36.00)+0.60*scale(expected_ppg_baseline-feature_ppg,0.00,4.00)","0.65*scale(feature_games_played,8.00,17.00)+0.35*scale(feature_total_ppr,80.00,260.00)","0.50*scale(feature_ppg_minus_cohort_expected,0.00,6.00)+0.30*scale(expected_finish_from_cohort-feature_finish,0.00,36.00)+0.20*scale(cohort_player_count,1.00,18.00)","0.20*scale(route_participation_season_avg,0.50,0.95)+0.20*scale(target_share_season_avg,0.10,0.32)+0.15*scale(air_yard_share_season_avg,0.08,0.38)+0.15*scale(routes_consistency_index,0.60,0.95)+0.15*scale(target_earning_index,0.12,0.45)+0.15*scale(opportunity_concentration_score,0.18,0.56)","0.50*scale(12.00-feature_finish,0.00,12.00)+0.25*scale(11.00-feature_games_played,0.00,11.00)+0.25*scale(0.14-feature_target_share,0.00,0.14)"
00-0037420,K.Lassiter,2023,2024,WR,0.0000,12.9412,0.0000,0.0000,20.0000,0.0000,47.7273,2.6775,wr_signal_score_role_balanced_v1,"0.50*scale(feature_targets_per_game,4.00,10.00)+0.50*scale(feature_target_share,0.12,0.30)","0.55*scale(feature_ppg_per_target,0.80,2.50)+0.45*scale(feature_ppg,6.00,18.00)","0.40*scale(48.00-feature_finish,0.00,36.00)+0.60*scale(expected_ppg_baseline-feature_ppg,0.00,4.00)","0.65*scale(feature_games_played,8.00,17.00)+0.35*scale(feature_total_ppr,80.00,260.00)","0.50*scale(feature_ppg_minus_cohort_expected,0.00,6.00)+0.30*scale(expected_finish_from_cohort-feature_finish,0.00,36.00)+0.20*scale(cohort_player_count,1.00,18.00)","0.20*scale(route_participation_season_avg,0.50,0.95)+0.20*scale(target_share_season_avg,0.10,0.32)+0.15*scale(air_yard_share_season_avg,0.08,0.38)+0.15*scale(routes_consistency_index,0.60,0.95)+0.15*scale(target_earning_index,0.12,0.45)+0.15*scale(opportunity_concentration_score,0.18,0.56)","0.50*scale(12.00-feature_finish,0.00,12.00)+0.25*scale(11.00-feature_games_played,0.00,11.00)+0.25*scale(0.14-feature_target_share,0.00,0.14)"
00-0037098,S.Toure,2023,2024,WR,0.0000,6.1111,0.0000,0.0000,20.0000,0.0000,31.8182,2.6076,wr_signal_score_role_balanced_v1,"0.50*scale(feature_targets_per_game,4.00,10.00)+0.50*scale(feature_target_share,0.12,0.30)","0.55*scale(feature_ppg_per_target,0.80,2.50)+0.45*scale(feature_ppg,6.00,18.00)","0.40*scale(48.00-feature_finish,0.00,36.00)+0.60*scale(expected_ppg_baseline-feature_ppg,0.00,4.00)","0.65*scale(feature_games_played,8.00,17.00)+0.35*scale(feature_total_ppr,80.00,260.00)","0.50*scale(feature_ppg_minus_cohort_expected,0.00,6.00)+0.30*scale(expected_finish_from_cohort-feature_finish,0.00,36.00)+0.20*scale(cohort_player_count,1.00,18.00)","0.20*scale(route_participation_season_avg,0.50,0.95)+0.20*scale(target_share_season_avg,0.10,0.32)+0.15*scale(air_yard_share_season_avg,0.08,0.38)+0.15*scale(routes_consistency_index,0.60,0.95)+0.15*scale(target_earning_index,0.12,0.45)+0.15*scale(opportunity_concentration_score,0.18,0.56)","0.50*scale(12.00-feature_finish,0.00,12.00)+0.25*scale(11.00-feature_games_played,0.00,11.00)+0.25*scale(0.14-feature_target_share,0.00,0.14)"
00-0030663,W.Snead,2023,2024,WR,0.0000,10.7843,0.0000,0.0000,20.0000,0.0000,45.4545,2.4904,wr_signal_score_role_balanced_v1,"0.50*scale(feature_targets_per_game,4.00,10.00)+0.50*scale(feature_target_share,0.12,0.30)","0.55*scale(feature_ppg_per_target,0.80,2.50)+0.45*scale(feature_ppg,6.00,18.00)","0.40*scale(48.00-feature_finish,0.00,36.00)+0.60*scale(expected_ppg_baseline-feature_ppg,0.00,4.00)","0.65*scale(feature_games_played,8.00,17.00)+0.35*scale(feature_total_ppr,80.00,260.00)","0.50*scale(feature_ppg_minus_cohort_expected,0.00,6.00)+0.30*scale(expected_finish_from_cohort-feature_finish,0.00,36.00)+0.20*scale(cohort_player_count,1.00,18.00)","0.20*scale(route_participation_season_avg,0.50,0.95)+0.20*scale(target_share_season_avg,0.10,0.32)+0.15*scale(air_yard_share_season_avg,0.08,0.38)+0.15*scale(routes_consistency_index,0.60,0.95)+0.15*scale(target_earning_index,0.12,0.45)+0.15*scale(opportunity_concentration_score,0.18,0.56)","0.50*scale(12.00-feature_finish,0.00,12.00)+0.25*scale(11.00-feature_games_played,0.00,11.00)+0.25*scale(0.14-feature_target_share,0.00,0.14)"
00-0033466,I.McKenzie,2023,2024,WR,0.0000,21.7213,0.0000,7.2222,0.0000,0.0000,29.5454,2.4244,wr_signal_score_role_balanced_v1,"0.50*scale(feature_targets_per_game,4.00,10.00)+0.50*scale(feature_target_share,0.12,0.30)","0.55*scale(feature_ppg_per_target,0.80,2.50)+0.45*scale(feature_ppg,6.00,18.00)","0.40*scale(48.00-feature_finish,0.00,36.00)+0.60*scale(expected_ppg_baseline-feature_ppg,0.00,4.00)","0.65*scale(feature_games_played,8.00,17.00)+0.35*scale(feature_total_ppr,80.00,260.00)","0.50*scale(feature_ppg_minus_cohort_expected,0.00,6.00)+0.30*scale(expected_finish_from_cohort-feature_finish,0.00,36.00)+0.20*scale(cohort_player_count,1.00,18.00)","0.20*scale(route_participation_season_avg,0.50,0.95)+0.20*scale(target_share_season_avg,0.10,0.32)+0.15*scale(air_yard_share_season_avg,0.08,0.38)+0.15*scale(routes_consistency_index,0.60,0.95)+0.15*scale(target_earning_index,0.12,0.45)+0.15*scale(opportunity_concentration_score,0.18,0.56)","0.50*scale(12.00-feature_finish,0.00,12.00)+0.25*scale(11.00-feature_games_played,0.00,11.00)+0.25*scale(0.14-feature_target_share,0.00,0.14)"
00-0037216,J.Ross,2023,2024,WR,0.0000,7.3530,0.0000,0.0000,20.0000,0.0000,38.6364,2.3848,wr_signal_score_role_balanced_v1,"0.50*scale(feature_targets_per_game,4.00,10.00)+0.50*scale(feature_target_share,0.12,0.30)","0.55*scale(feature_ppg_per_target,0.80,2.50)+0.45*scale(feature_ppg,6.00,18.00)","0.40*scale(48.00-feature_finish,0.00,36.00)+0.60*scale(expected_ppg_baseline-feature_ppg,0.00,4.00)","0.65*scale(feature_games_played,8.00,17.00)+0.35*scale(feature_total_ppr,80.00,260.00)","0.50*scale(feature_ppg_minus_cohort_expected,0.00,6.00)+0.30*scale(expected_finish_from_cohort-feature_finish,0.00,36.00)+0.20*scale(cohort_player_count,1.00,18.00)","0.20*scale(route_participation_season_avg,0.50,0.95)+0.20*scale(target_share_season_avg,0.10,0.32)+0.15*scale(air_yard_share_season_avg,0.08,0.38)+0.15*scale(routes_consistency_index,0.60,0.95)+0.15*scale(target_earning_index,0.12,0.45)+0.15*scale(opportunity_concentration_score,0.18,0.56)","0.50*scale(12.00-feature_finish,0.00,12.00)+0.25*scale(11.00-feature_games_played,0.00,11.00)+0.25*scale(0.14-feature_target_share,0.00,0.14)"
00-0033555,M.Hollins,2023,2024,WR,0.0000,20.5985,0.0000,7.2222,0.0000,0.0000,29.5454,2.2559,wr_signal_score_role_balanced_v1,"0.50*scale(feature_targets_per_game,4.00,10.00)+0.50*scale(feature_target_share,0.12,0.30)","0.55*scale(feature_ppg_per_target,0.80,2.50)+0.45*scale(feature_ppg,6.00,18.00)","0.40*scale(48.00-feature_finish,0.00,36.00)+0.60*scale(expected_ppg_baseline-feature_ppg,0.00,4.00)","0.65*scale(feature_games_played,8.00,17.00)+0.35*scale(feature_total_ppr,80.00,260.00)","0.50*scale(feature_ppg_minus_cohort_expected,0.00,6.00)+0.30*scale(expected_finish_from_cohort-feature_finish,0.00,36.00)+0.20*scale(cohort_player_count,1.00,18.00)","0.20*scale(route_participation_season_avg,0.50,0.95)+0.20*scale(target_share_season_avg,0.10,0.32)+0.15*scale(air_yard_share_season_avg,0.08,0.38)+0.15*scale(routes_consistency_index,0.60,0.95)+0.15*scale(target_earning_index,0.12,0.45)+0.15*scale(opportunity_concentration_score,0.18,0.56)","0.50*scale(12.00-feature_finish,0.00,12.00)+0.25*scale(11.00-feature_games_played,0.00,11.00)+0.25*scale(0.14-feature_target_share,0.00,0.14)"
00-0034317,K.Kirkwood,2023,2024,WR,0.0000,26.9614,0.0000,0.0000,0.0000,0.0000,34.0909,1.9988,wr_signal_score_role_balanced_v1,"0.50*scale(feature_targets_per_game,4.00,10.00)+0.50*scale(feature_target_share,0.12,0.30)","0.55*scale(feature_ppg_per_target,0.80,2.50)+0.45*scale(feature_ppg,6.00,18.00)","0.40*scale(48.00-feature_finish,0.00,36.00)+0.60*scale(expected_ppg_baseline-feature_ppg,0.00,4.00)","0.65*scale(feature_games_played,8.00,17.00)+0.35*scale(feature_total_ppr,80.00,260.00)","0.50*scale(feature_ppg_minus_cohort_expected,0.00,6.00)+0.30*scale(expected_finish_from_cohort-feature_finish,0.00,36.00)+0.20*scale(cohort_player_count,1.00,18.00)","0.20*scale(route_participation_season_avg,0.50,0.95)+0.20*scale(target_share_season_avg,0.10,0.32)+0.15*scale(air_yard_share_season_avg,0.08,0.38)+0.15*scale(routes_consistency_index,0.60,0.95)+0.15*scale(target_earning_index,0.12,0.45)+0.15*scale(opportunity_concentration_score,0.18,0.56)","0.50*scale(12.00-feature_finish,0.00,12.00)+0.25*scale(11.00-feature_games_played,0.00,11.00)+0.25*scale(0.14-feature_target_share,0.00,0.14)"
00-0036841,A.Trammell,2023,2024,WR,0.0000,6.0084,0.0000,0.0000,20.0000,0.0000,45.4545,1.7740,wr_signal_score_role_balanced_v1,"0.50*scale(feature_targets_per_game,4.00,10.00)+0.50*scale(feature_target_share,0.12,0.30)","0.55*scale(feature_ppg_per_target,0.80,2.50)+0.45*scale(feature_ppg,6.00,18.00)","0.40*scale(48.00-feature_finish,0.00,36.00)+0.60*scale(expected_ppg_baseline-feature_ppg,0.00,4.00)","0.65*scale(feature_games_played,8.00,17.00)+0.35*scale(feature_total_ppr,80.00,260.00)","0.50*scale(feature_ppg_minus_cohort_expected,0.00,6.00)+0.30*scale(expected_finish_from_cohort-feature_finish,0.00,36.00)+0.20*scale(cohort_player_count,1.00,18.00)","0.20*scale(route_participation_season_avg,0.50,0.95)+0.20*scale(target_share_season_avg,0.10,0.32)+0.15*scale(air_yard_share_season_avg,0.08,0.38)+0.15*scale(routes_consistency_index,0.60,0.95)+0.15*scale(target_earning_index,0.12,0.45)+0.15*scale(opportunity_concentration_score,0.18,0.56)","0.50*scale(12.00-feature_finish,0.00,12.00)+0.25*scale(11.00-feature_games_played,0.00,11.00)+0.25*scale(0.14-feature_target_share,0.00,0.14)"
00-0037291,J.Nailor,2023,2024,WR,0.0000,5.9314,0.0000,0.0000,20.0000,0.0000,45.4545,1.7624,wr_signal_score_role_balanced_v1,"0.50*scale(feature_targets_per_game,4.00,10.00)+0.50*scale(feature_target_share,0.12,0.30)","0.55*scale(feature_ppg_per_target,0.80,2.50)+0.45*scale(feature_ppg,6.00,18.00)","0.40*scale(48.00-feature_finish,0.00,36.00)+0.60*scale(expected_ppg_baseline-feature_ppg,0.00,4.00)","0.65*scale(feature_games_played,8.00,17.00)+0.35*scale(feature_total_ppr,80.00,260.00)","0.50*scale(feature_ppg_minus_cohort_expected,0.00,6.00)+0.30*scale(expected_finish_from_cohort-feature_finish,0.00,36.00)+0.20*scale(cohort_player_count,1.00,18.00)","0.20*scale(route_participation_season_avg,0.50,0.95)+0.20*scale(target_share_season_avg,0.10,0.32)+0.15*scale(air_yard_share_season_avg,0.08,0.38)+0.15*scale(routes_consistency_index,0.60,0.95)+0.15*scale(target_earning_index,0.12,0.45)+0.15*scale(opportunity_concentration_score,0.18,0.56)","0.50*scale(12.00-feature_finish,0.00,12.00)+0.25*scale(11.00-feature_games_played,0.00,11.00)+0.25*scale(0.14-feature_target_share,0.00,0.14)"
00-0036991,A.Rodgers,2023,2024,WR,0.0000,0.0000,6.0000,0.0000,20.0000,0.0000,47.7273,1.6964,wr_signal_score_role_balanced_v1,"0.50*scale(feature_targets_per_game,4.00,10.00)+0.50*scale(feature_target_share,0.12,0.30)","0.55*scale(feature_ppg_per_target,0.80,2.50)+0.45*scale(feature_ppg,6.00,18.00)","0.40*scale(48.00-feature_finish,0.00,36.00)+0.60*scale(expected_ppg_baseline-feature_ppg,0.00,4.00)","0.65*scale(feature_games_played,8.00,17.00)+0.35*scale(feature_total_ppr,80.00,260.00)","0.50*scale(feature_ppg_minus_cohort_expected,0.00,6.00)+0.30*scale(expected_finish_from_cohort-feature_finish,0.00,36.00)+0.20*scale(cohort_player_count,1.00,18.00)","0.20*scale(route_participation_season_avg,0.50,0.95)+0.20*scale(target_share_season_avg,0.10,0.32)+0.15*scale(air_yard_share_season_avg,0.08,0.38)+0.15*scale(routes_consistency_index,0.60,0.95)+0.15*scale(target_earning_index,0.12,0.45)+0.15*scale(opportunity_concentration_score,0.18,0.56)","0.50*scale(12.00-feature_finish,0.00,12.00)+0.25*scale(11.00-feature_games_played,0.00,11.00)+0.25*scale(0.14-feature_target_share,0.00,0.14)"
00-0032208,P.Dorsett,2023,2024,WR,0.0000,0.0000,4.5000,0.0000,20.0000,0.0000,45.4545,1.5927,wr_signal_score_role_balanced_v1,"0.50*scale(feature_targets_per_game,4.00,10.00)+0.50*scale(feature_target_share,0.12,0.30)","0.55*scale(feature_ppg_per_target,0.80,2.50)+0.45*scale(feature_ppg,6.00,18.00)","0.40*scale(48.00-feature_finish,0.00,36.00)+0.60*scale(expected_ppg_baseline-feature_ppg,0.00,4.00)","0.65*scale(feature_games_played,8.00,17.00)+0.35*scale(feature_total_ppr,80.00,260.00)","0.50*scale(feature_ppg_minus_cohort_expected,0.00,6.00)+0.30*scale(expected_finish_from_cohort-feature_finish,0.00,36.00)+0.20*scale(cohort_player_count,1.00,18.00)","0.20*scale(route_participation_season_avg,0.50,0.95)+0.20*scale(target_share_season_avg,0.10,0.32)+0.15*scale(air_yard_share_season_avg,0.08,0.38)+0.15*scale(routes_consistency_index,0.60,0.95)+0.15*scale(target_earning_index,0.12,0.45)+0.15*scale(opportunity_concentration_score,0.18,0.56)","0.50*scale(12.00-feature_finish,0.00,12.00)+0.25*scale(11.00-feature_games_played,0.00,11.00)+0.25*scale(0.14-feature_target_share,0.00,0.14)"
00-0036387,J.Reagor,2023,2024,WR,0.0000,14.2064,0.0000,7.2222,0.0000,0.0000,29.5454,1.2971,wr_signal_score_role_balanced_v1,"0.50*scale(feature_targets_per_game,4.00,10.00)+0.50*scale(feature_target_share,0.12,0.30)","0.55*scale(feature_ppg_per_target,0.80,2.50)+0.45*scale(feature_ppg,6.00,18.00)","0.40*scale(48.00-feature_finish,0.00,36.00)+0.60*scale(expected_ppg_baseline-feature_ppg,0.00,4.00)","0.65*scale(feature_games_played,8.00,17.00)+0.35*scale(feature_total_ppr,80.00,260.00)","0.50*scale(feature_ppg_minus_cohort_expected,0.00,6.00)+0.30*scale(expected_finish_from_cohort-feature_finish,0.00,36.00)+0.20*scale(cohort_player_count,1.00,18.00)","0.20*scale(route_participation_season_avg,0.50,0.95)+0.20*scale(target_share_season_avg,0.10,0.32)+0.15*scale(air_yard_share_season_avg,0.08,0.38)+0.15*scale(routes_consistency_index,0.60,0.95)+0.15*scale(target_earning_index,0.12,0.45)+0.15*scale(opportunity_concentration_score,0.18,0.56)","0.50*scale(12.00-feature_finish,0.00,12.00)+0.25*scale(11.00-feature_games_played,0.00,11.00)+0.25*scale(0.14-feature_target_share,0.00,0.14)"
00-0032385,S.Shepard,2023,2024,WR,0.0000,6.9117,0.0000,14.4444,0.0000,0.0000,27.2727,1.2782,wr_signal_score_role_balanced_v1,"0.50*scale(feature_targets_per_game,4.00,10.00)+0.50*scale(feature_target_share,0.12,0.30)","0.55*scale(feature_ppg_per_target,0.80,2.50)+0.45*scale(feature_ppg,6.00,18.00)","0.40*scale(48.00-feature_finish,0.00,36.00)+0.60*scale(expected_ppg_baseline-feature_ppg,0.00,4.00)","0.65*scale(feature_games_played,8.00,17.00)+0.35*scale(feature_total_ppr,80.00,260.00)","0.50*scale(feature_ppg_minus_cohort_expected,0.00,6.00)+0.30*scale(expected_finish_from_cohort-feature_finish,0.00,36.00)+0.20*scale(cohort_player_count,1.00,18.00)","0.20*scale(route_participation_season_avg,0.50,0.95)+0.20*scale(target_share_season_avg,0.10,0.32)+0.15*scale(air_yard_share_season_avg,0.08,0.38)+0.15*scale(routes_consistency_index,0.60,0.95)+0.15*scale(target_earning_index,0.12,0.45)+0.15*scale(opportunity_concentration_score,0.18,0.56)","0.50*scale(12.00-feature_finish,0.00,12.00)+0.25*scale(11.00-feature_games_played,0.00,11.00)+0.25*scale(0.14-feature_target_share,0.00,0.14)"
00-0035593,J.Winfree,2023,2024,WR,0.0000,0.0000,3.0000,0.0000,20.0000,0.0000,47.7273,1.2164,wr_signal_score_role_balanced_v1,"0.50*scale(feature_targets_per_game,4.00,10.00)+0.50*scale(feature_target_share,0.12,0.30)","0.55*scale(feature_ppg_per_target,0.80,2.50)+0.45*scale(feature_ppg,6.00,18.00)","0.40*scale(48.00-feature_finish,0.00,36.00)+0.60*scale(expected_ppg_baseline-feature_ppg,0.00,4.00)","0.65*scale(feature_games_played,8.00,17.00)+0.35*scale(feature_total_ppr,80.00,260.00)","0.50*scale(feature_ppg_minus_cohort_expected,0.00,6.00)+0.30*scale(expected_finish_from_cohort-feature_finish,0.00,36.00)+0.20*scale(cohort_player_count,1.00,18.00)","0.20*scale(route_participation_season_avg,0.50,0.95)+0.20*scale(target_share_season_avg,0.10,0.32)+0.15*scale(air_yard_share_season_avg,0.08,0.38)+0.15*scale(routes_consistency_index,0.60,0.95)+0.15*scale(target_earning_index,0.12,0.45)+0.15*scale(opportunity_concentration_score,0.18,0.56)","0.50*scale(12.00-feature_finish,0.00,12.00)+0.25*scale(11.00-feature_games_played,0.00,11.00)+0.25*scale(0.14-feature_target_share,0.00,0.14)"
00-0037156,I.Charles,2023,2024,WR,0.0000,0.0000,3.0000,0.0000,20.0000,0.0000,47.7273,1.2164,wr_signal_score_role_balanced_v1,"0.50*scale(feature_targets_per_game,4.00,10.00)+0.50*scale(feature_target_share,0.12,0.30)","0.55*scale(feature_ppg_per_target,0.80,2.50)+0.45*scale(feature_ppg,6.00,18.00)","0.40*scale(48.00-feature_finish,0.00,36.00)+0.60*scale(expected_ppg_baseline-feature_ppg,0.00,4.00)","0.65*scale(feature_games_played,8.00,17.00)+0.35*scale(feature_total_ppr,80.00,260.00)","0.50*scale(feature_ppg_minus_cohort_expected,0.00,6.00)+0.30*scale(expected_finish_from_cohort-feature_finish,0.00,36.00)+0.20*scale(cohort_player_count,1.00,18.00)","0.20*scale(route_participation_season_avg,0.50,0.95)+0.20*scale(target_share_season_avg,0.10,0.32)+0.15*scale(air_yard_share_season_avg,0.08,0.38)+0.15*scale(routes_consistency_index,0.60,0.95)+0.15*scale(target_earning_index,0.12,0.45)+0.15*scale(opportunity_concentration_score,0.18,0.56)","0.50*scale(12.00-feature_finish,0.00,12.00)+0.25*scale(11.00-feature_games_played,0.00,11.00)+0.25*scale(0.14-feature_target_share,0.00,0.14)"
00-0038891,S.Jackson,2023,2024,WR,0.0000,0.0000,3.0000,0.0000,20.0000,0.0000,47.7273,1.2164,wr_signal_score_role_balanced_v1,"0.50*scale(feature_targets_per_game,4.00,10.00)+0.50*scale(feature_target_share,0.12,0.30)","0.55*scale(feature_ppg_per_target,0.80,2.50)+0.45*scale(feature_ppg,6.00,18.00)","0.40*scale(48.00-feature_finish,0.00,36.00)+0.60*scale(expected_ppg_baseline-feature_ppg,0.00,4.00)","0.65*scale(feature_games_played,8.00,17.00)+0.35*scale(feature_total_ppr,80.00,260.00)","0.50*scale(feature_ppg_minus_cohort_expected,0.00,6.00)+0.30*scale(expected_finish_from_cohort-feature_finish,0.00,36.00)+0.20*scale(cohort_player_count,1.00,18.00)","0.20*scale(route_participation_season_avg,0.50,0.95)+0.20*scale(target_share_season_avg,0.10,0.32)+0.15*scale(air_yard_share_season_avg,0.08,0.38)+0.15*scale(routes_consistency_index,0.60,0.95)+0.15*scale(target_earning_index,0.12,0.45)+0.15*scale(opportunity_concentration_score,0.18,0.56)","0.50*scale(12.00-feature_finish,0.00,12.00)+0.25*scale(11.00-feature_games_played,0.00,11.00)+0.25*scale(0.14-feature_target_share,0.00,0.14)"
00-0038608,K.Boutte,2023,2024,WR,0.0000,0.0000,1.1505,0.0000,20.0000,0.0000,43.1818,1.1932,wr_signal_score_role_balanced_v1,"0.50*scale(feature_targets_per_game,4.00,10.00)+0.50*scale(feature_target_share,0.12,0.30)","0.55*scale(feature_ppg_per_target,0.80,2.50)+0.45*scale(feature_ppg,6.00,18.00)","0.40*scale(48.00-feature_finish,0.00,36.00)+0.60*scale(expected_ppg_baseline-feature_ppg,0.00,4.00)","0.65*scale(feature_games_played,8.00,17.00)+0.35*scale(feature_total_ppr,80.00,260.00)","0.50*scale(feature_ppg_minus_cohort_expected,0.00,6.00)+0.30*scale(expected_finish_from_cohort-feature_finish,0.00,36.00)+0.20*scale(cohort_player_count,1.00,18.00)","0.20*scale(route_participation_season_avg,0.50,0.95)+0.20*scale(target_share_season_avg,0.10,0.32)+0.15*scale(air_yard_share_season_avg,0.08,0.38)+0.15*scale(routes_consistency_index,0.60,0.95)+0.15*scale(target_earning_index,0.12,0.45)+0.15*scale(opportunity_concentration_score,0.18,0.56)","0.50*scale(12.00-feature_finish,0.00,12.00)+0.25*scale(11.00-feature_games_played,0.00,11.00)+0.25*scale(0.14-feature_target_share,0.00,0.14)"
00-0036620,D.Eskridge,2023,2024,WR,0.0000,0.0000,0.2490,0.0000,20.0000,0.0000,43.1818,1.0489,wr_signal_score_role_balanced_v1,"0.50*scale(feature_targets_per_game,4.00,10.00)+0.50*scale(feature_target_share,0.12,0.30)","0.55*scale(feature_ppg_per_target,0.80,2.50)+0.45*scale(feature_ppg,6.00,18.00)","0.40*scale(48.00-feature_finish,0.00,36.00)+0.60*scale(expected_ppg_baseline-feature_ppg,0.00,4.00)","0.65*scale(feature_games_played,8.00,17.00)+0.35*scale(feature_total_ppr,80.00,260.00)","0.50*scale(feature_ppg_minus_cohort_expected,0.00,6.00)+0.30*scale(expected_finish_from_cohort-feature_finish,0.00,36.00)+0.20*scale(cohort_player_count,1.00,18.00)","0.20*scale(route_participation_season_avg,0.50,0.95)+0.20*scale(target_share_season_avg,0.10,0.32)+0.15*scale(air_yard_share_season_avg,0.08,0.38)+0.15*scale(routes_consistency_index,0.60,0.95)+0.15*scale(target_earning_index,0.12,0.45)+0.15*scale(opportunity_concentration_score,0.18,0.56)","0.50*scale(12.00-feature_finish,0.00,12.00)+0.25*scale(11.00-feature_games_played,0.00,11.00)+0.25*scale(0.14-feature_target_share,0.00,0.14)"
00-0035480,M.Taylor,2023,2024,WR,0.0000,0.8088,0.0000,0.0000,20.0000,0.0000,45.4545,0.9940,wr_signal_score_role_balanced_v1,"0.50*scale(feature_targets_per_game,4.00,10.00)+0.50*scale(feature_target_share,0.12,0.30)","0.55*scale(feature_ppg_per_target,0.80,2.50)+0.45*scale(feature_ppg,6.00,18.00)","0.40*scale(48.00-feature_finish,0.00,36.00)+0.60*scale(expected_ppg_baseline-feature_ppg,0.00,4.00)","0.65*scale(feature_games_played,8.00,17.00)+0.35*scale(feature_total_ppr,80.00,260.00)","0.50*scale(feature_ppg_minus_cohort_expected,0.00,6.00)+0.30*scale(expected_finish_from_cohort-feature_finish,0.00,36.00)+0.20*scale(cohort_player_count,1.00,18.00)","0.20*scale(route_participation_season_avg,0.50,0.95)+0.20*scale(target_share_season_avg,0.10,0.32)+0.15*scale(air_yard_share_season_avg,0.08,0.38)+0.15*scale(routes_consistency_index,0.60,0.95)+0.15*scale(target_earning_index,0.12,0.45)+0.15*scale(opportunity_concentration_score,0.18,0.56)","0.50*scale(12.00-feature_finish,0.00,12.00)+0.25*scale(11.00-feature_games_played,0.00,11.00)+0.25*scale(0.14-feature_target_share,0.00,0.14)"
00-0031763,D.Carter,2023,2024,WR,0.0000,18.9496,0.0000,0.0000,0.0000,0.0000,31.8182,0.9333,wr_signal_score_role_balanced_v1,"0.50*scale(feature_targets_per_game,4.00,10.00)+0.50*scale(feature_target_share,0.12,0.30)","0.55*scale(feature_ppg_per_target,0.80,2.50)+0.45*scale(feature_ppg,6.00,18.00)","0.40*scale(48.00-feature_finish,0.00,36.00)+0.60*scale(expected_ppg_baseline-feature_ppg,0.00,4.00)","0.65*scale(feature_games_played,8.00,17.00)+0.35*scale(feature_total_ppr,80.00,260.00)","0.50*scale(feature_ppg_minus_cohort_expected,0.00,6.00)+0.30*scale(expected_finish_from_cohort-feature_finish,0.00,36.00)+0.20*scale(cohort_player_count,1.00,18.00)","0.20*scale(route_participation_season_avg,0.50,0.95)+0.20*scale(target_share_season_avg,0.10,0.32)+0.15*scale(air_yard_share_season_avg,0.08,0.38)+0.15*scale(routes_consistency_index,0.60,0.95)+0.15*scale(target_earning_index,0.12,0.45)+0.15*scale(opportunity_concentration_score,0.18,0.56)","0.50*scale(12.00-feature_finish,0.00,12.00)+0.25*scale(11.00-feature_games_played,0.00,11.00)+0.25*scale(0.14-feature_target_share,0.00,0.14)"
00-0034487,T.Sherfield,2023,2024,WR,0.0000,11.7654,0.0000,7.2222,0.0000,0.0000,29.5454,0.9310,wr_signal_score_role_balanced_v1,"0.50*scale(feature_targets_per_game,4.00,10.00)+0.50*scale(feature_target_share,0.12,0.30)","0.55*scale(feature_ppg_per_target,0.80,2.50)+0.45*scale(feature_ppg,6.00,18.00)","0.40*scale(48.00-feature_finish,0.00,36.00)+0.60*scale(expected_ppg_baseline-feature_ppg,0.00,4.00)","0.65*scale(feature_games_played,8.00,17.00)+0.35*scale(feature_total_ppr,80.00,260.00)","0.50*scale(feature_ppg_minus_cohort_expected,0.00,6.00)+0.30*scale(expected_finish_from_cohort-feature_finish,0.00,36.00)+0.20*scale(cohort_player_count,1.00,18.00)","0.20*scale(route_participation_season_avg,0.50,0.95)+0.20*scale(target_share_season_avg,0.10,0.32)+0.15*scale(air_yard_share_season_avg,0.08,0.38)+0.15*scale(routes_consistency_index,0.60,0.95)+0.15*scale(target_earning_index,0.12,0.45)+0.15*scale(opportunity_concentration_score,0.18,0.56)","0.50*scale(12.00-feature_finish,0.00,12.00)+0.25*scale(11.00-feature_games_played,0.00,11.00)+0.25*scale(0.14-feature_target_share,0.00,0.14)"
00-0038627,A.Green,2023,2024,WR,0.0000,0.0000,0.3000,0.0000,20.0000,0.0000,45.4545,0.9207,wr_signal_score_role_balanced_v1,"0.50*scale(feature_targets_per_game,4.00,10.00)+0.50*scale(feature_target_share,0.12,0.30)","0.55*scale(feature_ppg_per_target,0.80,2.50)+0.45*scale(feature_ppg,6.00,18.00)","0.40*scale(48.00-feature_finish,0.00,36.00)+0.60*scale(expected_ppg_baseline-feature_ppg,0.00,4.00)","0.65*scale(feature_games_played,8.00,17.00)+0.35*scale(feature_total_ppr,80.00,260.00)","0.50*scale(feature_ppg_minus_cohort_expected,0.00,6.00)+0.30*scale(expected_finish_from_cohort-feature_finish,0.00,36.00)+0.20*scale(cohort_player_count,1.00,18.00)","0.20*scale(route_participation_season_avg,0.50,0.95)+0.20*scale(target_share_season_avg,0.10,0.32)+0.15*scale(air_yard_share_season_avg,0.08,0.38)+0.15*scale(routes_consistency_index,0.60,0.95)+0.15*scale(target_earning_index,0.12,0.45)+0.15*scale(opportunity_concentration_score,0.18,0.56)","0.50*scale(12.00-feature_finish,0.00,12.00)+0.25*scale(11.00-feature_games_played,0.00,11.00)+0.25*scale(0.14-feature_target_share,0.00,0.14)"
00-0038632,C.Dowell,2023,2024,WR,0.0000,0.0000,0.0750,0.0000,20.0000,0.0000,45.4545,0.8847,wr_signal_score_role_balanced_v1,"0.50*scale(feature_targets_per_game,4.00,10.00)+0.50*scale(feature_target_share,0.12,0.30)","0.55*scale(feature_ppg_per_target,0.80,2.50)+0.45*scale(feature_ppg,6.00,18.00)","0.40*scale(48.00-feature_finish,0.00,36.00)+0.60*scale(expected_ppg_baseline-feature_ppg,0.00,4.00)","0.65*scale(feature_games_played,8.00,17.00)+0.35*scale(feature_total_ppr,80.00,260.00)","0.50*scale(feature_ppg_minus_cohort_expected,0.00,6.00)+0.30*scale(expected_finish_from_cohort-feature_finish,0.00,36.00)+0.20*scale(cohort_player_count,1.00,18.00)","0.20*scale(route_participation_season_avg,0.50,0.95)+0.20*scale(target_share_season_avg,0.10,0.32)+0.15*scale(air_yard_share_season_avg,0.08,0.38)+0.15*scale(routes_consistency_index,0.60,0.95)+0.15*scale(target_earning_index,0.12,0.45)+0.15*scale(opportunity_concentration_score,0.18,0.56)","0.50*scale(12.00-feature_finish,0.00,12.00)+0.25*scale(11.00-feature_games_played,0.00,11.00)+0.25*scale(0.14-feature_target_share,0.00,0.14)"
00-0038911,M.Cunningham,2023,2024,WR,0.0000,0.0000,0.0000,0.0000,20.0000,0.0000,47.7273,0.7364,wr_signal_score_role_balanced_v1,"0.50*scale(feature_targets_per_game,4.00,10.00)+0.50*scale(feature_target_share,0.12,0.30)","0.55*scale(feature_ppg_per_target,0.80,2.50)+0.45*scale(feature_ppg,6.00,18.00)","0.40*scale(48.00-feature_finish,0.00,36.00)+0.60*scale(expected_ppg_baseline-feature_ppg,0.00,4.00)","0.65*scale(feature_games_played,8.00,17.00)+0.35*scale(feature_total_ppr,80.00,260.00)","0.50*scale(feature_ppg_minus_cohort_expected,0.00,6.00)+0.30*scale(expected_finish_from_cohort-feature_finish,0.00,36.00)+0.20*scale(cohort_player_count,1.00,18.00)","0.20*scale(route_participation_season_avg,0.50,0.95)+0.20*scale(target_share_season_avg,0.10,0.32)+0.15*scale(air_yard_share_season_avg,0.08,0.38)+0.15*scale(routes_consistency_index,0.60,0.95)+0.15*scale(target_earning_index,0.12,0.45)+0.15*scale(opportunity_concentration_score,0.18,0.56)","0.50*scale(12.00-feature_finish,0.00,12.00)+0.25*scale(11.00-feature_games_played,0.00,11.00)+0.25*scale(0.14-feature_target_share,0.00,0.14)"
00-0028002,R.Cobb,2023,2024,WR,0.0000,6.2801,0.0000,7.2222,0.0000,0.0000,29.5454,0.1082,wr_signal_score_role_balanced_v1,"0.50*scale(feature_targets_per_game,4.00,10.00)+0.50*scale(feature_target_share,0.12,0.30)","0.55*scale(feature_ppg_per_target,0.80,2.50)+0.45*scale(feature_ppg,6.00,18.00)","0.40*scale(48.00-feature_finish,0.00,36.00)+0.60*scale(expected_ppg_baseline-feature_ppg,0.00,4.00)","0.65*scale(feature_games_played,8.00,17.00)+0.35*scale(feature_total_ppr,80.00,260.00)","0.50*scale(feature_ppg_minus_cohort_expected,0.00,6.00)+0.30*scale(expected_finish_from_cohort-feature_finish,0.00,36.00)+0.20*scale(cohort_player_count,1.00,18.00)","0.20*scale(route_participation_season_avg,0.50,0.95)+0.20*scale(target_share_season_avg,0.10,0.32)+0.15*scale(air_yard_share_season_avg,0.08,0.38)+0.15*scale(routes_consistency_index,0.60,0.95)+0.15*scale(target_earning_index,0.12,0.45)+0.15*scale(opportunity_concentration_score,0.18,0.56)","0.50*scale(12.00-feature_finish,0.00,12.00)+0.25*scale(11.00-feature_games_played,0.00,11.00)+0.25*scale(0.14-feature_target_share,0.00,0.14)"
00-0035414,J.Guyton,2023,2024,WR,0.0000,12.4790,0.0000,0.0000,0.0000,0.0000,34.0909,-0.1736,wr_signal_score_role_balanced_v1,"0.50*scale(feature_targets_per_game,4.00,10.00)+0.50*scale(feature_target_share,0.12,0.30)","0.55*scale(feature_ppg_per_target,0.80,2.50)+0.45*scale(feature_ppg,6.00,18.00)","0.40*scale(48.00-feature_finish,0.00,36.00)+0.60*scale(expected_ppg_baseline-feature_ppg,0.00,4.00)","0.65*scale(feature_games_played,8.00,17.00)+0.35*scale(feature_total_ppr,80.00,260.00)","0.50*scale(feature_ppg_minus_cohort_expected,0.00,6.00)+0.30*scale(expected_finish_from_cohort-feature_finish,0.00,36.00)+0.20*scale(cohort_player_count,1.00,18.00)","0.20*scale(route_participation_season_avg,0.50,0.95)+0.20*scale(target_share_season_avg,0.10,0.32)+0.15*scale(air_yard_share_season_avg,0.08,0.38)+0.15*scale(routes_consistency_index,0.60,0.95)+0.15*scale(target_earning_index,0.12,0.45)+0.15*scale(opportunity_concentration_score,0.18,0.56)","0.50*scale(12.00-feature_finish,0.00,12.00)+0.25*scale(11.00-feature_games_played,0.00,11.00)+0.25*scale(0.14-feature_target_share,0.00,0.14)"
00-0035140,M.Hardman,2023,2024,WR,0.0000,11.4580,0.0000,0.0000,0.0000,0.0000,34.0909,-0.3268,wr_signal_score_role_balanced_v1,"0.50*scale(feature_targets_per_game,4.00,10.00)+0.50*scale(feature_target_share,0.12,0.30)","0.55*scale(feature_ppg_per_target,0.80,2.50)+0.45*scale(feature_ppg,6.00,18.00)","0.40*scale(48.00-feature_finish,0.00,36.00)+0.60*scale(expected_ppg_baseline-feature_ppg,0.00,4.00)","0.65*scale(feature_games_played,8.00,17.00)+0.35*scale(feature_total_ppr,80.00,260.00)","0.50*scale(feature_ppg_minus_cohort_expected,0.00,6.00)+0.30*scale(expected_finish_from_cohort-feature_finish,0.00,36.00)+0.20*scale(cohort_player_count,1.00,18.00)","0.20*scale(route_participation_season_avg,0.50,0.95)+0.20*scale(target_share_season_avg,0.10,0.32)+0.15*scale(air_yard_share_season_avg,0.08,0.38)+0.15*scale(routes_consistency_index,0.60,0.95)+0.15*scale(target_earning_index,0.12,0.45)+0.15*scale(opportunity_concentration_score,0.18,0.56)","0.50*scale(12.00-feature_finish,0.00,12.00)+0.25*scale(11.00-feature_games_played,0.00,11.00)+0.25*scale(0.14-feature_target_share,0.00,0.14)"
00-0035639,P.Campbell,2023,2024,WR,0.0000,10.5447,0.0000,0.0000,0.0000,0.0000,31.8182,-0.3274,wr_signal_score_role_balanced_v1,"0.50*scale(feature_targets_per_game,4.00,10.00)+0.50*scale(feature_target_share,0.12,0.30)","0.55*scale(feature_ppg_per_target,0.80,2.50)+0.45*scale(feature_ppg,6.00,18.00)","0.40*scale(48.00-feature_finish,0.00,36.00)+0.60*scale(expected_ppg_baseline-feature_ppg,0.00,4.00)","0.65*scale(feature_games_played,8.00,17.00)+0.35*scale(feature_total_ppr,80.00,260.00)","0.50*scale(feature_ppg_minus_cohort_expected,0.00,6.00)+0.30*scale(expected_finish_from_cohort-feature_finish,0.00,36.00)+0.20*scale(cohort_player_count,1.00,18.00)","0.20*scale(route_participation_season_avg,0.50,0.95)+0.20*scale(target_share_season_avg,0.10,0.32)+0.15*scale(air_yard_share_season_avg,0.08,0.38)+0.15*scale(routes_consistency_index,0.60,0.95)+0.15*scale(target_earning_index,0.12,0.45)+0.15*scale(opportunity_concentration_score,0.18,0.56)","0.50*scale(12.00-feature_finish,0.00,12.00)+0.25*scale(11.00-feature_games_played,0.00,11.00)+0.25*scale(0.14-feature_target_share,0.00,0.14)"
00-0033251,Z.Pascal,2023,2024,WR,0.0000,0.0000,2.0505,7.2222,0.0000,0.0000,29.5454,-0.5058,wr_signal_score_role_balanced_v1,"0.50*scale(feature_targets_per_game,4.00,10.00)+0.50*scale(feature_target_share,0.12,0.30)","0.55*scale(feature_ppg_per_target,0.80,2.50)+0.45*scale(feature_ppg,6.00,18.00)","0.40*scale(48.00-feature_finish,0.00,36.00)+0.60*scale(expected_ppg_baseline-feature_ppg,0.00,4.00)","0.65*scale(feature_games_played,8.00,17.00)+0.35*scale(feature_total_ppr,80.00,260.00)","0.50*scale(feature_ppg_minus_cohort_expected,0.00,6.00)+0.30*scale(expected_finish_from_cohort-feature_finish,0.00,36.00)+0.20*scale(cohort_player_count,1.00,18.00)","0.20*scale(route_participation_season_avg,0.50,0.95)+0.20*scale(target_share_season_avg,0.10,0.32)+0.15*scale(air_yard_share_season_avg,0.08,0.38)+0.15*scale(routes_consistency_index,0.60,0.95)+0.15*scale(target_earning_index,0.12,0.45)+0.15*scale(opportunity_concentration_score,0.18,0.56)","0.50*scale(12.00-feature_finish,0.00,12.00)+0.25*scale(11.00-feature_games_played,0.00,11.00)+0.25*scale(0.14-feature_target_share,0.00,0.14)"
00-0035703,M.Boykin,2023,2024,WR,0.0000,12.1323,0.0000,0.0000,0.0000,0.0000,40.9091,-0.6347,wr_signal_score_role_balanced_v1,"0.50*scale(feature_targets_per_game,4.00,10.00)+0.50*scale(feature_target_share,0.12,0.30)","0.55*scale(feature_ppg_per_target,0.80,2.50)+0.45*scale(feature_ppg,6.00,18.00)","0.40*scale(48.00-feature_finish,0.00,36.00)+0.60*scale(expected_ppg_baseline-feature_ppg,0.00,4.00)","0.65*scale(feature_games_played,8.00,17.00)+0.35*scale(feature_total_ppr,80.00,260.00)","0.50*scale(feature_ppg_minus_cohort_expected,0.00,6.00)+0.30*scale(expected_finish_from_cohort-feature_finish,0.00,36.00)+0.20*scale(cohort_player_count,1.00,18.00)","0.20*scale(route_participation_season_avg,0.50,0.95)+0.20*scale(target_share_season_avg,0.10,0.32)+0.15*scale(air_yard_share_season_avg,0.08,0.38)+0.15*scale(routes_consistency_index,0.60,0.95)+0.15*scale(target_earning_index,0.12,0.45)+0.15*scale(opportunity_concentration_score,0.18,0.56)","0.50*scale(12.00-feature_finish,0.00,12.00)+0.25*scale(11.00-feature_games_played,0.00,11.00)+0.25*scale(0.14-feature_target_share,0.00,0.14)"
00-0036326,C.Claypool,2023,2024,WR,0.0000,7.5490,0.0000,0.0000,0.0000,0.0000,34.0909,-0.9131,wr_signal_score_role_balanced_v1,"0.50*scale(feature_targets_per_game,4.00,10.00)+0.50*scale(feature_target_share,0.12,0.30)","0.55*scale(feature_ppg_per_target,0.80,2.50)+0.45*scale(feature_ppg,6.00,18.00)","0.40*scale(48.00-feature_finish,0.00,36.00)+0.60*scale(expected_ppg_baseline-feature_ppg,0.00,4.00)","0.65*scale(feature_games_played,8.00,17.00)+0.35*scale(feature_total_ppr,80.00,260.00)","0.50*scale(feature_ppg_minus_cohort_expected,0.00,6.00)+0.30*scale(expected_finish_from_cohort-feature_finish,0.00,36.00)+0.20*scale(cohort_player_count,1.00,18.00)","0.20*scale(route_participation_season_avg,0.50,0.95)+0.20*scale(target_share_season_avg,0.10,0.32)+0.15*scale(air_yard_share_season_avg,0.08,0.38)+0.15*scale(routes_consistency_index,0.60,0.95)+0.15*scale(target_earning_index,0.12,0.45)+0.15*scale(opportunity_concentration_score,0.18,0.56)","0.50*scale(12.00-feature_finish,0.00,12.00)+0.25*scale(11.00-feature_games_played,0.00,11.00)+0.25*scale(0.14-feature_target_share,0.00,0.14)"
00-0036133,J.Proche,2023,2024,WR,0.0000,0.0000,7.5000,0.0000,0.0000,0.0000,45.4545,-1.5273,wr_signal_score_role_balanced_v1,"0.50*scale(feature_targets_per_game,4.00,10.00)+0.50*scale(feature_target_share,0.12,0.30)","0.55*scale(feature_ppg_per_target,0.80,2.50)+0.45*scale(feature_ppg,6.00,18.00)","0.40*scale(48.00-feature_finish,0.00,36.00)+0.60*scale(expected_ppg_baseline-feature_ppg,0.00,4.00)","0.65*scale(feature_games_played,8.00,17.00)+0.35*scale(feature_total_ppr,80.00,260.00)","0.50*scale(feature_ppg_minus_cohort_expected,0.00,6.00)+0.30*scale(expected_finish_from_cohort-feature_finish,0.00,36.00)+0.20*scale(cohort_player_count,1.00,18.00)","0.20*scale(route_participation_season_avg,0.50,0.95)+0.20*scale(target_share_season_avg,0.10,0.32)+0.15*scale(air_yard_share_season_avg,0.08,0.38)+0.15*scale(routes_consistency_index,0.60,0.95)+0.15*scale(target_earning_index,0.12,0.45)+0.15*scale(opportunity_concentration_score,0.18,0.56)","0.50*scale(12.00-feature_finish,0.00,12.00)+0.25*scale(11.00-feature_games_played,0.00,11.00)+0.25*scale(0.14-feature_target_share,0.00,0.14)"
00-0031868,D.Byrd,2023,2024,WR,0.0000,0.0000,6.0000,0.0000,0.0000,0.0000,47.7273,-1.9036,wr_signal_score_role_balanced_v1,"0.50*scale(feature_targets_per_game,4.00,10.00)+0.50*scale(feature_target_share,0.12,0.30)","0.55*scale(feature_ppg_per_target,0.80,2.50)+0.45*scale(feature_ppg,6.00,18.00)","0.40*scale(48.00-feature_finish,0.00,36.00)+0.60*scale(expected_ppg_baseline-feature_ppg,0.00,4.00)","0.65*scale(feature_games_played,8.00,17.00)+0.35*scale(feature_total_ppr,80.00,260.00)","0.50*scale(feature_ppg_minus_cohort_expected,0.00,6.00)+0.30*scale(expected_finish_from_cohort-feature_finish,0.00,36.00)+0.20*scale(cohort_player_count,1.00,18.00)","0.20*scale(route_participation_season_avg,0.50,0.95)+0.20*scale(target_share_season_avg,0.10,0.32)+0.15*scale(air_yard_share_season_avg,0.08,0.38)+0.15*scale(routes_consistency_index,0.60,0.95)+0.15*scale(target_earning_index,0.12,0.45)+0.15*scale(opportunity_concentration_score,0.18,0.56)","0.50*scale(12.00-feature_finish,0.00,12.00)+0.25*scale(11.00-feature_games_played,0.00,11.00)+0.25*scale(0.14-feature_target_share,0.00,0.14)"
00-0032200,T.Montgomery,2023,2024,WR,0.0000,0.8086,0.0000,0.0000,0.0000,0.0000,34.0909,-1.9242,wr_signal_score_role_balanced_v1,"0.50*scale(feature_targets_per_game,4.00,10.00)+0.50*scale(feature_target_share,0.12,0.30)","0.55*scale(feature_ppg_per_target,0.80,2.50)+0.45*scale(feature_ppg,6.00,18.00)","0.40*scale(48.00-feature_finish,0.00,36.00)+0.60*scale(expected_ppg_baseline-feature_ppg,0.00,4.00)","0.65*scale(feature_games_played,8.00,17.00)+0.35*scale(feature_total_ppr,80.00,260.00)","0.50*scale(feature_ppg_minus_cohort_expected,0.00,6.00)+0.30*scale(expected_finish_from_cohort-feature_finish,0.00,36.00)+0.20*scale(cohort_player_count,1.00,18.00)","0.20*scale(route_participation_season_avg,0.50,0.95)+0.20*scale(target_share_season_avg,0.10,0.32)+0.15*scale(air_yard_share_season_avg,0.08,0.38)+0.15*scale(routes_consistency_index,0.60,0.95)+0.15*scale(target_earning_index,0.12,0.45)+0.15*scale(opportunity_concentration_score,0.18,0.56)","0.50*scale(12.00-feature_finish,0.00,12.00)+0.25*scale(11.00-feature_games_played,0.00,11.00)+0.25*scale(0.14-feature_target_share,0.00,0.14)"
00-0036331,D.Duvernay,2023,2024,WR,0.0000,0.3595,0.0000,0.0000,0.0000,0.0000,36.3636,-2.1279,wr_signal_score_role_balanced_v1,"0.50*scale(feature_targets_per_game,4.00,10.00)+0.50*scale(feature_target_share,0.12,0.30)","0.55*scale(feature_ppg_per_target,0.80,2.50)+0.45*scale(feature_ppg,6.00,18.00)","0.40*scale(48.00-feature_finish,0.00,36.00)+0.60*scale(expected_ppg_baseline-feature_ppg,0.00,4.00)","0.65*scale(feature_games_played,8.00,17.00)+0.35*scale(feature_total_ppr,80.00,260.00)","0.50*scale(feature_ppg_minus_cohort_expected,0.00,6.00)+0.30*scale(expected_finish_from_cohort-feature_finish,0.00,36.00)+0.20*scale(cohort_player_count,1.00,18.00)","0.20*scale(route_participation_season_avg,0.50,0.95)+0.20*scale(target_share_season_avg,0.10,0.32)+0.15*scale(air_yard_share_season_avg,0.08,0.38)+0.15*scale(routes_consistency_index,0.60,0.95)+0.15*scale(target_earning_index,0.12,0.45)+0.15*scale(opportunity_concentration_score,0.18,0.56)","0.50*scale(12.00-feature_finish,0.00,12.00)+0.25*scale(11.00-feature_games_played,0.00,11.00)+0.25*scale(0.14-feature_target_share,0.00,0.14)"
00-0033292,T.Taylor,2023,2024,WR,0.0000,0.0000,2.2995,0.0000,0.0000,0.0000,43.1818,-2.2230,wr_signal_score_role_balanced_v1,"0.50*scale(feature_targets_per_game,4.00,10.00)+0.50*scale(feature_target_share,0.12,0.30)","0.55*scale(feature_ppg_per_target,0.80,2.50)+0.45*scale(feature_ppg,6.00,18.00)","0.40*scale(48.00-feature_finish,0.00,36.00)+0.60*scale(expected_ppg_baseline-feature_ppg,0.00,4.00)","0.65*scale(feature_games_played,8.00,17.00)+0.35*scale(feature_total_ppr,80.00,260.00)","0.50*scale(feature_ppg_minus_cohort_expected,0.00,6.00)+0.30*scale(expected_finish_from_cohort-feature_finish,0.00,36.00)+0.20*scale(cohort_player_count,1.00,18.00)","0.20*scale(route_participation_season_avg,0.50,0.95)+0.20*scale(target_share_season_avg,0.10,0.32)+0.15*scale(air_yard_share_season_avg,0.08,0.38)+0.15*scale(routes_consistency_index,0.60,0.95)+0.15*scale(target_earning_index,0.12,0.45)+0.15*scale(opportunity_concentration_score,0.18,0.56)","0.50*scale(12.00-feature_finish,0.00,12.00)+0.25*scale(11.00-feature_games_played,0.00,11.00)+0.25*scale(0.14-feature_target_share,0.00,0.14)"
00-0029293,M.Jones,2023,2024,WR,0.0000,0.0000,0.1875,0.0000,0.0000,0.0000,40.9091,-2.4245,wr_signal_score_role_balanced_v1,"0.50*scale(feature_targets_per_game,4.00,10.00)+0.50*scale(feature_target_share,0.12,0.30)","0.55*scale(feature_ppg_per_target,0.80,2.50)+0.45*scale(feature_ppg,6.00,18.00)","0.40*scale(48.00-feature_finish,0.00,36.00)+0.60*scale(expected_ppg_baseline-feature_ppg,0.00,4.00)","0.65*scale(feature_games_played,8.00,17.00)+0.35*scale(feature_total_ppr,80.00,260.00)","0.50*scale(feature_ppg_minus_cohort_expected,0.00,6.00)+0.30*scale(expected_finish_from_cohort-feature_finish,0.00,36.00)+0.20*scale(cohort_player_count,1.00,18.00)","0.20*scale(route_participation_season_avg,0.50,0.95)+0.20*scale(target_share_season_avg,0.10,0.32)+0.15*scale(air_yard_share_season_avg,0.08,0.38)+0.15*scale(routes_consistency_index,0.60,0.95)+0.15*scale(target_earning_index,0.12,0.45)+0.15*scale(opportunity_concentration_score,0.18,0.56)","0.50*scale(12.00-feature_finish,0.00,12.00)+0.25*scale(11.00-feature_games_played,0.00,11.00)+0.25*scale(0.14-feature_target_share,0.00,0.14)"
00-0032951,L.Treadwell,2023,2024,WR,0.0000,2.1569,0.0000,0.0000,0.0000,0.0000,47.7273,-2.5401,wr_signal_score_role_balanced_v1,"0.50*scale(feature_targets_per_game,4.00,10.00)+0.50*scale(feature_target_share,0.12,0.30)","0.55*scale(feature_ppg_per_target,0.80,2.50)+0.45*scale(feature_ppg,6.00,18.00)","0.40*scale(48.00-feature_finish,0.00,36.00)+0.60*scale(expected_ppg_baseline-feature_ppg,0.00,4.00)","0.65*scale(feature_games_played,8.00,17.00)+0.35*scale(feature_total_ppr,80.00,260.00)","0.50*scale(feature_ppg_minus_cohort_expected,0.00,6.00)+0.30*scale(expected_finish_from_cohort-feature_finish,0.00,36.00)+0.20*scale(cohort_player_count,1.00,18.00)","0.20*scale(route_participation_season_avg,0.50,0.95)+0.20*scale(target_share_season_avg,0.10,0.32)+0.15*scale(air_yard_share_season_avg,0.08,0.38)+0.15*scale(routes_consistency_index,0.60,0.95)+0.15*scale(target_earning_index,0.12,0.45)+0.15*scale(opportunity_concentration_score,0.18,0.56)","0.50*scale(12.00-feature_finish,0.00,12.00)+0.25*scale(11.00-feature_games_played,0.00,11.00)+0.25*scale(0.14-feature_target_share,0.00,0.14)"
00-0036900,J.Chase,2024,2025,WR,50.0000,93.6220,40.0000,100.0000,100.0000,0.0000,70.8333,59.1933,wr_signal_score_role_balanced_v1,"0.50*scale(feature_targets_per_game,4.00,10.00)+0.50*scale(feature_target_share,0.12,0.30)","0.55*scale(feature_ppg_per_target,0.80,2.50)+0.45*scale(feature_ppg,6.00,18.00)","0.40*scale(48.00-feature_finish,0.00,36.00)+0.60*scale(expected_ppg_baseline-feature_ppg,0.00,4.00)","0.65*scale(feature_games_played,8.00,17.00)+0.35*scale(feature_total_ppr,80.00,260.00)","0.50*scale(feature_ppg_minus_cohort_expected,0.00,6.00)+0.30*scale(expected_finish_from_cohort-feature_finish,0.00,36.00)+0.20*scale(cohort_player_count,1.00,18.00)","0.20*scale(route_participation_season_avg,0.50,0.95)+0.20*scale(target_share_season_avg,0.10,0.32)+0.15*scale(air_yard_share_season_avg,0.08,0.38)+0.15*scale(routes_consistency_index,0.60,0.95)+0.15*scale(target_earning_index,0.12,0.45)+0.15*scale(opportunity_concentration_score,0.18,0.56)","0.50*scale(12.00-feature_finish,0.00,12.00)+0.25*scale(11.00-feature_games_played,0.00,11.00)+0.25*scale(0.14-feature_target_share,0.00,0.14)"
00-0036322,J.Jefferson,2024,2025,WR,42.1566,85.8153,40.0000,100.0000,100.0000,0.0000,54.1667,57.1399,wr_signal_score_role_balanced_v1,"0.50*scale(feature_targets_per_game,4.00,10.00)+0.50*scale(feature_target_share,0.12,0.30)","0.55*scale(feature_ppg_per_target,0.80,2.50)+0.45*scale(feature_ppg,6.00,18.00)","0.40*scale(48.00-feature_finish,0.00,36.00)+0.60*scale(expected_ppg_baseline-feature_ppg,0.00,4.00)","0.65*scale(feature_games_played,8.00,17.00)+0.35*scale(feature_total_ppr,80.00,260.00)","0.50*scale(feature_ppg_minus_cohort_expected,0.00,6.00)+0.30*scale(expected_finish_from_cohort-feature_finish,0.00,36.00)+0.20*scale(cohort_player_count,1.00,18.00)","0.20*scale(route_participation_season_avg,0.50,0.95)+0.20*scale(target_share_season_avg,0.10,0.32)+0.15*scale(air_yard_share_season_avg,0.08,0.38)+0.15*scale(routes_consistency_index,0.60,0.95)+0.15*scale(target_earning_index,0.12,0.45)+0.15*scale(opportunity_concentration_score,0.18,0.56)","0.50*scale(12.00-feature_finish,0.00,12.00)+0.25*scale(11.00-feature_games_played,0.00,11.00)+0.25*scale(0.14-feature_target_share,0.00,0.14)"
00-0036963,A.St. Brown,2024,2025,WR,35.7841,91.6664,40.0000,100.0000,100.0000,0.0000,50.0000,56.7381,wr_signal_score_role_balanced_v1,"0.50*scale(feature_targets_per_game,4.00,10.00)+0.50*scale(feature_target_share,0.12,0.30)","0.55*scale(feature_ppg_per_target,0.80,2.50)+0.45*scale(feature_ppg,6.00,18.00)","0.40*scale(48.00-feature_finish,0.00,36.00)+0.60*scale(expected_ppg_baseline-feature_ppg,0.00,4.00)","0.65*scale(feature_games_played,8.00,17.00)+0.35*scale(feature_total_ppr,80.00,260.00)","0.50*scale(feature_ppg_minus_cohort_expected,0.00,6.00)+0.30*scale(expected_finish_from_cohort-feature_finish,0.00,36.00)+0.20*scale(cohort_player_count,1.00,18.00)","0.20*scale(route_participation_season_avg,0.50,0.95)+0.20*scale(target_share_season_avg,0.10,0.32)+0.15*scale(air_yard_share_season_avg,0.08,0.38)+0.15*scale(routes_consistency_index,0.60,0.95)+0.15*scale(target_earning_index,0.12,0.45)+0.15*scale(opportunity_concentration_score,0.18,0.56)","0.50*scale(12.00-feature_finish,0.00,12.00)+0.25*scale(11.00-feature_games_played,0.00,11.00)+0.25*scale(0.14-feature_target_share,0.00,0.14)"
00-0037238,D.London,2024,2025,WR,44.1175,71.0569,36.6667,100.0000,100.0000,0.0000,25.0000,56.6134,wr_signal_score_role_balanced_v1,"0.50*scale(feature_targets_per_game,4.00,10.00)+0.50*scale(feature_target_share,0.12,0.30)","0.55*scale(feature_ppg_per_target,0.80,2.50)+0.45*scale(feature_ppg,6.00,18.00)","0.40*scale(48.00-feature_finish,0.00,36.00)+0.60*scale(expected_ppg_baseline-feature_ppg,0.00,4.00)","0.65*scale(feature_games_played,8.00,17.00)+0.35*scale(feature_total_ppr,80.00,260.00)","0.50*scale(feature_ppg_minus_cohort_expected,0.00,6.00)+0.30*scale(expected_finish_from_cohort-feature_finish,0.00,36.00)+0.20*scale(cohort_player_count,1.00,18.00)","0.20*scale(route_participation_season_avg,0.50,0.95)+0.20*scale(target_share_season_avg,0.10,0.32)+0.15*scale(air_yard_share_season_avg,0.08,0.38)+0.15*scale(routes_consistency_index,0.60,0.95)+0.15*scale(target_earning_index,0.12,0.45)+0.15*scale(opportunity_concentration_score,0.18,0.56)","0.50*scale(12.00-feature_finish,0.00,12.00)+0.25*scale(11.00-feature_games_played,0.00,11.00)+0.25*scale(0.14-feature_target_share,0.00,0.14)"
00-0036358,C.Lamb,2024,2025,WR,50.0000,73.5321,40.0000,85.5556,100.0000,0.0000,37.5000,56.3020,wr_signal_score_role_balanced_v1,"0.50*scale(feature_targets_per_game,4.00,10.00)+0.50*scale(feature_target_share,0.12,0.30)","0.55*scale(feature_ppg_per_target,0.80,2.50)+0.45*scale(feature_ppg,6.00,18.00)","0.40*scale(48.00-feature_finish,0.00,36.00)+0.60*scale(expected_ppg_baseline-feature_ppg,0.00,4.00)","0.65*scale(feature_games_played,8.00,17.00)+0.35*scale(feature_total_ppr,80.00,260.00)","0.50*scale(feature_ppg_minus_cohort_expected,0.00,6.00)+0.30*scale(expected_finish_from_cohort-feature_finish,0.00,36.00)+0.20*scale(cohort_player_count,1.00,18.00)","0.20*scale(route_participation_season_avg,0.50,0.95)+0.20*scale(target_share_season_avg,0.10,0.32)+0.15*scale(air_yard_share_season_avg,0.08,0.38)+0.15*scale(routes_consistency_index,0.60,0.95)+0.15*scale(target_earning_index,0.12,0.45)+0.15*scale(opportunity_concentration_score,0.18,0.56)","0.50*scale(12.00-feature_finish,0.00,12.00)+0.25*scale(11.00-feature_games_played,0.00,11.00)+0.25*scale(0.14-feature_target_share,0.00,0.14)"
00-0039893,B.Thomas,2024,2025,WR,31.8625,83.3495,38.8889,100.0000,100.0000,0.0000,25.0000,55.8716,wr_signal_score_role_balanced_v1,"0.50*scale(feature_targets_per_game,4.00,10.00)+0.50*scale(feature_target_share,0.12,0.30)","0.55*scale(feature_ppg_per_target,0.80,2.50)+0.45*scale(feature_ppg,6.00,18.00)","0.40*scale(48.00-feature_finish,0.00,36.00)+0.60*scale(expected_ppg_baseline-feature_ppg,0.00,4.00)","0.65*scale(feature_games_played,8.00,17.00)+0.35*scale(feature_total_ppr,80.00,260.00)","0.50*scale(feature_ppg_minus_cohort_expected,0.00,6.00)+0.30*scale(expected_finish_from_cohort-feature_finish,0.00,36.00)+0.20*scale(cohort_player_count,1.00,18.00)","0.20*scale(route_participation_season_avg,0.50,0.95)+0.20*scale(target_share_season_avg,0.10,0.32)+0.15*scale(air_yard_share_season_avg,0.08,0.38)+0.15*scale(routes_consistency_index,0.60,0.95)+0.15*scale(target_earning_index,0.12,0.45)+0.15*scale(opportunity_concentration_score,0.18,0.56)","0.50*scale(12.00-feature_finish,0.00,12.00)+0.25*scale(11.00-feature_games_played,0.00,11.00)+0.25*scale(0.14-feature_target_share,0.00,0.14)"
00-0039337,M.Nabers,2024,2025,WR,50.0000,71.1870,40.0000,85.5556,100.0000,0.0000,41.6667,55.7003,wr_signal_score_role_balanced_v1,"0.50*scale(feature_targets_per_game,4.00,10.00)+0.50*scale(feature_target_share,0.12,0.30)","0.55*scale(feature_ppg_per_target,0.80,2.50)+0.45*scale(feature_ppg,6.00,18.00)","0.40*scale(48.00-feature_finish,0.00,36.00)+0.60*scale(expected_ppg_baseline-feature_ppg,0.00,4.00)","0.65*scale(feature_games_played,8.00,17.00)+0.35*scale(feature_total_ppr,80.00,260.00)","0.50*scale(feature_ppg_minus_cohort_expected,0.00,6.00)+0.30*scale(expected_finish_from_cohort-feature_finish,0.00,36.00)+0.20*scale(cohort_player_count,1.00,18.00)","0.20*scale(route_participation_season_avg,0.50,0.95)+0.20*scale(target_share_season_avg,0.10,0.32)+0.15*scale(air_yard_share_season_avg,0.08,0.38)+0.15*scale(routes_consistency_index,0.60,0.95)+0.15*scale(target_earning_index,0.12,0.45)+0.15*scale(opportunity_concentration_score,0.18,0.56)","0.50*scale(12.00-feature_finish,0.00,12.00)+0.25*scale(11.00-feature_games_played,0.00,11.00)+0.25*scale(0.14-feature_target_share,0.00,0.14)"
00-0031381,D.Adams,2024,2025,WR,50.0000,71.6188,40.0000,74.6972,100.0000,0.0000,29.1667,55.1035,wr_signal_score_role_balanced_v1,"0.50*scale(feature_targets_per_game,4.00,10.00)+0.50*scale(feature_target_share,0.12,0.30)","0.55*scale(feature_ppg_per_target,0.80,2.50)+0.45*scale(feature_ppg,6.00,18.00)","0.40*scale(48.00-feature_finish,0.00,36.00)+0.60*scale(expected_ppg_baseline-feature_ppg,0.00,4.00)","0.65*scale(feature_games_played,8.00,17.00)+0.35*scale(feature_total_ppr,80.00,260.00)","0.50*scale(feature_ppg_minus_cohort_expected,0.00,6.00)+0.30*scale(expected_finish_from_cohort-feature_finish,0.00,36.00)+0.20*scale(cohort_player_count,1.00,18.00)","0.20*scale(route_participation_season_avg,0.50,0.95)+0.20*scale(target_share_season_avg,0.10,0.32)+0.15*scale(air_yard_share_season_avg,0.08,0.38)+0.15*scale(routes_consistency_index,0.60,0.95)+0.15*scale(target_earning_index,0.12,0.45)+0.15*scale(opportunity_concentration_score,0.18,0.56)","0.50*scale(12.00-feature_finish,0.00,12.00)+0.25*scale(11.00-feature_games_played,0.00,11.00)+0.25*scale(0.14-feature_target_share,0.00,0.14)"
00-0035659,T.McLaurin,2024,2025,WR,24.0200,84.7428,35.5556,100.0000,100.0000,0.0000,25.0000,53.6651,wr_signal_score_role_balanced_v1,"0.50*scale(feature_targets_per_game,4.00,10.00)+0.50*scale(feature_target_share,0.12,0.30)","0.55*scale(feature_ppg_per_target,0.80,2.50)+0.45*scale(feature_ppg,6.00,18.00)","0.40*scale(48.00-feature_finish,0.00,36.00)+0.60*scale(expected_ppg_baseline-feature_ppg,0.00,4.00)","0.65*scale(feature_games_played,8.00,17.00)+0.35*scale(feature_total_ppr,80.00,260.00)","0.50*scale(feature_ppg_minus_cohort_expected,0.00,6.00)+0.30*scale(expected_finish_from_cohort-feature_finish,0.00,36.00)+0.20*scale(cohort_player_count,1.00,18.00)","0.20*scale(route_participation_season_avg,0.50,0.95)+0.20*scale(target_share_season_avg,0.10,0.32)+0.15*scale(air_yard_share_season_avg,0.08,0.38)+0.15*scale(routes_consistency_index,0.60,0.95)+0.15*scale(target_earning_index,0.12,0.45)+0.15*scale(opportunity_concentration_score,0.18,0.56)","0.50*scale(12.00-feature_finish,0.00,12.00)+0.25*scale(11.00-feature_games_played,0.00,11.00)+0.25*scale(0.14-feature_target_share,0.00,0.14)"
00-0031408,M.Evans,2024,2025,WR,32.1425,86.7167,40.0000,74.5222,100.0000,0.0000,25.0000,53.3096,wr_signal_score_role_balanced_v1,"0.50*scale(feature_targets_per_game,4.00,10.00)+0.50*scale(feature_target_share,0.12,0.30)","0.55*scale(feature_ppg_per_target,0.80,2.50)+0.45*scale(feature_ppg,6.00,18.00)","0.40*scale(48.00-feature_finish,0.00,36.00)+0.60*scale(expected_ppg_baseline-feature_ppg,0.00,4.00)","0.65*scale(feature_games_played,8.00,17.00)+0.35*scale(feature_total_ppr,80.00,260.00)","0.50*scale(feature_ppg_minus_cohort_expected,0.00,6.00)+0.30*scale(expected_finish_from_cohort-feature_finish,0.00,36.00)+0.20*scale(cohort_player_count,1.00,18.00)","0.20*scale(route_participation_season_avg,0.50,0.95)+0.20*scale(target_share_season_avg,0.10,0.32)+0.15*scale(air_yard_share_season_avg,0.08,0.38)+0.15*scale(routes_consistency_index,0.60,0.95)+0.15*scale(target_earning_index,0.12,0.45)+0.15*scale(opportunity_concentration_score,0.18,0.56)","0.50*scale(12.00-feature_finish,0.00,12.00)+0.25*scale(11.00-feature_games_played,0.00,11.00)+0.25*scale(0.14-feature_target_share,0.00,0.14)"
00-0037740,G.Wilson,2024,2025,WR,41.6666,60.4497,28.8889,98.4250,100.0000,0.0000,25.0000,52.9849,wr_signal_score_role_balanced_v1,"0.50*scale(feature_targets_per_game,4.00,10.00)+0.50*scale(feature_target_share,0.12,0.30)","0.55*scale(feature_ppg_per_target,0.80,2.50)+0.45*scale(feature_ppg,6.00,18.00)","0.40*scale(48.00-feature_finish,0.00,36.00)+0.60*scale(expected_ppg_baseline-feature_ppg,0.00,4.00)","0.65*scale(feature_games_played,8.00,17.00)+0.35*scale(feature_total_ppr,80.00,260.00)","0.50*scale(feature_ppg_minus_cohort_expected,0.00,6.00)+0.30*scale(expected_finish_from_cohort-feature_finish,0.00,36.00)+0.20*scale(cohort_player_count,1.00,18.00)","0.20*scale(route_participation_season_avg,0.50,0.95)+0.20*scale(target_share_season_avg,0.10,0.32)+0.15*scale(air_yard_share_season_avg,0.08,0.38)+0.15*scale(routes_consistency_index,0.60,0.95)+0.15*scale(target_earning_index,0.12,0.45)+0.15*scale(opportunity_concentration_score,0.18,0.56)","0.50*scale(12.00-feature_finish,0.00,12.00)+0.25*scale(11.00-feature_games_played,0.00,11.00)+0.25*scale(0.14-feature_target_share,0.00,0.14)"
00-0038543,J.Smith-Njigba,2024,2025,WR,33.8233,67.1735,30.0000,98.6389,100.0000,0.0000,25.0000,52.3167,wr_signal_score_role_balanced_v1,"0.50*scale(feature_targets_per_game,4.00,10.00)+0.50*scale(feature_target_share,0.12,0.30)","0.55*scale(feature_ppg_per_target,0.80,2.50)+0.45*scale(feature_ppg,6.00,18.00)","0.40*scale(48.00-feature_finish,0.00,36.00)+0.60*scale(expected_ppg_baseline-feature_ppg,0.00,4.00)","0.65*scale(feature_games_played,8.00,17.00)+0.35*scale(feature_total_ppr,80.00,260.00)","0.50*scale(feature_ppg_minus_cohort_expected,0.00,6.00)+0.30*scale(expected_finish_from_cohort-feature_finish,0.00,36.00)+0.20*scale(cohort_player_count,1.00,18.00)","0.20*scale(route_participation_season_avg,0.50,0.95)+0.20*scale(target_share_season_avg,0.10,0.32)+0.15*scale(air_yard_share_season_avg,0.08,0.38)+0.15*scale(routes_consistency_index,0.60,0.95)+0.15*scale(target_earning_index,0.12,0.45)+0.15*scale(opportunity_concentration_score,0.18,0.56)","0.50*scale(12.00-feature_finish,0.00,12.00)+0.25*scale(11.00-feature_games_played,0.00,11.00)+0.25*scale(0.14-feature_target_share,0.00,0.14)"
00-0036410,T.Higgins,2024,2025,WR,42.3608,85.0407,40.0000,56.5194,100.0000,0.0000,45.8333,51.9202,wr_signal_score_role_balanced_v1,"0.50*scale(feature_targets_per_game,4.00,10.00)+0.50*scale(feature_target_share,0.12,0.30)","0.55*scale(feature_ppg_per_target,0.80,2.50)+0.45*scale(feature_ppg,6.00,18.00)","0.40*scale(48.00-feature_finish,0.00,36.00)+0.60*scale(expected_ppg_baseline-feature_ppg,0.00,4.00)","0.65*scale(feature_games_played,8.00,17.00)+0.35*scale(feature_total_ppr,80.00,260.00)","0.50*scale(feature_ppg_minus_cohort_expected,0.00,6.00)+0.30*scale(expected_finish_from_cohort-feature_finish,0.00,36.00)+0.20*scale(cohort_player_count,1.00,18.00)","0.20*scale(route_participation_season_avg,0.50,0.95)+0.20*scale(target_share_season_avg,0.10,0.32)+0.15*scale(air_yard_share_season_avg,0.08,0.38)+0.15*scale(routes_consistency_index,0.60,0.95)+0.15*scale(target_earning_index,0.12,0.45)+0.15*scale(opportunity_concentration_score,0.18,0.56)","0.50*scale(12.00-feature_finish,0.00,12.00)+0.25*scale(11.00-feature_games_played,0.00,11.00)+0.25*scale(0.14-feature_target_share,0.00,0.14)"
00-0034348,C.Sutton,2024,2025,WR,36.9791,65.5260,31.1111,88.9472,100.0000,0.0000,25.0000,51.7448,wr_signal_score_role_balanced_v1,"0.50*scale(feature_targets_per_game,4.00,10.00)+0.50*scale(feature_target_share,0.12,0.30)","0.55*scale(feature_ppg_per_target,0.80,2.50)+0.45*scale(feature_ppg,6.00,18.00)","0.40*scale(48.00-feature_finish,0.00,36.00)+0.60*scale(expected_ppg_baseline-feature_ppg,0.00,4.00)","0.65*scale(feature_games_played,8.00,17.00)+0.35*scale(feature_total_ppr,80.00,260.00)","0.50*scale(feature_ppg_minus_cohort_expected,0.00,6.00)+0.30*scale(expected_finish_from_cohort-feature_finish,0.00,36.00)+0.20*scale(cohort_player_count,1.00,18.00)","0.20*scale(route_participation_season_avg,0.50,0.95)+0.20*scale(target_share_season_avg,0.10,0.32)+0.15*scale(air_yard_share_season_avg,0.08,0.38)+0.15*scale(routes_consistency_index,0.60,0.95)+0.15*scale(target_earning_index,0.12,0.45)+0.15*scale(opportunity_concentration_score,0.18,0.56)","0.50*scale(12.00-feature_finish,0.00,12.00)+0.25*scale(11.00-feature_games_played,0.00,11.00)+0.25*scale(0.14-feature_target_share,0.00,0.14)"
00-0036407,J.Jeudy,2024,2025,WR,37.7450,58.5080,25.5556,96.2861,100.0000,0.0000,25.0000,50.9411,wr_signal_score_role_balanced_v1,"0.50*scale(feature_targets_per_game,4.00,10.00)+0.50*scale(feature_target_share,0.12,0.30)","0.55*scale(feature_ppg_per_target,0.80,2.50)+0.45*scale(feature_ppg,6.00,18.00)","0.40*scale(48.00-feature_finish,0.00,36.00)+0.60*scale(expected_ppg_baseline-feature_ppg,0.00,4.00)","0.65*scale(feature_games_played,8.00,17.00)+0.35*scale(feature_total_ppr,80.00,260.00)","0.50*scale(feature_ppg_minus_cohort_expected,0.00,6.00)+0.30*scale(expected_finish_from_cohort-feature_finish,0.00,36.00)+0.20*scale(cohort_player_count,1.00,18.00)","0.20*scale(route_participation_season_avg,0.50,0.95)+0.20*scale(target_share_season_avg,0.10,0.32)+0.15*scale(air_yard_share_season_avg,0.08,0.38)+0.15*scale(routes_consistency_index,0.60,0.95)+0.15*scale(target_earning_index,0.12,0.45)+0.15*scale(opportunity_concentration_score,0.18,0.56)","0.50*scale(12.00-feature_finish,0.00,12.00)+0.25*scale(11.00-feature_games_played,0.00,11.00)+0.25*scale(0.14-feature_target_share,0.00,0.14)"
00-0036554,N.Collins,2024,2025,WR,35.4166,86.2537,40.0000,54.2833,100.0000,0.0000,33.3333,50.8949,wr_signal_score_role_balanced_v1,"0.50*scale(feature_targets_per_game,4.00,10.00)+0.50*scale(feature_target_share,0.12,0.30)","0.55*scale(feature_ppg_per_target,0.80,2.50)+0.45*scale(feature_ppg,6.00,18.00)","0.40*scale(48.00-feature_finish,0.00,36.00)+0.60*scale(expected_ppg_baseline-feature_ppg,0.00,4.00)","0.65*scale(feature_games_played,8.00,17.00)+0.35*scale(feature_total_ppr,80.00,260.00)","0.50*scale(feature_ppg_minus_cohort_expected,0.00,6.00)+0.30*scale(expected_finish_from_cohort-feature_finish,0.00,36.00)+0.20*scale(cohort_player_count,1.00,18.00)","0.20*scale(route_participation_season_avg,0.50,0.95)+0.20*scale(target_share_season_avg,0.10,0.32)+0.15*scale(air_yard_share_season_avg,0.08,0.38)+0.15*scale(routes_consistency_index,0.60,0.95)+0.15*scale(target_earning_index,0.12,0.45)+0.15*scale(opportunity_concentration_score,0.18,0.56)","0.50*scale(12.00-feature_finish,0.00,12.00)+0.25*scale(11.00-feature_games_played,0.00,11.00)+0.25*scale(0.14-feature_target_share,0.00,0.14)"
00-0039915,L.McConkey,2024,2025,WR,25.0000,77.6665,32.2222,89.0639,100.0000,0.0000,25.0000,50.8838,wr_signal_score_role_balanced_v1,"0.50*scale(feature_targets_per_game,4.00,10.00)+0.50*scale(feature_target_share,0.12,0.30)","0.55*scale(feature_ppg_per_target,0.80,2.50)+0.45*scale(feature_ppg,6.00,18.00)","0.40*scale(48.00-feature_finish,0.00,36.00)+0.60*scale(expected_ppg_baseline-feature_ppg,0.00,4.00)","0.65*scale(feature_games_played,8.00,17.00)+0.35*scale(feature_total_ppr,80.00,260.00)","0.50*scale(feature_ppg_minus_cohort_expected,0.00,6.00)+0.30*scale(expected_finish_from_cohort-feature_finish,0.00,36.00)+0.20*scale(cohort_player_count,1.00,18.00)","0.20*scale(route_participation_season_avg,0.50,0.95)+0.20*scale(target_share_season_avg,0.10,0.32)+0.15*scale(air_yard_share_season_avg,0.08,0.38)+0.15*scale(routes_consistency_index,0.60,0.95)+0.15*scale(target_earning_index,0.12,0.45)+0.15*scale(opportunity_concentration_score,0.18,0.56)","0.50*scale(12.00-feature_finish,0.00,12.00)+0.25*scale(11.00-feature_games_played,0.00,11.00)+0.25*scale(0.14-feature_target_share,0.00,0.14)"
00-0035676,A.Brown,2024,2025,WR,28.8458,86.5291,37.7778,62.7306,100.0000,0.0000,25.0000,50.6018,wr_signal_score_role_balanced_v1,"0.50*scale(feature_targets_per_game,4.00,10.00)+0.50*scale(feature_target_share,0.12,0.30)","0.55*scale(feature_ppg_per_target,0.80,2.50)+0.45*scale(feature_ppg,6.00,18.00)","0.40*scale(48.00-feature_finish,0.00,36.00)+0.60*scale(expected_ppg_baseline-feature_ppg,0.00,4.00)","0.65*scale(feature_games_played,8.00,17.00)+0.35*scale(feature_total_ppr,80.00,260.00)","0.50*scale(feature_ppg_minus_cohort_expected,0.00,6.00)+0.30*scale(expected_finish_from_cohort-feature_finish,0.00,36.00)+0.20*scale(cohort_player_count,1.00,18.00)","0.20*scale(route_participation_season_avg,0.50,0.95)+0.20*scale(target_share_season_avg,0.10,0.32)+0.15*scale(air_yard_share_season_avg,0.08,0.38)+0.15*scale(routes_consistency_index,0.60,0.95)+0.15*scale(target_earning_index,0.12,0.45)+0.15*scale(opportunity_concentration_score,0.18,0.56)","0.50*scale(12.00-feature_finish,0.00,12.00)+0.25*scale(11.00-feature_games_played,0.00,11.00)+0.25*scale(0.14-feature_target_share,0.00,0.14)"
00-0039075,P.Nacua,2024,2025,WR,46.9700,82.1751,40.0000,46.2833,100.0000,0.0000,58.3334,50.5159,wr_signal_score_role_balanced_v1,"0.50*scale(feature_targets_per_game,4.00,10.00)+0.50*scale(feature_target_share,0.12,0.30)","0.55*scale(feature_ppg_per_target,0.80,2.50)+0.45*scale(feature_ppg,6.00,18.00)","0.40*scale(48.00-feature_finish,0.00,36.00)+0.60*scale(expected_ppg_baseline-feature_ppg,0.00,4.00)","0.65*scale(feature_games_played,8.00,17.00)+0.35*scale(feature_total_ppr,80.00,260.00)","0.50*scale(feature_ppg_minus_cohort_expected,0.00,6.00)+0.30*scale(expected_finish_from_cohort-feature_finish,0.00,36.00)+0.20*scale(cohort_player_count,1.00,18.00)","0.20*scale(route_participation_season_avg,0.50,0.95)+0.20*scale(target_share_season_avg,0.10,0.32)+0.15*scale(air_yard_share_season_avg,0.08,0.38)+0.15*scale(routes_consistency_index,0.60,0.95)+0.15*scale(target_earning_index,0.12,0.45)+0.15*scale(opportunity_concentration_score,0.18,0.56)","0.50*scale(12.00-feature_finish,0.00,12.00)+0.25*scale(11.00-feature_games_played,0.00,11.00)+0.25*scale(0.14-feature_target_share,0.00,0.14)"
00-0034827,D.Moore,2024,2025,WR,35.2942,59.1628,21.1111,95.7417,100.0000,0.0000,25.0000,49.6692,wr_signal_score_role_balanced_v1,"0.50*scale(feature_targets_per_game,4.00,10.00)+0.50*scale(feature_target_share,0.12,0.30)","0.55*scale(feature_ppg_per_target,0.80,2.50)+0.45*scale(feature_ppg,6.00,18.00)","0.40*scale(48.00-feature_finish,0.00,36.00)+0.60*scale(expected_ppg_baseline-feature_ppg,0.00,4.00)","0.65*scale(feature_games_played,8.00,17.00)+0.35*scale(feature_total_ppr,80.00,260.00)","0.50*scale(feature_ppg_minus_cohort_expected,0.00,6.00)+0.30*scale(expected_finish_from_cohort-feature_finish,0.00,36.00)+0.20*scale(cohort_player_count,1.00,18.00)","0.20*scale(route_participation_season_avg,0.50,0.95)+0.20*scale(target_share_season_avg,0.10,0.32)+0.15*scale(air_yard_share_season_avg,0.08,0.38)+0.15*scale(routes_consistency_index,0.60,0.95)+0.15*scale(target_earning_index,0.12,0.45)+0.15*scale(opportunity_concentration_score,0.18,0.56)","0.50*scale(12.00-feature_finish,0.00,12.00)+0.25*scale(11.00-feature_games_played,0.00,11.00)+0.25*scale(0.14-feature_target_share,0.00,0.14)"
00-0034960,J.Meyers,2024,2025,WR,38.3334,60.7915,26.6667,77.3889,100.0000,0.0000,25.0000,49.1460,wr_signal_score_role_balanced_v1,"0.50*scale(feature_targets_per_game,4.00,10.00)+0.50*scale(feature_target_share,0.12,0.30)","0.55*scale(feature_ppg_per_target,0.80,2.50)+0.45*scale(feature_ppg,6.00,18.00)","0.40*scale(48.00-feature_finish,0.00,36.00)+0.60*scale(expected_ppg_baseline-feature_ppg,0.00,4.00)","0.65*scale(feature_games_played,8.00,17.00)+0.35*scale(feature_total_ppr,80.00,260.00)","0.50*scale(feature_ppg_minus_cohort_expected,0.00,6.00)+0.30*scale(expected_finish_from_cohort-feature_finish,0.00,36.00)+0.20*scale(cohort_player_count,1.00,18.00)","0.20*scale(route_participation_season_avg,0.50,0.95)+0.20*scale(target_share_season_avg,0.10,0.32)+0.15*scale(air_yard_share_season_avg,0.08,0.38)+0.15*scale(routes_consistency_index,0.60,0.95)+0.15*scale(target_earning_index,0.12,0.45)+0.15*scale(opportunity_concentration_score,0.18,0.56)","0.50*scale(12.00-feature_finish,0.00,12.00)+0.25*scale(11.00-feature_games_played,0.00,11.00)+0.25*scale(0.14-feature_target_share,0.00,0.14)"
00-0036912,D.Smith,2024,2025,WR,23.7184,81.6216,34.4444,59.3278,100.0000,0.0000,25.0000,47.6594,wr_signal_score_role_balanced_v1,"0.50*scale(feature_targets_per_game,4.00,10.00)+0.50*scale(feature_target_share,0.12,0.30)","0.55*scale(feature_ppg_per_target,0.80,2.50)+0.45*scale(feature_ppg,6.00,18.00)","0.40*scale(48.00-feature_finish,0.00,36.00)+0.60*scale(expected_ppg_baseline-feature_ppg,0.00,4.00)","0.65*scale(feature_games_played,8.00,17.00)+0.35*scale(feature_total_ppr,80.00,260.00)","0.50*scale(feature_ppg_minus_cohort_expected,0.00,6.00)+0.30*scale(expected_finish_from_cohort-feature_finish,0.00,36.00)+0.20*scale(cohort_player_count,1.00,18.00)","0.20*scale(route_participation_season_avg,0.50,0.95)+0.20*scale(target_share_season_avg,0.10,0.32)+0.15*scale(air_yard_share_season_avg,0.08,0.38)+0.15*scale(routes_consistency_index,0.60,0.95)+0.15*scale(target_earning_index,0.12,0.45)+0.15*scale(opportunity_concentration_score,0.18,0.56)","0.50*scale(12.00-feature_finish,0.00,12.00)+0.25*scale(11.00-feature_games_played,0.00,11.00)+0.25*scale(0.14-feature_target_share,0.00,0.14)"
00-0036259,J.Jennings,2024,2025,WR,29.4442,64.5109,22.2222,75.9306,100.0000,0.0000,25.0000,46.6698,wr_signal_score_role_balanced_v1,"0.50*scale(feature_targets_per_game,4.00,10.00)+0.50*scale(feature_target_share,0.12,0.30)","0.55*scale(feature_ppg_per_target,0.80,2.50)+0.45*scale(feature_ppg,6.00,18.00)","0.40*scale(48.00-feature_finish,0.00,36.00)+0.60*scale(expected_ppg_baseline-feature_ppg,0.00,4.00)","0.65*scale(feature_games_played,8.00,17.00)+0.35*scale(feature_total_ppr,80.00,260.00)","0.50*scale(feature_ppg_minus_cohort_expected,0.00,6.00)+0.30*scale(expected_finish_from_cohort-feature_finish,0.00,36.00)+0.20*scale(cohort_player_count,1.00,18.00)","0.20*scale(route_participation_season_avg,0.50,0.95)+0.20*scale(target_share_season_avg,0.10,0.32)+0.15*scale(air_yard_share_season_avg,0.08,0.38)+0.15*scale(routes_consistency_index,0.60,0.95)+0.15*scale(target_earning_index,0.12,0.45)+0.15*scale(opportunity_concentration_score,0.18,0.56)","0.50*scale(12.00-feature_finish,0.00,12.00)+0.25*scale(11.00-feature_games_played,0.00,11.00)+0.25*scale(0.14-feature_target_share,0.00,0.14)"
00-0038994,J.Addison,2024,2025,WR,21.6667,74.1872,24.4444,76.3195,100.0000,0.0000,25.0000,46.6607,wr_signal_score_role_balanced_v1,"0.50*scale(feature_targets_per_game,4.00,10.00)+0.50*scale(feature_target_share,0.12,0.30)","0.55*scale(feature_ppg_per_target,0.80,2.50)+0.45*scale(feature_ppg,6.00,18.00)","0.40*scale(48.00-feature_finish,0.00,36.00)+0.60*scale(expected_ppg_baseline-feature_ppg,0.00,4.00)","0.65*scale(feature_games_played,8.00,17.00)+0.35*scale(feature_total_ppr,80.00,260.00)","0.50*scale(feature_ppg_minus_cohort_expected,0.00,6.00)+0.30*scale(expected_finish_from_cohort-feature_finish,0.00,36.00)+0.20*scale(cohort_player_count,1.00,18.00)","0.20*scale(route_participation_season_avg,0.50,0.95)+0.20*scale(target_share_season_avg,0.10,0.32)+0.15*scale(air_yard_share_season_avg,0.08,0.38)+0.15*scale(routes_consistency_index,0.60,0.95)+0.15*scale(target_earning_index,0.12,0.45)+0.15*scale(opportunity_concentration_score,0.18,0.56)","0.50*scale(12.00-feature_finish,0.00,12.00)+0.25*scale(11.00-feature_games_played,0.00,11.00)+0.25*scale(0.14-feature_target_share,0.00,0.14)"
00-0037240,J.Williams,2024,2025,WR,17.2225,80.1101,23.3333,76.2611,100.0000,0.0000,25.0000,46.2972,wr_signal_score_role_balanced_v1,"0.50*scale(feature_targets_per_game,4.00,10.00)+0.50*scale(feature_target_share,0.12,0.30)","0.55*scale(feature_ppg_per_target,0.80,2.50)+0.45*scale(feature_ppg,6.00,18.00)","0.40*scale(48.00-feature_finish,0.00,36.00)+0.60*scale(expected_ppg_baseline-feature_ppg,0.00,4.00)","0.65*scale(feature_games_played,8.00,17.00)+0.35*scale(feature_total_ppr,80.00,260.00)","0.50*scale(feature_ppg_minus_cohort_expected,0.00,6.00)+0.30*scale(expected_finish_from_cohort-feature_finish,0.00,36.00)+0.20*scale(cohort_player_count,1.00,18.00)","0.20*scale(route_participation_season_avg,0.50,0.95)+0.20*scale(target_share_season_avg,0.10,0.32)+0.15*scale(air_yard_share_season_avg,0.08,0.38)+0.15*scale(routes_consistency_index,0.60,0.95)+0.15*scale(target_earning_index,0.12,0.45)+0.15*scale(opportunity_concentration_score,0.18,0.56)","0.50*scale(12.00-feature_finish,0.00,12.00)+0.25*scale(11.00-feature_games_played,0.00,11.00)+0.25*scale(0.14-feature_target_share,0.00,0.14)"
00-0033908,C.Kupp,2024,2025,WR,36.1108,62.9229,27.7778,47.3611,100.0000,0.0000,25.0000,45.2064,wr_signal_score_role_balanced_v1,"0.50*scale(feature_targets_per_game,4.00,10.00)+0.50*scale(feature_target_share,0.12,0.30)","0.55*scale(feature_ppg_per_target,0.80,2.50)+0.45*scale(feature_ppg,6.00,18.00)","0.40*scale(48.00-feature_finish,0.00,36.00)+0.60*scale(expected_ppg_baseline-feature_ppg,0.00,4.00)","0.65*scale(feature_games_played,8.00,17.00)+0.35*scale(feature_total_ppr,80.00,260.00)","0.50*scale(feature_ppg_minus_cohort_expected,0.00,6.00)+0.30*scale(expected_finish_from_cohort-feature_finish,0.00,36.00)+0.20*scale(cohort_player_count,1.00,18.00)","0.20*scale(route_participation_season_avg,0.50,0.95)+0.20*scale(target_share_season_avg,0.10,0.32)+0.15*scale(air_yard_share_season_avg,0.08,0.38)+0.15*scale(routes_consistency_index,0.60,0.95)+0.15*scale(target_earning_index,0.12,0.45)+0.15*scale(opportunity_concentration_score,0.18,0.56)","0.50*scale(12.00-feature_finish,0.00,12.00)+0.25*scale(11.00-feature_games_played,0.00,11.00)+0.25*scale(0.14-feature_target_share,0.00,0.14)"
00-0033921,C.Godwin,2024,2025,WR,40.4759,91.0250,40.0000,11.2389,100.0000,0.0000,71.5909,44.9336,wr_signal_score_role_balanced_v1,"0.50*scale(feature_targets_per_game,4.00,10.00)+0.50*scale(feature_target_share,0.12,0.30)","0.55*scale(feature_ppg_per_target,0.80,2.50)+0.45*scale(feature_ppg,6.00,18.00)","0.40*scale(48.00-feature_finish,0.00,36.00)+0.60*scale(expected_ppg_baseline-feature_ppg,0.00,4.00)","0.65*scale(feature_games_played,8.00,17.00)+0.35*scale(feature_total_ppr,80.00,260.00)","0.50*scale(feature_ppg_minus_cohort_expected,0.00,6.00)+0.30*scale(expected_finish_from_cohort-feature_finish,0.00,36.00)+0.20*scale(cohort_player_count,1.00,18.00)","0.20*scale(route_participation_season_avg,0.50,0.95)+0.20*scale(target_share_season_avg,0.10,0.32)+0.15*scale(air_yard_share_season_avg,0.08,0.38)+0.15*scale(routes_consistency_index,0.60,0.95)+0.15*scale(target_earning_index,0.12,0.45)+0.15*scale(opportunity_concentration_score,0.18,0.56)","0.50*scale(12.00-feature_finish,0.00,12.00)+0.25*scale(11.00-feature_games_played,0.00,11.00)+0.25*scale(0.14-feature_target_share,0.00,0.14)"
00-0039067,R.Rice,2024,2025,WR,47.2225,91.5210,40.0000,0.0000,100.0000,0.0000,84.8485,44.3706,wr_signal_score_role_balanced_v1,"0.50*scale(feature_targets_per_game,4.00,10.00)+0.50*scale(feature_target_share,0.12,0.30)","0.55*scale(feature_ppg_per_target,0.80,2.50)+0.45*scale(feature_ppg,6.00,18.00)","0.40*scale(48.00-feature_finish,0.00,36.00)+0.60*scale(expected_ppg_baseline-feature_ppg,0.00,4.00)","0.65*scale(feature_games_played,8.00,17.00)+0.35*scale(feature_total_ppr,80.00,260.00)","0.50*scale(feature_ppg_minus_cohort_expected,0.00,6.00)+0.30*scale(expected_finish_from_cohort-feature_finish,0.00,36.00)+0.20*scale(cohort_player_count,1.00,18.00)","0.20*scale(route_participation_season_avg,0.50,0.95)+0.20*scale(target_share_season_avg,0.10,0.32)+0.15*scale(air_yard_share_season_avg,0.08,0.38)+0.15*scale(routes_consistency_index,0.60,0.95)+0.15*scale(target_earning_index,0.12,0.45)+0.15*scale(opportunity_concentration_score,0.18,0.56)","0.50*scale(12.00-feature_finish,0.00,12.00)+0.25*scale(11.00-feature_games_played,0.00,11.00)+0.25*scale(0.14-feature_target_share,0.00,0.14)"
00-0033040,T.Hill,2024,2025,WR,26.4708,57.6138,15.5556,91.8722,90.2884,0.0000,25.0000,44.1793,wr_signal_score_role_balanced_v1,"0.50*scale(feature_targets_per_game,4.00,10.00)+0.50*scale(feature_target_share,0.12,0.30)","0.55*scale(feature_ppg_per_target,0.80,2.50)+0.45*scale(feature_ppg,6.00,18.00)","0.40*scale(48.00-feature_finish,0.00,36.00)+0.60*scale(expected_ppg_baseline-feature_ppg,0.00,4.00)","0.65*scale(feature_games_played,8.00,17.00)+0.35*scale(feature_total_ppr,80.00,260.00)","0.50*scale(feature_ppg_minus_cohort_expected,0.00,6.00)+0.30*scale(expected_finish_from_cohort-feature_finish,0.00,36.00)+0.20*scale(cohort_player_count,1.00,18.00)","0.20*scale(route_participation_season_avg,0.50,0.95)+0.20*scale(target_share_season_avg,0.10,0.32)+0.15*scale(air_yard_share_season_avg,0.08,0.38)+0.15*scale(routes_consistency_index,0.60,0.95)+0.15*scale(target_earning_index,0.12,0.45)+0.15*scale(opportunity_concentration_score,0.18,0.56)","0.50*scale(12.00-feature_finish,0.00,12.00)+0.25*scale(11.00-feature_games_played,0.00,11.00)+0.25*scale(0.14-feature_target_share,0.00,0.14)"
00-0039064,Z.Flowers,2024,2025,WR,23.5292,56.2616,13.3333,90.1805,92.5166,0.0000,25.0000,43.0960,wr_signal_score_role_balanced_v1,"0.50*scale(feature_targets_per_game,4.00,10.00)+0.50*scale(feature_target_share,0.12,0.30)","0.55*scale(feature_ppg_per_target,0.80,2.50)+0.45*scale(feature_ppg,6.00,18.00)","0.40*scale(48.00-feature_finish,0.00,36.00)+0.60*scale(expected_ppg_baseline-feature_ppg,0.00,4.00)","0.65*scale(feature_games_played,8.00,17.00)+0.35*scale(feature_total_ppr,80.00,260.00)","0.50*scale(feature_ppg_minus_cohort_expected,0.00,6.00)+0.30*scale(expected_finish_from_cohort-feature_finish,0.00,36.00)+0.20*scale(cohort_player_count,1.00,18.00)","0.20*scale(route_participation_season_avg,0.50,0.95)+0.20*scale(target_share_season_avg,0.10,0.32)+0.15*scale(air_yard_share_season_avg,0.08,0.38)+0.15*scale(routes_consistency_index,0.60,0.95)+0.15*scale(target_earning_index,0.12,0.45)+0.15*scale(opportunity_concentration_score,0.18,0.56)","0.50*scale(12.00-feature_finish,0.00,12.00)+0.25*scale(11.00-feature_games_played,0.00,11.00)+0.25*scale(0.14-feature_target_share,0.00,0.14)"
00-0038997,J.Downs,2024,2025,WR,30.3575,55.5117,16.6667,63.2056,98.2733,0.0000,25.0000,42.6851,wr_signal_score_role_balanced_v1,"0.50*scale(feature_targets_per_game,4.00,10.00)+0.50*scale(feature_target_share,0.12,0.30)","0.55*scale(feature_ppg_per_target,0.80,2.50)+0.45*scale(feature_ppg,6.00,18.00)","0.40*scale(48.00-feature_finish,0.00,36.00)+0.60*scale(expected_ppg_baseline-feature_ppg,0.00,4.00)","0.65*scale(feature_games_played,8.00,17.00)+0.35*scale(feature_total_ppr,80.00,260.00)","0.50*scale(feature_ppg_minus_cohort_expected,0.00,6.00)+0.30*scale(expected_finish_from_cohort-feature_finish,0.00,36.00)+0.20*scale(cohort_player_count,1.00,18.00)","0.20*scale(route_participation_season_avg,0.50,0.95)+0.20*scale(target_share_season_avg,0.10,0.32)+0.15*scale(air_yard_share_season_avg,0.08,0.38)+0.15*scale(routes_consistency_index,0.60,0.95)+0.15*scale(target_earning_index,0.12,0.45)+0.15*scale(opportunity_concentration_score,0.18,0.56)","0.50*scale(12.00-feature_finish,0.00,12.00)+0.25*scale(11.00-feature_games_played,0.00,11.00)+0.25*scale(0.14-feature_target_share,0.00,0.14)"
00-0035640,D.Metcalf,2024,2025,WR,26.6667,56.6945,14.4444,72.1778,89.5500,0.0000,25.0000,41.2174,wr_signal_score_role_balanced_v1,"0.50*scale(feature_targets_per_game,4.00,10.00)+0.50*scale(feature_target_share,0.12,0.30)","0.55*scale(feature_ppg_per_target,0.80,2.50)+0.45*scale(feature_ppg,6.00,18.00)","0.40*scale(48.00-feature_finish,0.00,36.00)+0.60*scale(expected_ppg_baseline-feature_ppg,0.00,4.00)","0.65*scale(feature_games_played,8.00,17.00)+0.35*scale(feature_total_ppr,80.00,260.00)","0.50*scale(feature_ppg_minus_cohort_expected,0.00,6.00)+0.30*scale(expected_finish_from_cohort-feature_finish,0.00,36.00)+0.20*scale(cohort_player_count,1.00,18.00)","0.20*scale(route_participation_season_avg,0.50,0.95)+0.20*scale(target_share_season_avg,0.10,0.32)+0.15*scale(air_yard_share_season_avg,0.08,0.38)+0.15*scale(routes_consistency_index,0.60,0.95)+0.15*scale(target_earning_index,0.12,0.45)+0.15*scale(opportunity_concentration_score,0.18,0.56)","0.50*scale(12.00-feature_finish,0.00,12.00)+0.25*scale(11.00-feature_games_played,0.00,11.00)+0.25*scale(0.14-feature_target_share,0.00,0.14)"
00-0031588,S.Diggs,2024,2025,WR,33.3334,70.4000,33.3333,8.1511,100.0000,0.0000,31.8182,41.0439,wr_signal_score_role_balanced_v1,"0.50*scale(feature_targets_per_game,4.00,10.00)+0.50*scale(feature_target_share,0.12,0.30)","0.55*scale(feature_ppg_per_target,0.80,2.50)+0.45*scale(feature_ppg,6.00,18.00)","0.40*scale(48.00-feature_finish,0.00,36.00)+0.60*scale(expected_ppg_baseline-feature_ppg,0.00,4.00)","0.65*scale(feature_games_played,8.00,17.00)+0.35*scale(feature_total_ppr,80.00,260.00)","0.50*scale(feature_ppg_minus_cohort_expected,0.00,6.00)+0.30*scale(expected_finish_from_cohort-feature_finish,0.00,36.00)+0.20*scale(cohort_player_count,1.00,18.00)","0.20*scale(route_participation_season_avg,0.50,0.95)+0.20*scale(target_share_season_avg,0.10,0.32)+0.15*scale(air_yard_share_season_avg,0.08,0.38)+0.15*scale(routes_consistency_index,0.60,0.95)+0.15*scale(target_earning_index,0.12,0.45)+0.15*scale(opportunity_concentration_score,0.18,0.56)","0.50*scale(12.00-feature_finish,0.00,12.00)+0.25*scale(11.00-feature_games_played,0.00,11.00)+0.25*scale(0.14-feature_target_share,0.00,0.14)"
00-0030279,K.Allen,2024,2025,WR,33.8892,47.0221,12.2222,70.8556,85.7716,0.0000,25.0000,40.2924,wr_signal_score_role_balanced_v1,"0.50*scale(feature_targets_per_game,4.00,10.00)+0.50*scale(feature_target_share,0.12,0.30)","0.55*scale(feature_ppg_per_target,0.80,2.50)+0.45*scale(feature_ppg,6.00,18.00)","0.40*scale(48.00-feature_finish,0.00,36.00)+0.60*scale(expected_ppg_baseline-feature_ppg,0.00,4.00)","0.65*scale(feature_games_played,8.00,17.00)+0.35*scale(feature_total_ppr,80.00,260.00)","0.50*scale(feature_ppg_minus_cohort_expected,0.00,6.00)+0.30*scale(expected_finish_from_cohort-feature_finish,0.00,36.00)+0.20*scale(cohort_player_count,1.00,18.00)","0.20*scale(route_participation_season_avg,0.50,0.95)+0.20*scale(target_share_season_avg,0.10,0.32)+0.15*scale(air_yard_share_season_avg,0.08,0.38)+0.15*scale(routes_consistency_index,0.60,0.95)+0.15*scale(target_earning_index,0.12,0.45)+0.15*scale(opportunity_concentration_score,0.18,0.56)","0.50*scale(12.00-feature_finish,0.00,12.00)+0.25*scale(11.00-feature_games_played,0.00,11.00)+0.25*scale(0.14-feature_target_share,0.00,0.14)"
00-0036309,D.Mooney,2024,2025,WR,21.8750,55.8667,10.0000,79.7889,83.9525,0.0000,25.0000,39.2140,wr_signal_score_role_balanced_v1,"0.50*scale(feature_targets_per_game,4.00,10.00)+0.50*scale(feature_target_share,0.12,0.30)","0.55*scale(feature_ppg_per_target,0.80,2.50)+0.45*scale(feature_ppg,6.00,18.00)","0.40*scale(48.00-feature_finish,0.00,36.00)+0.60*scale(expected_ppg_baseline-feature_ppg,0.00,4.00)","0.65*scale(feature_games_played,8.00,17.00)+0.35*scale(feature_total_ppr,80.00,260.00)","0.50*scale(feature_ppg_minus_cohort_expected,0.00,6.00)+0.30*scale(expected_finish_from_cohort-feature_finish,0.00,36.00)+0.20*scale(cohort_player_count,1.00,18.00)","0.20*scale(route_participation_season_avg,0.50,0.95)+0.20*scale(target_share_season_avg,0.10,0.32)+0.15*scale(air_yard_share_season_avg,0.08,0.38)+0.15*scale(routes_consistency_index,0.60,0.95)+0.15*scale(target_earning_index,0.12,0.45)+0.15*scale(opportunity_concentration_score,0.18,0.56)","0.50*scale(12.00-feature_finish,0.00,12.00)+0.25*scale(11.00-feature_games_played,0.00,11.00)+0.25*scale(0.14-feature_target_share,0.00,0.14)"
00-0039849,M.Harrison,2024,2025,WR,23.5292,49.7681,2.2222,87.6528,87.5292,0.0000,25.0000,39.1179,wr_signal_score_role_balanced_v1,"0.50*scale(feature_targets_per_game,4.00,10.00)+0.50*scale(feature_target_share,0.12,0.30)","0.55*scale(feature_ppg_per_target,0.80,2.50)+0.45*scale(feature_ppg,6.00,18.00)","0.40*scale(48.00-feature_finish,0.00,36.00)+0.60*scale(expected_ppg_baseline-feature_ppg,0.00,4.00)","0.65*scale(feature_games_played,8.00,17.00)+0.35*scale(feature_total_ppr,80.00,260.00)","0.50*scale(feature_ppg_minus_cohort_expected,0.00,6.00)+0.30*scale(expected_finish_from_cohort-feature_finish,0.00,36.00)+0.20*scale(cohort_player_count,1.00,18.00)","0.20*scale(route_participation_season_avg,0.50,0.95)+0.20*scale(target_share_season_avg,0.10,0.32)+0.15*scale(air_yard_share_season_avg,0.08,0.38)+0.15*scale(routes_consistency_index,0.60,0.95)+0.15*scale(target_earning_index,0.12,0.45)+0.15*scale(opportunity_concentration_score,0.18,0.56)","0.50*scale(12.00-feature_finish,0.00,12.00)+0.25*scale(11.00-feature_games_played,0.00,11.00)+0.25*scale(0.14-feature_target_share,0.00,0.14)"
00-0034837,C.Ridley,2024,2025,WR,25.4900,49.2647,6.6667,88.1778,80.9742,0.0000,25.0000,39.1124,wr_signal_score_role_balanced_v1,"0.50*scale(feature_targets_per_game,4.00,10.00)+0.50*scale(feature_target_share,0.12,0.30)","0.55*scale(feature_ppg_per_target,0.80,2.50)+0.45*scale(feature_ppg,6.00,18.00)","0.40*scale(48.00-feature_finish,0.00,36.00)+0.60*scale(expected_ppg_baseline-feature_ppg,0.00,4.00)","0.65*scale(feature_games_played,8.00,17.00)+0.35*scale(feature_total_ppr,80.00,260.00)","0.50*scale(feature_ppg_minus_cohort_expected,0.00,6.00)+0.30*scale(expected_finish_from_cohort-feature_finish,0.00,36.00)+0.20*scale(cohort_player_count,1.00,18.00)","0.20*scale(route_participation_season_avg,0.50,0.95)+0.20*scale(target_share_season_avg,0.10,0.32)+0.15*scale(air_yard_share_season_avg,0.08,0.38)+0.15*scale(routes_consistency_index,0.60,0.95)+0.15*scale(target_earning_index,0.12,0.45)+0.15*scale(opportunity_concentration_score,0.18,0.56)","0.50*scale(12.00-feature_finish,0.00,12.00)+0.25*scale(11.00-feature_games_played,0.00,11.00)+0.25*scale(0.14-feature_target_share,0.00,0.14)"
00-0037261,K.Shakir,2024,2025,WR,22.2225,56.2866,11.1111,70.4861,87.4650,0.0000,25.0000,38.9611,wr_signal_score_role_balanced_v1,"0.50*scale(feature_targets_per_game,4.00,10.00)+0.50*scale(feature_target_share,0.12,0.30)","0.55*scale(feature_ppg_per_target,0.80,2.50)+0.45*scale(feature_ppg,6.00,18.00)","0.40*scale(48.00-feature_finish,0.00,36.00)+0.60*scale(expected_ppg_baseline-feature_ppg,0.00,4.00)","0.65*scale(feature_games_played,8.00,17.00)+0.35*scale(feature_total_ppr,80.00,260.00)","0.50*scale(feature_ppg_minus_cohort_expected,0.00,6.00)+0.30*scale(expected_finish_from_cohort-feature_finish,0.00,36.00)+0.20*scale(cohort_player_count,1.00,18.00)","0.20*scale(route_participation_season_avg,0.50,0.95)+0.20*scale(target_share_season_avg,0.10,0.32)+0.15*scale(air_yard_share_season_avg,0.08,0.38)+0.15*scale(routes_consistency_index,0.60,0.95)+0.15*scale(target_earning_index,0.12,0.45)+0.15*scale(opportunity_concentration_score,0.18,0.56)","0.50*scale(12.00-feature_finish,0.00,12.00)+0.25*scale(11.00-feature_games_played,0.00,11.00)+0.25*scale(0.14-feature_target_share,0.00,0.14)"
00-0030035,A.Thielen,2024,2025,WR,18.3333,76.7243,20.0000,26.0139,99.5775,0.0000,27.2727,38.7780,wr_signal_score_role_balanced_v1,"0.50*scale(feature_targets_per_game,4.00,10.00)+0.50*scale(feature_target_share,0.12,0.30)","0.55*scale(feature_ppg_per_target,0.80,2.50)+0.45*scale(feature_ppg,6.00,18.00)","0.40*scale(48.00-feature_finish,0.00,36.00)+0.60*scale(expected_ppg_baseline-feature_ppg,0.00,4.00)","0.65*scale(feature_games_played,8.00,17.00)+0.35*scale(feature_total_ppr,80.00,260.00)","0.50*scale(feature_ppg_minus_cohort_expected,0.00,6.00)+0.30*scale(expected_finish_from_cohort-feature_finish,0.00,36.00)+0.20*scale(cohort_player_count,1.00,18.00)","0.20*scale(route_participation_season_avg,0.50,0.95)+0.20*scale(target_share_season_avg,0.10,0.32)+0.15*scale(air_yard_share_season_avg,0.08,0.38)+0.15*scale(routes_consistency_index,0.60,0.95)+0.15*scale(target_earning_index,0.12,0.45)+0.15*scale(opportunity_concentration_score,0.18,0.56)","0.50*scale(12.00-feature_finish,0.00,12.00)+0.25*scale(11.00-feature_games_played,0.00,11.00)+0.25*scale(0.14-feature_target_share,0.00,0.14)"
00-0039894,X.Worthy,2024,2025,WR,17.7083,57.2934,5.5556,78.6222,88.7058,0.0000,25.0000,38.4208,wr_signal_score_role_balanced_v1,"0.50*scale(feature_targets_per_game,4.00,10.00)+0.50*scale(feature_target_share,0.12,0.30)","0.55*scale(feature_ppg_per_target,0.80,2.50)+0.45*scale(feature_ppg,6.00,18.00)","0.40*scale(48.00-feature_finish,0.00,36.00)+0.60*scale(expected_ppg_baseline-feature_ppg,0.00,4.00)","0.65*scale(feature_games_played,8.00,17.00)+0.35*scale(feature_total_ppr,80.00,260.00)","0.50*scale(feature_ppg_minus_cohort_expected,0.00,6.00)+0.30*scale(expected_finish_from_cohort-feature_finish,0.00,36.00)+0.20*scale(cohort_player_count,1.00,18.00)","0.20*scale(route_participation_season_avg,0.50,0.95)+0.20*scale(target_share_season_avg,0.10,0.32)+0.15*scale(air_yard_share_season_avg,0.08,0.38)+0.15*scale(routes_consistency_index,0.60,0.95)+0.15*scale(target_earning_index,0.12,0.45)+0.15*scale(opportunity_concentration_score,0.18,0.56)","0.50*scale(12.00-feature_finish,0.00,12.00)+0.25*scale(11.00-feature_games_played,0.00,11.00)+0.25*scale(0.14-feature_target_share,0.00,0.14)"
00-0039146,J.Reed,2024,2025,WR,3.4316,75.9557,3.3333,87.7500,86.3892,0.0000,25.0000,38.2078,wr_signal_score_role_balanced_v1,"0.50*scale(feature_targets_per_game,4.00,10.00)+0.50*scale(feature_target_share,0.12,0.30)","0.55*scale(feature_ppg_per_target,0.80,2.50)+0.45*scale(feature_ppg,6.00,18.00)","0.40*scale(48.00-feature_finish,0.00,36.00)+0.60*scale(expected_ppg_baseline-feature_ppg,0.00,4.00)","0.65*scale(feature_games_played,8.00,17.00)+0.35*scale(feature_total_ppr,80.00,260.00)","0.50*scale(feature_ppg_minus_cohort_expected,0.00,6.00)+0.30*scale(expected_finish_from_cohort-feature_finish,0.00,36.00)+0.20*scale(cohort_player_count,1.00,18.00)","0.20*scale(route_participation_season_avg,0.50,0.95)+0.20*scale(target_share_season_avg,0.10,0.32)+0.15*scale(air_yard_share_season_avg,0.08,0.38)+0.15*scale(routes_consistency_index,0.60,0.95)+0.15*scale(target_earning_index,0.12,0.45)+0.15*scale(opportunity_concentration_score,0.18,0.56)","0.50*scale(12.00-feature_finish,0.00,12.00)+0.25*scale(11.00-feature_games_played,0.00,11.00)+0.25*scale(0.14-feature_target_share,0.00,0.14)"
00-0038117,W.Robinson,2024,2025,WR,35.2942,34.1398,0.0000,84.9695,75.6350,0.0000,25.0000,36.7519,wr_signal_score_role_balanced_v1,"0.50*scale(feature_targets_per_game,4.00,10.00)+0.50*scale(feature_target_share,0.12,0.30)","0.55*scale(feature_ppg_per_target,0.80,2.50)+0.45*scale(feature_ppg,6.00,18.00)","0.40*scale(48.00-feature_finish,0.00,36.00)+0.60*scale(expected_ppg_baseline-feature_ppg,0.00,4.00)","0.65*scale(feature_games_played,8.00,17.00)+0.35*scale(feature_total_ppr,80.00,260.00)","0.50*scale(feature_ppg_minus_cohort_expected,0.00,6.00)+0.30*scale(expected_finish_from_cohort-feature_finish,0.00,36.00)+0.20*scale(cohort_player_count,1.00,18.00)","0.20*scale(route_participation_season_avg,0.50,0.95)+0.20*scale(target_share_season_avg,0.10,0.32)+0.15*scale(air_yard_share_season_avg,0.08,0.38)+0.15*scale(routes_consistency_index,0.60,0.95)+0.15*scale(target_earning_index,0.12,0.45)+0.15*scale(opportunity_concentration_score,0.18,0.56)","0.50*scale(12.00-feature_finish,0.00,12.00)+0.25*scale(11.00-feature_games_played,0.00,11.00)+0.25*scale(0.14-feature_target_share,0.00,0.14)"
00-0038544,Q.Johnston,2024,2025,WR,17.2225,57.4030,4.4444,68.9695,86.8766,0.0000,25.0000,36.5588,wr_signal_score_role_balanced_v1,"0.50*scale(feature_targets_per_game,4.00,10.00)+0.50*scale(feature_target_share,0.12,0.30)","0.55*scale(feature_ppg_per_target,0.80,2.50)+0.45*scale(feature_ppg,6.00,18.00)","0.40*scale(48.00-feature_finish,0.00,36.00)+0.60*scale(expected_ppg_baseline-feature_ppg,0.00,4.00)","0.65*scale(feature_games_played,8.00,17.00)+0.35*scale(feature_total_ppr,80.00,260.00)","0.50*scale(feature_ppg_minus_cohort_expected,0.00,6.00)+0.30*scale(expected_finish_from_cohort-feature_finish,0.00,36.00)+0.20*scale(cohort_player_count,1.00,18.00)","0.20*scale(route_participation_season_avg,0.50,0.95)+0.20*scale(target_share_season_avg,0.10,0.32)+0.15*scale(air_yard_share_season_avg,0.08,0.38)+0.15*scale(routes_consistency_index,0.60,0.95)+0.15*scale(target_earning_index,0.12,0.45)+0.15*scale(opportunity_concentration_score,0.18,0.56)","0.50*scale(12.00-feature_finish,0.00,12.00)+0.25*scale(11.00-feature_games_played,0.00,11.00)+0.25*scale(0.14-feature_target_share,0.00,0.14)"
00-0037247,G.Pickens,2024,2025,WR,27.9759,47.2929,7.7778,59.7445,83.9333,0.0000,25.0000,36.4274,wr_signal_score_role_balanced_v1,"0.50*scale(feature_targets_per_game,4.00,10.00)+0.50*scale(feature_target_share,0.12,0.30)","0.55*scale(feature_ppg_per_target,0.80,2.50)+0.45*scale(feature_ppg,6.00,18.00)","0.40*scale(48.00-feature_finish,0.00,36.00)+0.60*scale(expected_ppg_baseline-feature_ppg,0.00,4.00)","0.65*scale(feature_games_played,8.00,17.00)+0.35*scale(feature_total_ppr,80.00,260.00)","0.50*scale(feature_ppg_minus_cohort_expected,0.00,6.00)+0.30*scale(expected_finish_from_cohort-feature_finish,0.00,36.00)+0.20*scale(cohort_player_count,1.00,18.00)","0.20*scale(route_participation_season_avg,0.50,0.95)+0.20*scale(target_share_season_avg,0.10,0.32)+0.15*scale(air_yard_share_season_avg,0.08,0.38)+0.15*scale(routes_consistency_index,0.60,0.95)+0.15*scale(target_earning_index,0.12,0.45)+0.15*scale(opportunity_concentration_score,0.18,0.56)","0.50*scale(12.00-feature_finish,0.00,12.00)+0.25*scale(11.00-feature_games_played,0.00,11.00)+0.25*scale(0.14-feature_target_share,0.00,0.14)"
00-0037545,R.Shaheed,2024,2025,WR,23.6108,67.2909,17.7778,0.3500,99.6867,0.0000,36.3636,34.4120,wr_signal_score_role_balanced_v1,"0.50*scale(feature_targets_per_game,4.00,10.00)+0.50*scale(feature_target_share,0.12,0.30)","0.55*scale(feature_ppg_per_target,0.80,2.50)+0.45*scale(feature_ppg,6.00,18.00)","0.40*scale(48.00-feature_finish,0.00,36.00)+0.60*scale(expected_ppg_baseline-feature_ppg,0.00,4.00)","0.65*scale(feature_games_played,8.00,17.00)+0.35*scale(feature_total_ppr,80.00,260.00)","0.50*scale(feature_ppg_minus_cohort_expected,0.00,6.00)+0.30*scale(expected_finish_from_cohort-feature_finish,0.00,36.00)+0.20*scale(cohort_player_count,1.00,18.00)","0.20*scale(route_participation_season_avg,0.50,0.95)+0.20*scale(target_share_season_avg,0.10,0.32)+0.15*scale(air_yard_share_season_avg,0.08,0.38)+0.15*scale(routes_consistency_index,0.60,0.95)+0.15*scale(target_earning_index,0.12,0.45)+0.15*scale(opportunity_concentration_score,0.18,0.56)","0.50*scale(12.00-feature_finish,0.00,12.00)+0.25*scale(11.00-feature_games_played,0.00,11.00)+0.25*scale(0.14-feature_target_share,0.00,0.14)"
00-0036550,R.Bateman,2024,2025,WR,4.1666,70.9954,0.0000,76.1722,74.2650,0.0000,25.0000,33.4194,wr_signal_score_role_balanced_v1,"0.50*scale(feature_targets_per_game,4.00,10.00)+0.50*scale(feature_target_share,0.12,0.30)","0.55*scale(feature_ppg_per_target,0.80,2.50)+0.45*scale(feature_ppg,6.00,18.00)","0.40*scale(48.00-feature_finish,0.00,36.00)+0.60*scale(expected_ppg_baseline-feature_ppg,0.00,4.00)","0.65*scale(feature_games_played,8.00,17.00)+0.35*scale(feature_total_ppr,80.00,260.00)","0.50*scale(feature_ppg_minus_cohort_expected,0.00,6.00)+0.30*scale(expected_finish_from_cohort-feature_finish,0.00,36.00)+0.20*scale(cohort_player_count,1.00,18.00)","0.20*scale(route_participation_season_avg,0.50,0.95)+0.20*scale(target_share_season_avg,0.10,0.32)+0.15*scale(air_yard_share_season_avg,0.08,0.38)+0.15*scale(routes_consistency_index,0.60,0.95)+0.15*scale(target_earning_index,0.12,0.45)+0.15*scale(opportunity_concentration_score,0.18,0.56)","0.50*scale(12.00-feature_finish,0.00,12.00)+0.25*scale(11.00-feature_games_played,0.00,11.00)+0.25*scale(0.14-feature_target_share,0.00,0.14)"
00-0036252,M.Pittman,2024,2025,WR,24.4792,38.8024,0.0000,74.4611,69.6817,0.0000,25.0000,32.4180,wr_signal_score_role_balanced_v1,"0.50*scale(feature_targets_per_game,4.00,10.00)+0.50*scale(feature_target_share,0.12,0.30)","0.55*scale(feature_ppg_per_target,0.80,2.50)+0.45*scale(feature_ppg,6.00,18.00)","0.40*scale(48.00-feature_finish,0.00,36.00)+0.60*scale(expected_ppg_baseline-feature_ppg,0.00,4.00)","0.65*scale(feature_games_played,8.00,17.00)+0.35*scale(feature_total_ppr,80.00,260.00)","0.50*scale(feature_ppg_minus_cohort_expected,0.00,6.00)+0.30*scale(expected_finish_from_cohort-feature_finish,0.00,36.00)+0.20*scale(cohort_player_count,1.00,18.00)","0.20*scale(route_participation_season_avg,0.50,0.95)+0.20*scale(target_share_season_avg,0.10,0.32)+0.15*scale(air_yard_share_season_avg,0.08,0.38)+0.15*scale(routes_consistency_index,0.60,0.95)+0.15*scale(target_earning_index,0.12,0.45)+0.15*scale(opportunity_concentration_score,0.18,0.56)","0.50*scale(12.00-feature_finish,0.00,12.00)+0.25*scale(11.00-feature_games_played,0.00,11.00)+0.25*scale(0.14-feature_target_share,0.00,0.14)"
00-0035719,D.Samuel,2024,2025,WR,14.8809,55.4460,1.1111,58.0334,75.9467,0.0000,25.0000,31.7808,wr_signal_score_role_balanced_v1,"0.50*scale(feature_targets_per_game,4.00,10.00)+0.50*scale(feature_target_share,0.12,0.30)","0.55*scale(feature_ppg_per_target,0.80,2.50)+0.45*scale(feature_ppg,6.00,18.00)","0.40*scale(48.00-feature_finish,0.00,36.00)+0.60*scale(expected_ppg_baseline-feature_ppg,0.00,4.00)","0.65*scale(feature_games_played,8.00,17.00)+0.35*scale(feature_total_ppr,80.00,260.00)","0.50*scale(feature_ppg_minus_cohort_expected,0.00,6.00)+0.30*scale(expected_finish_from_cohort-feature_finish,0.00,36.00)+0.20*scale(cohort_player_count,1.00,18.00)","0.20*scale(route_participation_season_avg,0.50,0.95)+0.20*scale(target_share_season_avg,0.10,0.32)+0.15*scale(air_yard_share_season_avg,0.08,0.38)+0.15*scale(routes_consistency_index,0.60,0.95)+0.15*scale(target_earning_index,0.12,0.45)+0.15*scale(opportunity_concentration_score,0.18,0.56)","0.50*scale(12.00-feature_finish,0.00,12.00)+0.25*scale(11.00-feature_games_played,0.00,11.00)+0.25*scale(0.14-feature_target_share,0.00,0.14)"
00-0037664,A.Pierce,2024,2025,WR,2.6042,65.1235,0.0000,73.6056,70.1384,0.0000,25.0000,31.0872,wr_signal_score_role_balanced_v1,"0.50*scale(feature_targets_per_game,4.00,10.00)+0.50*scale(feature_target_share,0.12,0.30)","0.55*scale(feature_ppg_per_target,0.80,2.50)+0.45*scale(feature_ppg,6.00,18.00)","0.40*scale(48.00-feature_finish,0.00,36.00)+0.60*scale(expected_ppg_baseline-feature_ppg,0.00,4.00)","0.65*scale(feature_games_played,8.00,17.00)+0.35*scale(feature_total_ppr,80.00,260.00)","0.50*scale(feature_ppg_minus_cohort_expected,0.00,6.00)+0.30*scale(expected_finish_from_cohort-feature_finish,0.00,36.00)+0.20*scale(cohort_player_count,1.00,18.00)","0.20*scale(route_participation_season_avg,0.50,0.95)+0.20*scale(target_share_season_avg,0.10,0.32)+0.15*scale(air_yard_share_season_avg,0.08,0.38)+0.15*scale(routes_consistency_index,0.60,0.95)+0.15*scale(target_earning_index,0.12,0.45)+0.15*scale(opportunity_concentration_score,0.18,0.56)","0.50*scale(12.00-feature_finish,0.00,12.00)+0.25*scale(11.00-feature_games_played,0.00,11.00)+0.25*scale(0.14-feature_target_share,0.00,0.14)"
00-0038679,T.Shavers,2024,2025,WR,0.0000,84.6250,18.8889,0.0000,100.0000,0.0000,47.7273,30.8523,wr_signal_score_role_balanced_v1,"0.50*scale(feature_targets_per_game,4.00,10.00)+0.50*scale(feature_target_share,0.12,0.30)","0.55*scale(feature_ppg_per_target,0.80,2.50)+0.45*scale(feature_ppg,6.00,18.00)","0.40*scale(48.00-feature_finish,0.00,36.00)+0.60*scale(expected_ppg_baseline-feature_ppg,0.00,4.00)","0.65*scale(feature_games_played,8.00,17.00)+0.35*scale(feature_total_ppr,80.00,260.00)","0.50*scale(feature_ppg_minus_cohort_expected,0.00,6.00)+0.30*scale(expected_finish_from_cohort-feature_finish,0.00,36.00)+0.20*scale(cohort_player_count,1.00,18.00)","0.20*scale(route_participation_season_avg,0.50,0.95)+0.20*scale(target_share_season_avg,0.10,0.32)+0.15*scale(air_yard_share_season_avg,0.08,0.38)+0.15*scale(routes_consistency_index,0.60,0.95)+0.15*scale(target_earning_index,0.12,0.45)+0.15*scale(opportunity_concentration_score,0.18,0.56)","0.50*scale(12.00-feature_finish,0.00,12.00)+0.25*scale(11.00-feature_games_played,0.00,11.00)+0.25*scale(0.14-feature_target_share,0.00,0.14)"
00-0039855,J.McMillan,2024,2025,WR,3.8458,66.2034,0.0000,46.8834,78.0008,0.0000,25.0000,29.4885,wr_signal_score_role_balanced_v1,"0.50*scale(feature_targets_per_game,4.00,10.00)+0.50*scale(feature_target_share,0.12,0.30)","0.55*scale(feature_ppg_per_target,0.80,2.50)+0.45*scale(feature_ppg,6.00,18.00)","0.40*scale(48.00-feature_finish,0.00,36.00)+0.60*scale(expected_ppg_baseline-feature_ppg,0.00,4.00)","0.65*scale(feature_games_played,8.00,17.00)+0.35*scale(feature_total_ppr,80.00,260.00)","0.50*scale(feature_ppg_minus_cohort_expected,0.00,6.00)+0.30*scale(expected_finish_from_cohort-feature_finish,0.00,36.00)+0.20*scale(cohort_player_count,1.00,18.00)","0.20*scale(route_participation_season_avg,0.50,0.95)+0.20*scale(target_share_season_avg,0.10,0.32)+0.15*scale(air_yard_share_season_avg,0.08,0.38)+0.15*scale(routes_consistency_index,0.60,0.95)+0.15*scale(target_earning_index,0.12,0.45)+0.15*scale(opportunity_concentration_score,0.18,0.56)","0.50*scale(12.00-feature_finish,0.00,12.00)+0.25*scale(11.00-feature_games_played,0.00,11.00)+0.25*scale(0.14-feature_target_share,0.00,0.14)"
00-0038977,T.Dell,2024,2025,WR,14.8809,45.0364,0.0000,55.0000,73.1542,0.0000,25.0000,29.1446,wr_signal_score_role_balanced_v1,"0.50*scale(feature_targets_per_game,4.00,10.00)+0.50*scale(feature_target_share,0.12,0.30)","0.55*scale(feature_ppg_per_target,0.80,2.50)+0.45*scale(feature_ppg,6.00,18.00)","0.40*scale(48.00-feature_finish,0.00,36.00)+0.60*scale(expected_ppg_baseline-feature_ppg,0.00,4.00)","0.65*scale(feature_games_played,8.00,17.00)+0.35*scale(feature_total_ppr,80.00,260.00)","0.50*scale(feature_ppg_minus_cohort_expected,0.00,6.00)+0.30*scale(expected_finish_from_cohort-feature_finish,0.00,36.00)+0.20*scale(cohort_player_count,1.00,18.00)","0.20*scale(route_participation_season_avg,0.50,0.95)+0.20*scale(target_share_season_avg,0.10,0.32)+0.15*scale(air_yard_share_season_avg,0.08,0.38)+0.15*scale(routes_consistency_index,0.60,0.95)+0.15*scale(target_earning_index,0.12,0.45)+0.15*scale(opportunity_concentration_score,0.18,0.56)","0.50*scale(12.00-feature_finish,0.00,12.00)+0.25*scale(11.00-feature_games_played,0.00,11.00)+0.25*scale(0.14-feature_target_share,0.00,0.14)"
00-0036613,J.Waddle,2024,2025,WR,12.7775,47.3311,0.0000,64.0889,66.4383,0.0000,25.0000,28.9567,wr_signal_score_role_balanced_v1,"0.50*scale(feature_targets_per_game,4.00,10.00)+0.50*scale(feature_target_share,0.12,0.30)","0.55*scale(feature_ppg_per_target,0.80,2.50)+0.45*scale(feature_ppg,6.00,18.00)","0.40*scale(48.00-feature_finish,0.00,36.00)+0.60*scale(expected_ppg_baseline-feature_ppg,0.00,4.00)","0.65*scale(feature_games_played,8.00,17.00)+0.35*scale(feature_total_ppr,80.00,260.00)","0.50*scale(feature_ppg_minus_cohort_expected,0.00,6.00)+0.30*scale(expected_finish_from_cohort-feature_finish,0.00,36.00)+0.20*scale(cohort_player_count,1.00,18.00)","0.20*scale(route_participation_season_avg,0.50,0.95)+0.20*scale(target_share_season_avg,0.10,0.32)+0.15*scale(air_yard_share_season_avg,0.08,0.38)+0.15*scale(routes_consistency_index,0.60,0.95)+0.15*scale(target_earning_index,0.12,0.45)+0.15*scale(opportunity_concentration_score,0.18,0.56)","0.50*scale(12.00-feature_finish,0.00,12.00)+0.25*scale(11.00-feature_games_played,0.00,11.00)+0.25*scale(0.14-feature_target_share,0.00,0.14)"
00-0038621,D.Douglas,2024,2025,WR,11.9792,41.1606,0.0000,70.9417,66.7484,0.0000,25.0000,28.7862,wr_signal_score_role_balanced_v1,"0.50*scale(feature_targets_per_game,4.00,10.00)+0.50*scale(feature_target_share,0.12,0.30)","0.55*scale(feature_ppg_per_target,0.80,2.50)+0.45*scale(feature_ppg,6.00,18.00)","0.40*scale(48.00-feature_finish,0.00,36.00)+0.60*scale(expected_ppg_baseline-feature_ppg,0.00,4.00)","0.65*scale(feature_games_played,8.00,17.00)+0.35*scale(feature_total_ppr,80.00,260.00)","0.50*scale(feature_ppg_minus_cohort_expected,0.00,6.00)+0.30*scale(expected_finish_from_cohort-feature_finish,0.00,36.00)+0.20*scale(cohort_player_count,1.00,18.00)","0.20*scale(route_participation_season_avg,0.50,0.95)+0.20*scale(target_share_season_avg,0.10,0.32)+0.15*scale(air_yard_share_season_avg,0.08,0.38)+0.15*scale(routes_consistency_index,0.60,0.95)+0.15*scale(target_earning_index,0.12,0.45)+0.15*scale(opportunity_concentration_score,0.18,0.56)","0.50*scale(12.00-feature_finish,0.00,12.00)+0.25*scale(11.00-feature_games_played,0.00,11.00)+0.25*scale(0.14-feature_target_share,0.00,0.14)"
00-0039919,R.Odunze,2024,2025,WR,16.1766,29.9959,0.0000,77.6195,62.2350,0.0000,25.0000,28.1746,wr_signal_score_role_balanced_v1,"0.50*scale(feature_targets_per_game,4.00,10.00)+0.50*scale(feature_target_share,0.12,0.30)","0.55*scale(feature_ppg_per_target,0.80,2.50)+0.45*scale(feature_ppg,6.00,18.00)","0.40*scale(48.00-feature_finish,0.00,36.00)+0.60*scale(expected_ppg_baseline-feature_ppg,0.00,4.00)","0.65*scale(feature_games_played,8.00,17.00)+0.35*scale(feature_total_ppr,80.00,260.00)","0.50*scale(feature_ppg_minus_cohort_expected,0.00,6.00)+0.30*scale(expected_finish_from_cohort-feature_finish,0.00,36.00)+0.20*scale(cohort_player_count,1.00,18.00)","0.20*scale(route_participation_season_avg,0.50,0.95)+0.20*scale(target_share_season_avg,0.10,0.32)+0.15*scale(air_yard_share_season_avg,0.08,0.38)+0.15*scale(routes_consistency_index,0.60,0.95)+0.15*scale(target_earning_index,0.12,0.45)+0.15*scale(opportunity_concentration_score,0.18,0.56)","0.50*scale(12.00-feature_finish,0.00,12.00)+0.25*scale(11.00-feature_games_played,0.00,11.00)+0.25*scale(0.14-feature_target_share,0.00,0.14)"
00-0036182,N.Westbrook-Ikhine,2024,2025,WR,5.1284,63.9333,0.0000,46.9417,70.3150,0.0000,25.0000,28.0799,wr_signal_score_role_balanced_v1,"0.50*scale(feature_targets_per_game,4.00,10.00)+0.50*scale(feature_target_share,0.12,0.30)","0.55*scale(feature_ppg_per_target,0.80,2.50)+0.45*scale(feature_ppg,6.00,18.00)","0.40*scale(48.00-feature_finish,0.00,36.00)+0.60*scale(expected_ppg_baseline-feature_ppg,0.00,4.00)","0.65*scale(feature_games_played,8.00,17.00)+0.35*scale(feature_total_ppr,80.00,260.00)","0.50*scale(feature_ppg_minus_cohort_expected,0.00,6.00)+0.30*scale(expected_finish_from_cohort-feature_finish,0.00,36.00)+0.20*scale(cohort_player_count,1.00,18.00)","0.20*scale(route_participation_season_avg,0.50,0.95)+0.20*scale(target_share_season_avg,0.10,0.32)+0.15*scale(air_yard_share_season_avg,0.08,0.38)+0.15*scale(routes_consistency_index,0.60,0.95)+0.15*scale(target_earning_index,0.12,0.45)+0.15*scale(opportunity_concentration_score,0.18,0.56)","0.50*scale(12.00-feature_finish,0.00,12.00)+0.25*scale(11.00-feature_games_played,0.00,11.00)+0.25*scale(0.14-feature_target_share,0.00,0.14)"
00-0037666,J.Tolbert,2024,2025,WR,5.3925,47.3953,0.0000,79.0000,59.5859,0.0000,25.0000,27.8990,wr_signal_score_role_balanced_v1,"0.50*scale(feature_targets_per_game,4.00,10.00)+0.50*scale(feature_target_share,0.12,0.30)","0.55*scale(feature_ppg_per_target,0.80,2.50)+0.45*scale(feature_ppg,6.00,18.00)","0.40*scale(48.00-feature_finish,0.00,36.00)+0.60*scale(expected_ppg_baseline-feature_ppg,0.00,4.00)","0.65*scale(feature_games_played,8.00,17.00)+0.35*scale(feature_total_ppr,80.00,260.00)","0.50*scale(feature_ppg_minus_cohort_expected,0.00,6.00)+0.30*scale(expected_finish_from_cohort-feature_finish,0.00,36.00)+0.20*scale(cohort_player_count,1.00,18.00)","0.20*scale(route_participation_season_avg,0.50,0.95)+0.20*scale(target_share_season_avg,0.10,0.32)+0.15*scale(air_yard_share_season_avg,0.08,0.38)+0.15*scale(routes_consistency_index,0.60,0.95)+0.15*scale(target_earning_index,0.12,0.45)+0.15*scale(opportunity_concentration_score,0.18,0.56)","0.50*scale(12.00-feature_finish,0.00,12.00)+0.25*scale(11.00-feature_games_played,0.00,11.00)+0.25*scale(0.14-feature_target_share,0.00,0.14)"
00-0037816,R.Doubs,2024,2025,WR,12.8209,49.0816,0.0000,46.2417,70.7550,0.0000,25.0000,27.6866,wr_signal_score_role_balanced_v1,"0.50*scale(feature_targets_per_game,4.00,10.00)+0.50*scale(feature_target_share,0.12,0.30)","0.55*scale(feature_ppg_per_target,0.80,2.50)+0.45*scale(feature_ppg,6.00,18.00)","0.40*scale(48.00-feature_finish,0.00,36.00)+0.60*scale(expected_ppg_baseline-feature_ppg,0.00,4.00)","0.65*scale(feature_games_played,8.00,17.00)+0.35*scale(feature_total_ppr,80.00,260.00)","0.50*scale(feature_ppg_minus_cohort_expected,0.00,6.00)+0.30*scale(expected_finish_from_cohort-feature_finish,0.00,36.00)+0.20*scale(cohort_player_count,1.00,18.00)","0.20*scale(route_participation_season_avg,0.50,0.95)+0.20*scale(target_share_season_avg,0.10,0.32)+0.15*scale(air_yard_share_season_avg,0.08,0.38)+0.15*scale(routes_consistency_index,0.60,0.95)+0.15*scale(target_earning_index,0.12,0.45)+0.15*scale(opportunity_concentration_score,0.18,0.56)","0.50*scale(12.00-feature_finish,0.00,12.00)+0.25*scale(11.00-feature_games_played,0.00,11.00)+0.25*scale(0.14-feature_target_share,0.00,0.14)"
00-0034521,A.Lazard,2024,2025,WR,9.0275,57.8205,0.0000,37.8333,70.8275,0.0000,25.0000,27.0070,wr_signal_score_role_balanced_v1,"0.50*scale(feature_targets_per_game,4.00,10.00)+0.50*scale(feature_target_share,0.12,0.30)","0.55*scale(feature_ppg_per_target,0.80,2.50)+0.45*scale(feature_ppg,6.00,18.00)","0.40*scale(48.00-feature_finish,0.00,36.00)+0.60*scale(expected_ppg_baseline-feature_ppg,0.00,4.00)","0.65*scale(feature_games_played,8.00,17.00)+0.35*scale(feature_total_ppr,80.00,260.00)","0.50*scale(feature_ppg_minus_cohort_expected,0.00,6.00)+0.30*scale(expected_finish_from_cohort-feature_finish,0.00,36.00)+0.20*scale(cohort_player_count,1.00,18.00)","0.20*scale(route_participation_season_avg,0.50,0.95)+0.20*scale(target_share_season_avg,0.10,0.32)+0.15*scale(air_yard_share_season_avg,0.08,0.38)+0.15*scale(routes_consistency_index,0.60,0.95)+0.15*scale(target_earning_index,0.12,0.45)+0.15*scale(opportunity_concentration_score,0.18,0.56)","0.50*scale(12.00-feature_finish,0.00,12.00)+0.25*scale(11.00-feature_games_played,0.00,11.00)+0.25*scale(0.14-feature_target_share,0.00,0.14)"
00-0030564,D.Hopkins,2024,2025,WR,8.3333,45.5193,0.0000,70.8056,57.1701,0.0000,25.0000,26.8232,wr_signal_score_role_balanced_v1,"0.50*scale(feature_targets_per_game,4.00,10.00)+0.50*scale(feature_target_share,0.12,0.30)","0.55*scale(feature_ppg_per_target,0.80,2.50)+0.45*scale(feature_ppg,6.00,18.00)","0.40*scale(48.00-feature_finish,0.00,36.00)+0.60*scale(expected_ppg_baseline-feature_ppg,0.00,4.00)","0.65*scale(feature_games_played,8.00,17.00)+0.35*scale(feature_total_ppr,80.00,260.00)","0.50*scale(feature_ppg_minus_cohort_expected,0.00,6.00)+0.30*scale(expected_finish_from_cohort-feature_finish,0.00,36.00)+0.20*scale(cohort_player_count,1.00,18.00)","0.20*scale(route_participation_season_avg,0.50,0.95)+0.20*scale(target_share_season_avg,0.10,0.32)+0.15*scale(air_yard_share_season_avg,0.08,0.38)+0.15*scale(routes_consistency_index,0.60,0.95)+0.15*scale(target_earning_index,0.12,0.45)+0.15*scale(opportunity_concentration_score,0.18,0.56)","0.50*scale(12.00-feature_finish,0.00,12.00)+0.25*scale(11.00-feature_games_played,0.00,11.00)+0.25*scale(0.14-feature_target_share,0.00,0.14)"
00-0037524,T.Martin,2024,2025,WR,0.0000,77.1250,8.8889,0.0000,90.3725,0.0000,47.7273,26.3944,wr_signal_score_role_balanced_v1,"0.50*scale(feature_targets_per_game,4.00,10.00)+0.50*scale(feature_target_share,0.12,0.30)","0.55*scale(feature_ppg_per_target,0.80,2.50)+0.45*scale(feature_ppg,6.00,18.00)","0.40*scale(48.00-feature_finish,0.00,36.00)+0.60*scale(expected_ppg_baseline-feature_ppg,0.00,4.00)","0.65*scale(feature_games_played,8.00,17.00)+0.35*scale(feature_total_ppr,80.00,260.00)","0.50*scale(feature_ppg_minus_cohort_expected,0.00,6.00)+0.30*scale(expected_finish_from_cohort-feature_finish,0.00,36.00)+0.20*scale(cohort_player_count,1.00,18.00)","0.20*scale(route_participation_season_avg,0.50,0.95)+0.20*scale(target_share_season_avg,0.10,0.32)+0.15*scale(air_yard_share_season_avg,0.08,0.38)+0.15*scale(routes_consistency_index,0.60,0.95)+0.15*scale(target_earning_index,0.12,0.45)+0.15*scale(opportunity_concentration_score,0.18,0.56)","0.50*scale(12.00-feature_finish,0.00,12.00)+0.25*scale(11.00-feature_games_played,0.00,11.00)+0.25*scale(0.14-feature_target_share,0.00,0.14)"
00-0031544,A.Cooper,2024,2025,WR,21.1542,33.7142,0.0000,44.4139,61.7617,0.0000,25.0000,25.5251,wr_signal_score_role_balanced_v1,"0.50*scale(feature_targets_per_game,4.00,10.00)+0.50*scale(feature_target_share,0.12,0.30)","0.55*scale(feature_ppg_per_target,0.80,2.50)+0.45*scale(feature_ppg,6.00,18.00)","0.40*scale(48.00-feature_finish,0.00,36.00)+0.60*scale(expected_ppg_baseline-feature_ppg,0.00,4.00)","0.65*scale(feature_games_played,8.00,17.00)+0.35*scale(feature_total_ppr,80.00,260.00)","0.50*scale(feature_ppg_minus_cohort_expected,0.00,6.00)+0.30*scale(expected_finish_from_cohort-feature_finish,0.00,36.00)+0.20*scale(cohort_player_count,1.00,18.00)","0.20*scale(route_participation_season_avg,0.50,0.95)+0.20*scale(target_share_season_avg,0.10,0.32)+0.15*scale(air_yard_share_season_avg,0.08,0.38)+0.15*scale(routes_consistency_index,0.60,0.95)+0.15*scale(target_earning_index,0.12,0.45)+0.15*scale(opportunity_concentration_score,0.18,0.56)","0.50*scale(12.00-feature_finish,0.00,12.00)+0.25*scale(11.00-feature_games_played,0.00,11.00)+0.25*scale(0.14-feature_target_share,0.00,0.14)"
00-0038976,M.Mims,2024,2025,WR,0.0000,62.5407,0.0000,67.4028,47.9075,0.0000,25.0000,25.2668,wr_signal_score_role_balanced_v1,"0.50*scale(feature_targets_per_game,4.00,10.00)+0.50*scale(feature_target_share,0.12,0.30)","0.55*scale(feature_ppg_per_target,0.80,2.50)+0.45*scale(feature_ppg,6.00,18.00)","0.40*scale(48.00-feature_finish,0.00,36.00)+0.60*scale(expected_ppg_baseline-feature_ppg,0.00,4.00)","0.65*scale(feature_games_played,8.00,17.00)+0.35*scale(feature_total_ppr,80.00,260.00)","0.50*scale(feature_ppg_minus_cohort_expected,0.00,6.00)+0.30*scale(expected_finish_from_cohort-feature_finish,0.00,36.00)+0.20*scale(cohort_player_count,1.00,18.00)","0.20*scale(route_participation_season_avg,0.50,0.95)+0.20*scale(target_share_season_avg,0.10,0.32)+0.15*scale(air_yard_share_season_avg,0.08,0.38)+0.15*scale(routes_consistency_index,0.60,0.95)+0.15*scale(target_earning_index,0.12,0.45)+0.15*scale(opportunity_concentration_score,0.18,0.56)","0.50*scale(12.00-feature_finish,0.00,12.00)+0.25*scale(11.00-feature_games_played,0.00,11.00)+0.25*scale(0.14-feature_target_share,0.00,0.14)"
00-0039342,X.Legette,2024,2025,WR,13.3333,31.0754,0.0000,59.3250,60.1553,0.0000,25.0000,24.9015,wr_signal_score_role_balanced_v1,"0.50*scale(feature_targets_per_game,4.00,10.00)+0.50*scale(feature_target_share,0.12,0.30)","0.55*scale(feature_ppg_per_target,0.80,2.50)+0.45*scale(feature_ppg,6.00,18.00)","0.40*scale(48.00-feature_finish,0.00,36.00)+0.60*scale(expected_ppg_baseline-feature_ppg,0.00,4.00)","0.65*scale(feature_games_played,8.00,17.00)+0.35*scale(feature_total_ppr,80.00,260.00)","0.50*scale(feature_ppg_minus_cohort_expected,0.00,6.00)+0.30*scale(expected_finish_from_cohort-feature_finish,0.00,36.00)+0.20*scale(cohort_player_count,1.00,18.00)","0.20*scale(route_participation_season_avg,0.50,0.95)+0.20*scale(target_share_season_avg,0.10,0.32)+0.15*scale(air_yard_share_season_avg,0.08,0.38)+0.15*scale(routes_consistency_index,0.60,0.95)+0.15*scale(target_earning_index,0.12,0.45)+0.15*scale(opportunity_concentration_score,0.18,0.56)","0.50*scale(12.00-feature_finish,0.00,12.00)+0.25*scale(11.00-feature_games_played,0.00,11.00)+0.25*scale(0.14-feature_target_share,0.00,0.14)"
00-0034407,R.McCloud,2024,2025,WR,9.3133,36.0440,0.0000,77.1528,42.1276,0.0000,25.0000,23.7546,wr_signal_score_role_balanced_v1,"0.50*scale(feature_targets_per_game,4.00,10.00)+0.50*scale(feature_target_share,0.12,0.30)","0.55*scale(feature_ppg_per_target,0.80,2.50)+0.45*scale(feature_ppg,6.00,18.00)","0.40*scale(48.00-feature_finish,0.00,36.00)+0.60*scale(expected_ppg_baseline-feature_ppg,0.00,4.00)","0.65*scale(feature_games_played,8.00,17.00)+0.35*scale(feature_total_ppr,80.00,260.00)","0.50*scale(feature_ppg_minus_cohort_expected,0.00,6.00)+0.30*scale(expected_finish_from_cohort-feature_finish,0.00,36.00)+0.20*scale(cohort_player_count,1.00,18.00)","0.20*scale(route_participation_season_avg,0.50,0.95)+0.20*scale(target_share_season_avg,0.10,0.32)+0.15*scale(air_yard_share_season_avg,0.08,0.38)+0.15*scale(routes_consistency_index,0.60,0.95)+0.15*scale(target_earning_index,0.12,0.45)+0.15*scale(opportunity_concentration_score,0.18,0.56)","0.50*scale(12.00-feature_finish,0.00,12.00)+0.25*scale(11.00-feature_games_played,0.00,11.00)+0.25*scale(0.14-feature_target_share,0.00,0.14)"
00-0039901,K.Coleman,2024,2025,WR,3.2050,47.0682,0.0000,42.2361,62.6800,0.0000,25.0000,23.1025,wr_signal_score_role_balanced_v1,"0.50*scale(feature_targets_per_game,4.00,10.00)+0.50*scale(feature_target_share,0.12,0.30)","0.55*scale(feature_ppg_per_target,0.80,2.50)+0.45*scale(feature_ppg,6.00,18.00)","0.40*scale(48.00-feature_finish,0.00,36.00)+0.60*scale(expected_ppg_baseline-feature_ppg,0.00,4.00)","0.65*scale(feature_games_played,8.00,17.00)+0.35*scale(feature_total_ppr,80.00,260.00)","0.50*scale(feature_ppg_minus_cohort_expected,0.00,6.00)+0.30*scale(expected_finish_from_cohort-feature_finish,0.00,36.00)+0.20*scale(cohort_player_count,1.00,18.00)","0.20*scale(route_participation_season_avg,0.50,0.95)+0.20*scale(target_share_season_avg,0.10,0.32)+0.15*scale(air_yard_share_season_avg,0.08,0.38)+0.15*scale(routes_consistency_index,0.60,0.95)+0.15*scale(target_earning_index,0.12,0.45)+0.15*scale(opportunity_concentration_score,0.18,0.56)","0.50*scale(12.00-feature_finish,0.00,12.00)+0.25*scale(11.00-feature_games_played,0.00,11.00)+0.25*scale(0.14-feature_target_share,0.00,0.14)"
00-0038608,K.Boutte,2024,2025,WR,4.4441,40.0906,0.0000,58.7028,49.8483,0.0000,25.0000,22.1842,wr_signal_score_role_balanced_v1,"0.50*scale(feature_targets_per_game,4.00,10.00)+0.50*scale(feature_target_share,0.12,0.30)","0.55*scale(feature_ppg_per_target,0.80,2.50)+0.45*scale(feature_ppg,6.00,18.00)","0.40*scale(48.00-feature_finish,0.00,36.00)+0.60*scale(expected_ppg_baseline-feature_ppg,0.00,4.00)","0.65*scale(feature_games_played,8.00,17.00)+0.35*scale(feature_total_ppr,80.00,260.00)","0.50*scale(feature_ppg_minus_cohort_expected,0.00,6.00)+0.30*scale(expected_finish_from_cohort-feature_finish,0.00,36.00)+0.20*scale(cohort_player_count,1.00,18.00)","0.20*scale(route_participation_season_avg,0.50,0.95)+0.20*scale(target_share_season_avg,0.10,0.32)+0.15*scale(air_yard_share_season_avg,0.08,0.38)+0.15*scale(routes_consistency_index,0.60,0.95)+0.15*scale(target_earning_index,0.12,0.45)+0.15*scale(opportunity_concentration_score,0.18,0.56)","0.50*scale(12.00-feature_finish,0.00,12.00)+0.25*scale(11.00-feature_games_played,0.00,11.00)+0.25*scale(0.14-feature_target_share,0.00,0.14)"
00-0039916,R.Pearsall,2024,2025,WR,5.0000,52.4410,0.0000,17.0694,69.1225,0.0000,27.2727,22.0909,wr_signal_score_role_balanced_v1,"0.50*scale(feature_targets_per_game,4.00,10.00)+0.50*scale(feature_target_share,0.12,0.30)","0.55*scale(feature_ppg_per_target,0.80,2.50)+0.45*scale(feature_ppg,6.00,18.00)","0.40*scale(48.00-feature_finish,0.00,36.00)+0.60*scale(expected_ppg_baseline-feature_ppg,0.00,4.00)","0.65*scale(feature_games_played,8.00,17.00)+0.35*scale(feature_total_ppr,80.00,260.00)","0.50*scale(feature_ppg_minus_cohort_expected,0.00,6.00)+0.30*scale(expected_finish_from_cohort-feature_finish,0.00,36.00)+0.20*scale(cohort_player_count,1.00,18.00)","0.20*scale(route_participation_season_avg,0.50,0.95)+0.20*scale(target_share_season_avg,0.10,0.32)+0.15*scale(air_yard_share_season_avg,0.08,0.38)+0.15*scale(routes_consistency_index,0.60,0.95)+0.15*scale(target_earning_index,0.12,0.45)+0.15*scale(opportunity_concentration_score,0.18,0.56)","0.50*scale(12.00-feature_finish,0.00,12.00)+0.25*scale(11.00-feature_games_played,0.00,11.00)+0.25*scale(0.14-feature_target_share,0.00,0.14)"
00-0038563,T.Tucker,2024,2025,WR,6.3725,31.7847,0.0000,74.5861,40.5083,0.0000,25.0000,21.7848,wr_signal_score_role_balanced_v1,"0.50*scale(feature_targets_per_game,4.00,10.00)+0.50*scale(feature_target_share,0.12,0.30)","0.55*scale(feature_ppg_per_target,0.80,2.50)+0.45*scale(feature_ppg,6.00,18.00)","0.40*scale(48.00-feature_finish,0.00,36.00)+0.60*scale(expected_ppg_baseline-feature_ppg,0.00,4.00)","0.65*scale(feature_games_played,8.00,17.00)+0.35*scale(feature_total_ppr,80.00,260.00)","0.50*scale(feature_ppg_minus_cohort_expected,0.00,6.00)+0.30*scale(expected_finish_from_cohort-feature_finish,0.00,36.00)+0.20*scale(cohort_player_count,1.00,18.00)","0.20*scale(route_participation_season_avg,0.50,0.95)+0.20*scale(target_share_season_avg,0.10,0.32)+0.15*scale(air_yard_share_season_avg,0.08,0.38)+0.15*scale(routes_consistency_index,0.60,0.95)+0.15*scale(target_earning_index,0.12,0.45)+0.15*scale(opportunity_concentration_score,0.18,0.56)","0.50*scale(12.00-feature_finish,0.00,12.00)+0.25*scale(11.00-feature_games_played,0.00,11.00)+0.25*scale(0.14-feature_target_share,0.00,0.14)"
00-0039424,D.Vele,2024,2025,WR,1.9233,44.9854,0.0000,41.2639,58.0911,0.0000,25.0000,21.5301,wr_signal_score_role_balanced_v1,"0.50*scale(feature_targets_per_game,4.00,10.00)+0.50*scale(feature_target_share,0.12,0.30)","0.55*scale(feature_ppg_per_target,0.80,2.50)+0.45*scale(feature_ppg,6.00,18.00)","0.40*scale(48.00-feature_finish,0.00,36.00)+0.60*scale(expected_ppg_baseline-feature_ppg,0.00,4.00)","0.65*scale(feature_games_played,8.00,17.00)+0.35*scale(feature_total_ppr,80.00,260.00)","0.50*scale(feature_ppg_minus_cohort_expected,0.00,6.00)+0.30*scale(expected_finish_from_cohort-feature_finish,0.00,36.00)+0.20*scale(cohort_player_count,1.00,18.00)","0.20*scale(route_participation_season_avg,0.50,0.95)+0.20*scale(target_share_season_avg,0.10,0.32)+0.15*scale(air_yard_share_season_avg,0.08,0.38)+0.15*scale(routes_consistency_index,0.60,0.95)+0.15*scale(target_earning_index,0.12,0.45)+0.15*scale(opportunity_concentration_score,0.18,0.56)","0.50*scale(12.00-feature_finish,0.00,12.00)+0.25*scale(11.00-feature_games_played,0.00,11.00)+0.25*scale(0.14-feature_target_share,0.00,0.14)"
00-0038559,M.Wilson,2024,2025,WR,3.6458,37.5291,0.0000,66.4306,43.6367,0.0000,25.0000,21.4949,wr_signal_score_role_balanced_v1,"0.50*scale(feature_targets_per_game,4.00,10.00)+0.50*scale(feature_target_share,0.12,0.30)","0.55*scale(feature_ppg_per_target,0.80,2.50)+0.45*scale(feature_ppg,6.00,18.00)","0.40*scale(48.00-feature_finish,0.00,36.00)+0.60*scale(expected_ppg_baseline-feature_ppg,0.00,4.00)","0.65*scale(feature_games_played,8.00,17.00)+0.35*scale(feature_total_ppr,80.00,260.00)","0.50*scale(feature_ppg_minus_cohort_expected,0.00,6.00)+0.30*scale(expected_finish_from_cohort-feature_finish,0.00,36.00)+0.20*scale(cohort_player_count,1.00,18.00)","0.20*scale(route_participation_season_avg,0.50,0.95)+0.20*scale(target_share_season_avg,0.10,0.32)+0.15*scale(air_yard_share_season_avg,0.08,0.38)+0.15*scale(routes_consistency_index,0.60,0.95)+0.15*scale(target_earning_index,0.12,0.45)+0.15*scale(opportunity_concentration_score,0.18,0.56)","0.50*scale(12.00-feature_finish,0.00,12.00)+0.25*scale(11.00-feature_games_played,0.00,11.00)+0.25*scale(0.14-feature_target_share,0.00,0.14)"
00-0037837,C.Austin,2024,2025,WR,0.0000,45.6474,0.0000,72.9333,31.4717,0.0000,25.0000,20.4933,wr_signal_score_role_balanced_v1,"0.50*scale(feature_targets_per_game,4.00,10.00)+0.50*scale(feature_target_share,0.12,0.30)","0.55*scale(feature_ppg_per_target,0.80,2.50)+0.45*scale(feature_ppg,6.00,18.00)","0.40*scale(48.00-feature_finish,0.00,36.00)+0.60*scale(expected_ppg_baseline-feature_ppg,0.00,4.00)","0.65*scale(feature_games_played,8.00,17.00)+0.35*scale(feature_total_ppr,80.00,260.00)","0.50*scale(feature_ppg_minus_cohort_expected,0.00,6.00)+0.30*scale(expected_finish_from_cohort-feature_finish,0.00,36.00)+0.20*scale(cohort_player_count,1.00,18.00)","0.20*scale(route_participation_season_avg,0.50,0.95)+0.20*scale(target_share_season_avg,0.10,0.32)+0.15*scale(air_yard_share_season_avg,0.08,0.38)+0.15*scale(routes_consistency_index,0.60,0.95)+0.15*scale(target_earning_index,0.12,0.45)+0.15*scale(opportunity_concentration_score,0.18,0.56)","0.50*scale(12.00-feature_finish,0.00,12.00)+0.25*scale(11.00-feature_games_played,0.00,11.00)+0.25*scale(0.14-feature_target_share,0.00,0.14)"
00-0036183,K.Wilkerson,2024,2025,WR,0.0000,69.2500,0.0000,0.0000,71.4875,0.0000,47.7273,20.3916,wr_signal_score_role_balanced_v1,"0.50*scale(feature_targets_per_game,4.00,10.00)+0.50*scale(feature_target_share,0.12,0.30)","0.55*scale(feature_ppg_per_target,0.80,2.50)+0.45*scale(feature_ppg,6.00,18.00)","0.40*scale(48.00-feature_finish,0.00,36.00)+0.60*scale(expected_ppg_baseline-feature_ppg,0.00,4.00)","0.65*scale(feature_games_played,8.00,17.00)+0.35*scale(feature_total_ppr,80.00,260.00)","0.50*scale(feature_ppg_minus_cohort_expected,0.00,6.00)+0.30*scale(expected_finish_from_cohort-feature_finish,0.00,36.00)+0.20*scale(cohort_player_count,1.00,18.00)","0.20*scale(route_participation_season_avg,0.50,0.95)+0.20*scale(target_share_season_avg,0.10,0.32)+0.15*scale(air_yard_share_season_avg,0.08,0.38)+0.15*scale(routes_consistency_index,0.60,0.95)+0.15*scale(target_earning_index,0.12,0.45)+0.15*scale(opportunity_concentration_score,0.18,0.56)","0.50*scale(12.00-feature_finish,0.00,12.00)+0.25*scale(11.00-feature_games_played,0.00,11.00)+0.25*scale(0.14-feature_target_share,0.00,0.14)"
00-0039491,J.Coker,2024,2025,WR,1.5150,48.2721,0.0000,24.1089,61.3267,0.0000,25.0000,20.2774,wr_signal_score_role_balanced_v1,"0.50*scale(feature_targets_per_game,4.00,10.00)+0.50*scale(feature_target_share,0.12,0.30)","0.55*scale(feature_ppg_per_target,0.80,2.50)+0.45*scale(feature_ppg,6.00,18.00)","0.40*scale(48.00-feature_finish,0.00,36.00)+0.60*scale(expected_ppg_baseline-feature_ppg,0.00,4.00)","0.65*scale(feature_games_played,8.00,17.00)+0.35*scale(feature_total_ppr,80.00,260.00)","0.50*scale(feature_ppg_minus_cohort_expected,0.00,6.00)+0.30*scale(expected_finish_from_cohort-feature_finish,0.00,36.00)+0.20*scale(cohort_player_count,1.00,18.00)","0.20*scale(route_participation_season_avg,0.50,0.95)+0.20*scale(target_share_season_avg,0.10,0.32)+0.15*scale(air_yard_share_season_avg,0.08,0.38)+0.15*scale(routes_consistency_index,0.60,0.95)+0.15*scale(target_earning_index,0.12,0.45)+0.15*scale(opportunity_concentration_score,0.18,0.56)","0.50*scale(12.00-feature_finish,0.00,12.00)+0.25*scale(11.00-feature_games_played,0.00,11.00)+0.25*scale(0.14-feature_target_share,0.00,0.14)"
00-0038619,A.Iosivas,2024,2025,WR,0.0000,41.6588,0.0000,72.7583,30.6383,0.0000,25.0000,19.7223,wr_signal_score_role_balanced_v1,"0.50*scale(feature_targets_per_game,4.00,10.00)+0.50*scale(feature_target_share,0.12,0.30)","0.55*scale(feature_ppg_per_target,0.80,2.50)+0.45*scale(feature_ppg,6.00,18.00)","0.40*scale(48.00-feature_finish,0.00,36.00)+0.60*scale(expected_ppg_baseline-feature_ppg,0.00,4.00)","0.65*scale(feature_games_played,8.00,17.00)+0.35*scale(feature_total_ppr,80.00,260.00)","0.50*scale(feature_ppg_minus_cohort_expected,0.00,6.00)+0.30*scale(expected_finish_from_cohort-feature_finish,0.00,36.00)+0.20*scale(cohort_player_count,1.00,18.00)","0.20*scale(route_participation_season_avg,0.50,0.95)+0.20*scale(target_share_season_avg,0.10,0.32)+0.15*scale(air_yard_share_season_avg,0.08,0.38)+0.15*scale(routes_consistency_index,0.60,0.95)+0.15*scale(target_earning_index,0.12,0.45)+0.15*scale(opportunity_concentration_score,0.18,0.56)","0.50*scale(12.00-feature_finish,0.00,12.00)+0.25*scale(11.00-feature_games_played,0.00,11.00)+0.25*scale(0.14-feature_target_share,0.00,0.14)"
00-0037239,C.Olave,2024,2025,WR,12.5000,43.9678,0.0000,0.0000,65.9716,0.0000,31.8182,19.5610,wr_signal_score_role_balanced_v1,"0.50*scale(feature_targets_per_game,4.00,10.00)+0.50*scale(feature_target_share,0.12,0.30)","0.55*scale(feature_ppg_per_target,0.80,2.50)+0.45*scale(feature_ppg,6.00,18.00)","0.40*scale(48.00-feature_finish,0.00,36.00)+0.60*scale(expected_ppg_baseline-feature_ppg,0.00,4.00)","0.65*scale(feature_games_played,8.00,17.00)+0.35*scale(feature_total_ppr,80.00,260.00)","0.50*scale(feature_ppg_minus_cohort_expected,0.00,6.00)+0.30*scale(expected_finish_from_cohort-feature_finish,0.00,36.00)+0.20*scale(cohort_player_count,1.00,18.00)","0.20*scale(route_participation_season_avg,0.50,0.95)+0.20*scale(target_share_season_avg,0.10,0.32)+0.15*scale(air_yard_share_season_avg,0.08,0.38)+0.15*scale(routes_consistency_index,0.60,0.95)+0.15*scale(target_earning_index,0.12,0.45)+0.15*scale(opportunity_concentration_score,0.18,0.56)","0.50*scale(12.00-feature_finish,0.00,12.00)+0.25*scale(11.00-feature_games_played,0.00,11.00)+0.25*scale(0.14-feature_target_share,0.00,0.14)"
00-0032775,D.Robinson,2024,2025,WR,0.0000,41.2915,0.0000,73.4583,28.9468,0.0000,25.0000,19.4537,wr_signal_score_role_balanced_v1,"0.50*scale(feature_targets_per_game,4.00,10.00)+0.50*scale(feature_target_share,0.12,0.30)","0.55*scale(feature_ppg_per_target,0.80,2.50)+0.45*scale(feature_ppg,6.00,18.00)","0.40*scale(48.00-feature_finish,0.00,36.00)+0.60*scale(expected_ppg_baseline-feature_ppg,0.00,4.00)","0.65*scale(feature_games_played,8.00,17.00)+0.35*scale(feature_total_ppr,80.00,260.00)","0.50*scale(feature_ppg_minus_cohort_expected,0.00,6.00)+0.30*scale(expected_finish_from_cohort-feature_finish,0.00,36.00)+0.20*scale(cohort_player_count,1.00,18.00)","0.20*scale(route_participation_season_avg,0.50,0.95)+0.20*scale(target_share_season_avg,0.10,0.32)+0.15*scale(air_yard_share_season_avg,0.08,0.38)+0.15*scale(routes_consistency_index,0.60,0.95)+0.15*scale(target_earning_index,0.12,0.45)+0.15*scale(opportunity_concentration_score,0.18,0.56)","0.50*scale(12.00-feature_finish,0.00,12.00)+0.25*scale(11.00-feature_games_played,0.00,11.00)+0.25*scale(0.14-feature_target_share,0.00,0.14)"
00-0038979,C.Tillman,2024,2025,WR,12.0366,38.2032,0.0000,7.3000,64.2650,0.0000,29.5454,19.3632,wr_signal_score_role_balanced_v1,"0.50*scale(feature_targets_per_game,4.00,10.00)+0.50*scale(feature_target_share,0.12,0.30)","0.55*scale(feature_ppg_per_target,0.80,2.50)+0.45*scale(feature_ppg,6.00,18.00)","0.40*scale(48.00-feature_finish,0.00,36.00)+0.60*scale(expected_ppg_baseline-feature_ppg,0.00,4.00)","0.65*scale(feature_games_played,8.00,17.00)+0.35*scale(feature_total_ppr,80.00,260.00)","0.50*scale(feature_ppg_minus_cohort_expected,0.00,6.00)+0.30*scale(expected_finish_from_cohort-feature_finish,0.00,36.00)+0.20*scale(cohort_player_count,1.00,18.00)","0.20*scale(route_participation_season_avg,0.50,0.95)+0.20*scale(target_share_season_avg,0.10,0.32)+0.15*scale(air_yard_share_season_avg,0.08,0.38)+0.15*scale(routes_consistency_index,0.60,0.95)+0.15*scale(target_earning_index,0.12,0.45)+0.15*scale(opportunity_concentration_score,0.18,0.56)","0.50*scale(12.00-feature_finish,0.00,12.00)+0.25*scale(11.00-feature_games_played,0.00,11.00)+0.25*scale(0.14-feature_target_share,0.00,0.14)"
00-0037291,J.Nailor,2024,2025,WR,0.0000,58.7500,0.0000,55.4167,26.5000,0.0000,25.0000,19.2867,wr_signal_score_role_balanced_v1,"0.50*scale(feature_targets_per_game,4.00,10.00)+0.50*scale(feature_target_share,0.12,0.30)","0.55*scale(feature_ppg_per_target,0.80,2.50)+0.45*scale(feature_ppg,6.00,18.00)","0.40*scale(48.00-feature_finish,0.00,36.00)+0.60*scale(expected_ppg_baseline-feature_ppg,0.00,4.00)","0.65*scale(feature_games_played,8.00,17.00)+0.35*scale(feature_total_ppr,80.00,260.00)","0.50*scale(feature_ppg_minus_cohort_expected,0.00,6.00)+0.30*scale(expected_finish_from_cohort-feature_finish,0.00,36.00)+0.20*scale(cohort_player_count,1.00,18.00)","0.20*scale(route_participation_season_avg,0.50,0.95)+0.20*scale(target_share_season_avg,0.10,0.32)+0.15*scale(air_yard_share_season_avg,0.08,0.38)+0.15*scale(routes_consistency_index,0.60,0.95)+0.15*scale(target_earning_index,0.12,0.45)+0.15*scale(opportunity_concentration_score,0.18,0.56)","0.50*scale(12.00-feature_finish,0.00,12.00)+0.25*scale(11.00-feature_games_played,0.00,11.00)+0.25*scale(0.14-feature_target_share,0.00,0.14)"
00-0036980,E.Moore,2024,2025,WR,16.6667,16.6347,0.0000,72.9528,26.4468,0.0000,25.0000,19.2395,wr_signal_score_role_balanced_v1,"0.50*scale(feature_targets_per_game,4.00,10.00)+0.50*scale(feature_target_share,0.12,0.30)","0.55*scale(feature_ppg_per_target,0.80,2.50)+0.45*scale(feature_ppg,6.00,18.00)","0.40*scale(48.00-feature_finish,0.00,36.00)+0.60*scale(expected_ppg_baseline-feature_ppg,0.00,4.00)","0.65*scale(feature_games_played,8.00,17.00)+0.35*scale(feature_total_ppr,80.00,260.00)","0.50*scale(feature_ppg_minus_cohort_expected,0.00,6.00)+0.30*scale(expected_finish_from_cohort-feature_finish,0.00,36.00)+0.20*scale(cohort_player_count,1.00,18.00)","0.20*scale(route_participation_season_avg,0.50,0.95)+0.20*scale(target_share_season_avg,0.10,0.32)+0.15*scale(air_yard_share_season_avg,0.08,0.38)+0.15*scale(routes_consistency_index,0.60,0.95)+0.15*scale(target_earning_index,0.12,0.45)+0.15*scale(opportunity_concentration_score,0.18,0.56)","0.50*scale(12.00-feature_finish,0.00,12.00)+0.25*scale(11.00-feature_games_played,0.00,11.00)+0.25*scale(0.14-feature_target_share,0.00,0.14)"
00-0032211,T.Lockett,2024,2025,WR,2.9409,31.2106,0.0000,72.9722,27.2801,0.0000,25.0000,18.2842,wr_signal_score_role_balanced_v1,"0.50*scale(feature_targets_per_game,4.00,10.00)+0.50*scale(feature_target_share,0.12,0.30)","0.55*scale(feature_ppg_per_target,0.80,2.50)+0.45*scale(feature_ppg,6.00,18.00)","0.40*scale(48.00-feature_finish,0.00,36.00)+0.60*scale(expected_ppg_baseline-feature_ppg,0.00,4.00)","0.65*scale(feature_games_played,8.00,17.00)+0.35*scale(feature_total_ppr,80.00,260.00)","0.50*scale(feature_ppg_minus_cohort_expected,0.00,6.00)+0.30*scale(expected_finish_from_cohort-feature_finish,0.00,36.00)+0.20*scale(cohort_player_count,1.00,18.00)","0.20*scale(route_participation_season_avg,0.50,0.95)+0.20*scale(target_share_season_avg,0.10,0.32)+0.15*scale(air_yard_share_season_avg,0.08,0.38)+0.15*scale(routes_consistency_index,0.60,0.95)+0.15*scale(target_earning_index,0.12,0.45)+0.15*scale(opportunity_concentration_score,0.18,0.56)","0.50*scale(12.00-feature_finish,0.00,12.00)+0.25*scale(11.00-feature_games_played,0.00,11.00)+0.25*scale(0.14-feature_target_share,0.00,0.14)"
00-0035208,O.Zaccheaus,2024,2025,WR,2.2225,38.0482,0.0000,57.2445,32.2801,0.0000,25.0000,17.9928,wr_signal_score_role_balanced_v1,"0.50*scale(feature_targets_per_game,4.00,10.00)+0.50*scale(feature_target_share,0.12,0.30)","0.55*scale(feature_ppg_per_target,0.80,2.50)+0.45*scale(feature_ppg,6.00,18.00)","0.40*scale(48.00-feature_finish,0.00,36.00)+0.60*scale(expected_ppg_baseline-feature_ppg,0.00,4.00)","0.65*scale(feature_games_played,8.00,17.00)+0.35*scale(feature_total_ppr,80.00,260.00)","0.50*scale(feature_ppg_minus_cohort_expected,0.00,6.00)+0.30*scale(expected_finish_from_cohort-feature_finish,0.00,36.00)+0.20*scale(cohort_player_count,1.00,18.00)","0.20*scale(route_participation_season_avg,0.50,0.95)+0.20*scale(target_share_season_avg,0.10,0.32)+0.15*scale(air_yard_share_season_avg,0.08,0.38)+0.15*scale(routes_consistency_index,0.60,0.95)+0.15*scale(target_earning_index,0.12,0.45)+0.15*scale(opportunity_concentration_score,0.18,0.56)","0.50*scale(12.00-feature_finish,0.00,12.00)+0.25*scale(11.00-feature_games_played,0.00,11.00)+0.25*scale(0.14-feature_target_share,0.00,0.14)"
00-0035662,M.Brown,2024,2025,WR,29.1667,24.5944,0.0000,0.0000,55.1909,0.0000,45.4545,17.8963,wr_signal_score_role_balanced_v1,"0.50*scale(feature_targets_per_game,4.00,10.00)+0.50*scale(feature_target_share,0.12,0.30)","0.55*scale(feature_ppg_per_target,0.80,2.50)+0.45*scale(feature_ppg,6.00,18.00)","0.40*scale(48.00-feature_finish,0.00,36.00)+0.60*scale(expected_ppg_baseline-feature_ppg,0.00,4.00)","0.65*scale(feature_games_played,8.00,17.00)+0.35*scale(feature_total_ppr,80.00,260.00)","0.50*scale(feature_ppg_minus_cohort_expected,0.00,6.00)+0.30*scale(expected_finish_from_cohort-feature_finish,0.00,36.00)+0.20*scale(cohort_player_count,1.00,18.00)","0.20*scale(route_participation_season_avg,0.50,0.95)+0.20*scale(target_share_season_avg,0.10,0.32)+0.15*scale(air_yard_share_season_avg,0.08,0.38)+0.15*scale(routes_consistency_index,0.60,0.95)+0.15*scale(target_earning_index,0.12,0.45)+0.15*scale(opportunity_concentration_score,0.18,0.56)","0.50*scale(12.00-feature_finish,0.00,12.00)+0.25*scale(11.00-feature_games_played,0.00,11.00)+0.25*scale(0.14-feature_target_share,0.00,0.14)"
00-0038124,C.Watson,2024,2025,WR,0.0000,44.1017,0.0000,48.2528,34.0000,0.0000,25.0000,17.5081,wr_signal_score_role_balanced_v1,"0.50*scale(feature_targets_per_game,4.00,10.00)+0.50*scale(feature_target_share,0.12,0.30)","0.55*scale(feature_ppg_per_target,0.80,2.50)+0.45*scale(feature_ppg,6.00,18.00)","0.40*scale(48.00-feature_finish,0.00,36.00)+0.60*scale(expected_ppg_baseline-feature_ppg,0.00,4.00)","0.65*scale(feature_games_played,8.00,17.00)+0.35*scale(feature_total_ppr,80.00,260.00)","0.50*scale(feature_ppg_minus_cohort_expected,0.00,6.00)+0.30*scale(expected_finish_from_cohort-feature_finish,0.00,36.00)+0.20*scale(cohort_player_count,1.00,18.00)","0.20*scale(route_participation_season_avg,0.50,0.95)+0.20*scale(target_share_season_avg,0.10,0.32)+0.15*scale(air_yard_share_season_avg,0.08,0.38)+0.15*scale(routes_consistency_index,0.60,0.95)+0.15*scale(target_earning_index,0.12,0.45)+0.15*scale(opportunity_concentration_score,0.18,0.56)","0.50*scale(12.00-feature_finish,0.00,12.00)+0.25*scale(11.00-feature_games_played,0.00,11.00)+0.25*scale(0.14-feature_target_share,0.00,0.14)"
00-0039751,J.Whittington,2024,2025,WR,5.5559,45.0915,0.0000,0.0000,64.1225,0.0000,36.3636,17.4574,wr_signal_score_role_balanced_v1,"0.50*scale(feature_targets_per_game,4.00,10.00)+0.50*scale(feature_target_share,0.12,0.30)","0.55*scale(feature_ppg_per_target,0.80,2.50)+0.45*scale(feature_ppg,6.00,18.00)","0.40*scale(48.00-feature_finish,0.00,36.00)+0.60*scale(expected_ppg_baseline-feature_ppg,0.00,4.00)","0.65*scale(feature_games_played,8.00,17.00)+0.35*scale(feature_total_ppr,80.00,260.00)","0.50*scale(feature_ppg_minus_cohort_expected,0.00,6.00)+0.30*scale(expected_finish_from_cohort-feature_finish,0.00,36.00)+0.20*scale(cohort_player_count,1.00,18.00)","0.20*scale(route_participation_season_avg,0.50,0.95)+0.20*scale(target_share_season_avg,0.10,0.32)+0.15*scale(air_yard_share_season_avg,0.08,0.38)+0.15*scale(routes_consistency_index,0.60,0.95)+0.15*scale(target_earning_index,0.12,0.45)+0.15*scale(opportunity_concentration_score,0.18,0.56)","0.50*scale(12.00-feature_finish,0.00,12.00)+0.25*scale(11.00-feature_games_played,0.00,11.00)+0.25*scale(0.14-feature_target_share,0.00,0.14)"
00-0036261,B.Aiyuk,2024,2025,WR,22.6192,27.9998,0.0000,0.0000,51.5601,0.0000,34.0909,16.8639,wr_signal_score_role_balanced_v1,"0.50*scale(feature_targets_per_game,4.00,10.00)+0.50*scale(feature_target_share,0.12,0.30)","0.55*scale(feature_ppg_per_target,0.80,2.50)+0.45*scale(feature_ppg,6.00,18.00)","0.40*scale(48.00-feature_finish,0.00,36.00)+0.60*scale(expected_ppg_baseline-feature_ppg,0.00,4.00)","0.65*scale(feature_games_played,8.00,17.00)+0.35*scale(feature_total_ppr,80.00,260.00)","0.50*scale(feature_ppg_minus_cohort_expected,0.00,6.00)+0.30*scale(expected_finish_from_cohort-feature_finish,0.00,36.00)+0.20*scale(cohort_player_count,1.00,18.00)","0.20*scale(route_participation_season_avg,0.50,0.95)+0.20*scale(target_share_season_avg,0.10,0.32)+0.15*scale(air_yard_share_season_avg,0.08,0.38)+0.15*scale(routes_consistency_index,0.60,0.95)+0.15*scale(target_earning_index,0.12,0.45)+0.15*scale(opportunity_concentration_score,0.18,0.56)","0.50*scale(12.00-feature_finish,0.00,12.00)+0.25*scale(11.00-feature_games_played,0.00,11.00)+0.25*scale(0.14-feature_target_share,0.00,0.14)"
00-0038606,P.Washington,2024,2025,WR,0.0000,41.1320,0.0000,39.4167,37.6383,0.0000,25.0000,16.5689,wr_signal_score_role_balanced_v1,"0.50*scale(feature_targets_per_game,4.00,10.00)+0.50*scale(feature_target_share,0.12,0.30)","0.55*scale(feature_ppg_per_target,0.80,2.50)+0.45*scale(feature_ppg,6.00,18.00)","0.40*scale(48.00-feature_finish,0.00,36.00)+0.60*scale(expected_ppg_baseline-feature_ppg,0.00,4.00)","0.65*scale(feature_games_played,8.00,17.00)+0.35*scale(feature_total_ppr,80.00,260.00)","0.50*scale(feature_ppg_minus_cohort_expected,0.00,6.00)+0.30*scale(expected_finish_from_cohort-feature_finish,0.00,36.00)+0.20*scale(cohort_player_count,1.00,18.00)","0.20*scale(route_participation_season_avg,0.50,0.95)+0.20*scale(target_share_season_avg,0.10,0.32)+0.15*scale(air_yard_share_season_avg,0.08,0.38)+0.15*scale(routes_consistency_index,0.60,0.95)+0.15*scale(target_earning_index,0.12,0.45)+0.15*scale(opportunity_concentration_score,0.18,0.56)","0.50*scale(12.00-feature_finish,0.00,12.00)+0.25*scale(11.00-feature_games_played,0.00,11.00)+0.25*scale(0.14-feature_target_share,0.00,0.14)"
00-0037801,K.Turpin,2024,2025,WR,0.0000,42.4975,0.0000,55.2611,24.8333,0.0000,25.0000,16.5286,wr_signal_score_role_balanced_v1,"0.50*scale(feature_targets_per_game,4.00,10.00)+0.50*scale(feature_target_share,0.12,0.30)","0.55*scale(feature_ppg_per_target,0.80,2.50)+0.45*scale(feature_ppg,6.00,18.00)","0.40*scale(48.00-feature_finish,0.00,36.00)+0.60*scale(expected_ppg_baseline-feature_ppg,0.00,4.00)","0.65*scale(feature_games_played,8.00,17.00)+0.35*scale(feature_total_ppr,80.00,260.00)","0.50*scale(feature_ppg_minus_cohort_expected,0.00,6.00)+0.30*scale(expected_finish_from_cohort-feature_finish,0.00,36.00)+0.20*scale(cohort_player_count,1.00,18.00)","0.20*scale(route_participation_season_avg,0.50,0.95)+0.20*scale(target_share_season_avg,0.10,0.32)+0.15*scale(air_yard_share_season_avg,0.08,0.38)+0.15*scale(routes_consistency_index,0.60,0.95)+0.15*scale(target_earning_index,0.12,0.45)+0.15*scale(opportunity_concentration_score,0.18,0.56)","0.50*scale(12.00-feature_finish,0.00,12.00)+0.25*scale(11.00-feature_games_played,0.00,11.00)+0.25*scale(0.14-feature_target_share,0.00,0.14)"
00-0038393,D.Wicks,2024,2025,WR,3.9217,23.0320,0.0000,70.9305,23.1383,0.0000,25.0000,16.2819,wr_signal_score_role_balanced_v1,"0.50*scale(feature_targets_per_game,4.00,10.00)+0.50*scale(feature_target_share,0.12,0.30)","0.55*scale(feature_ppg_per_target,0.80,2.50)+0.45*scale(feature_ppg,6.00,18.00)","0.40*scale(48.00-feature_finish,0.00,36.00)+0.60*scale(expected_ppg_baseline-feature_ppg,0.00,4.00)","0.65*scale(feature_games_played,8.00,17.00)+0.35*scale(feature_total_ppr,80.00,260.00)","0.50*scale(feature_ppg_minus_cohort_expected,0.00,6.00)+0.30*scale(expected_finish_from_cohort-feature_finish,0.00,36.00)+0.20*scale(cohort_player_count,1.00,18.00)","0.20*scale(route_participation_season_avg,0.50,0.95)+0.20*scale(target_share_season_avg,0.10,0.32)+0.15*scale(air_yard_share_season_avg,0.08,0.38)+0.15*scale(routes_consistency_index,0.60,0.95)+0.15*scale(target_earning_index,0.12,0.45)+0.15*scale(opportunity_concentration_score,0.18,0.56)","0.50*scale(12.00-feature_finish,0.00,12.00)+0.25*scale(11.00-feature_games_played,0.00,11.00)+0.25*scale(0.14-feature_target_share,0.00,0.14)"
00-0036988,J.Palmer,2024,2025,WR,2.7775,31.9251,0.0000,55.8833,28.1134,0.0000,25.0000,16.2806,wr_signal_score_role_balanced_v1,"0.50*scale(feature_targets_per_game,4.00,10.00)+0.50*scale(feature_target_share,0.12,0.30)","0.55*scale(feature_ppg_per_target,0.80,2.50)+0.45*scale(feature_ppg,6.00,18.00)","0.40*scale(48.00-feature_finish,0.00,36.00)+0.60*scale(expected_ppg_baseline-feature_ppg,0.00,4.00)","0.65*scale(feature_games_played,8.00,17.00)+0.35*scale(feature_total_ppr,80.00,260.00)","0.50*scale(feature_ppg_minus_cohort_expected,0.00,6.00)+0.30*scale(expected_finish_from_cohort-feature_finish,0.00,36.00)+0.20*scale(cohort_player_count,1.00,18.00)","0.20*scale(route_participation_season_avg,0.50,0.95)+0.20*scale(target_share_season_avg,0.10,0.32)+0.15*scale(air_yard_share_season_avg,0.08,0.38)+0.15*scale(routes_consistency_index,0.60,0.95)+0.15*scale(target_earning_index,0.12,0.45)+0.15*scale(opportunity_concentration_score,0.18,0.56)","0.50*scale(12.00-feature_finish,0.00,12.00)+0.25*scale(11.00-feature_games_played,0.00,11.00)+0.25*scale(0.14-feature_target_share,0.00,0.14)"
00-0035216,D.Johnson,2024,2025,WR,17.4242,25.0173,0.0000,23.4361,36.4409,0.0000,25.0000,16.0405,wr_signal_score_role_balanced_v1,"0.50*scale(feature_targets_per_game,4.00,10.00)+0.50*scale(feature_target_share,0.12,0.30)","0.55*scale(feature_ppg_per_target,0.80,2.50)+0.45*scale(feature_ppg,6.00,18.00)","0.40*scale(48.00-feature_finish,0.00,36.00)+0.60*scale(expected_ppg_baseline-feature_ppg,0.00,4.00)","0.65*scale(feature_games_played,8.00,17.00)+0.35*scale(feature_total_ppr,80.00,260.00)","0.50*scale(feature_ppg_minus_cohort_expected,0.00,6.00)+0.30*scale(expected_finish_from_cohort-feature_finish,0.00,36.00)+0.20*scale(cohort_player_count,1.00,18.00)","0.20*scale(route_participation_season_avg,0.50,0.95)+0.20*scale(target_share_season_avg,0.10,0.32)+0.15*scale(air_yard_share_season_avg,0.08,0.38)+0.15*scale(routes_consistency_index,0.60,0.95)+0.15*scale(target_earning_index,0.12,0.45)+0.15*scale(opportunity_concentration_score,0.18,0.56)","0.50*scale(12.00-feature_finish,0.00,12.00)+0.25*scale(11.00-feature_games_played,0.00,11.00)+0.25*scale(0.14-feature_target_share,0.00,0.14)"
00-0034775,C.Kirk,2024,2025,WR,15.6250,33.6568,0.0000,0.0000,50.2951,0.0000,31.8182,15.9425,wr_signal_score_role_balanced_v1,"0.50*scale(feature_targets_per_game,4.00,10.00)+0.50*scale(feature_target_share,0.12,0.30)","0.55*scale(feature_ppg_per_target,0.80,2.50)+0.45*scale(feature_ppg,6.00,18.00)","0.40*scale(48.00-feature_finish,0.00,36.00)+0.60*scale(expected_ppg_baseline-feature_ppg,0.00,4.00)","0.65*scale(feature_games_played,8.00,17.00)+0.35*scale(feature_total_ppr,80.00,260.00)","0.50*scale(feature_ppg_minus_cohort_expected,0.00,6.00)+0.30*scale(expected_finish_from_cohort-feature_finish,0.00,36.00)+0.20*scale(cohort_player_count,1.00,18.00)","0.20*scale(route_participation_season_avg,0.50,0.95)+0.20*scale(target_share_season_avg,0.10,0.32)+0.15*scale(air_yard_share_season_avg,0.08,0.38)+0.15*scale(routes_consistency_index,0.60,0.95)+0.15*scale(target_earning_index,0.12,0.45)+0.15*scale(opportunity_concentration_score,0.18,0.56)","0.50*scale(12.00-feature_finish,0.00,12.00)+0.25*scale(11.00-feature_games_played,0.00,11.00)+0.25*scale(0.14-feature_target_share,0.00,0.14)"
00-0033555,M.Hollins,2024,2025,WR,0.0000,38.7033,0.0000,61.4333,20.0000,0.0000,25.0000,15.8918,wr_signal_score_role_balanced_v1,"0.50*scale(feature_targets_per_game,4.00,10.00)+0.50*scale(feature_target_share,0.12,0.30)","0.55*scale(feature_ppg_per_target,0.80,2.50)+0.45*scale(feature_ppg,6.00,18.00)","0.40*scale(48.00-feature_finish,0.00,36.00)+0.60*scale(expected_ppg_baseline-feature_ppg,0.00,4.00)","0.65*scale(feature_games_played,8.00,17.00)+0.35*scale(feature_total_ppr,80.00,260.00)","0.50*scale(feature_ppg_minus_cohort_expected,0.00,6.00)+0.30*scale(expected_finish_from_cohort-feature_finish,0.00,36.00)+0.20*scale(cohort_player_count,1.00,18.00)","0.20*scale(route_participation_season_avg,0.50,0.95)+0.20*scale(target_share_season_avg,0.10,0.32)+0.15*scale(air_yard_share_season_avg,0.08,0.38)+0.15*scale(routes_consistency_index,0.60,0.95)+0.15*scale(target_earning_index,0.12,0.45)+0.15*scale(opportunity_concentration_score,0.18,0.56)","0.50*scale(12.00-feature_finish,0.00,12.00)+0.25*scale(11.00-feature_games_played,0.00,11.00)+0.25*scale(0.14-feature_target_share,0.00,0.14)"
00-0035500,G.Dortch,2024,2025,WR,0.0000,32.5466,0.0000,67.0028,20.0000,0.0000,25.0000,15.6924,wr_signal_score_role_balanced_v1,"0.50*scale(feature_targets_per_game,4.00,10.00)+0.50*scale(feature_target_share,0.12,0.30)","0.55*scale(feature_ppg_per_target,0.80,2.50)+0.45*scale(feature_ppg,6.00,18.00)","0.40*scale(48.00-feature_finish,0.00,36.00)+0.60*scale(expected_ppg_baseline-feature_ppg,0.00,4.00)","0.65*scale(feature_games_played,8.00,17.00)+0.35*scale(feature_total_ppr,80.00,260.00)","0.50*scale(feature_ppg_minus_cohort_expected,0.00,6.00)+0.30*scale(expected_finish_from_cohort-feature_finish,0.00,36.00)+0.20*scale(cohort_player_count,1.00,18.00)","0.20*scale(route_participation_season_avg,0.50,0.95)+0.20*scale(target_share_season_avg,0.10,0.32)+0.15*scale(air_yard_share_season_avg,0.08,0.38)+0.15*scale(routes_consistency_index,0.60,0.95)+0.15*scale(target_earning_index,0.12,0.45)+0.15*scale(opportunity_concentration_score,0.18,0.56)","0.50*scale(12.00-feature_finish,0.00,12.00)+0.25*scale(11.00-feature_games_played,0.00,11.00)+0.25*scale(0.14-feature_target_share,0.00,0.14)"
00-0035535,D.Slayton,2024,2025,WR,3.6458,27.5232,0.0000,63.6111,20.6134,0.0000,25.0000,15.4833,wr_signal_score_role_balanced_v1,"0.50*scale(feature_targets_per_game,4.00,10.00)+0.50*scale(feature_target_share,0.12,0.30)","0.55*scale(feature_ppg_per_target,0.80,2.50)+0.45*scale(feature_ppg,6.00,18.00)","0.40*scale(48.00-feature_finish,0.00,36.00)+0.60*scale(expected_ppg_baseline-feature_ppg,0.00,4.00)","0.65*scale(feature_games_played,8.00,17.00)+0.35*scale(feature_total_ppr,80.00,260.00)","0.50*scale(feature_ppg_minus_cohort_expected,0.00,6.00)+0.30*scale(expected_finish_from_cohort-feature_finish,0.00,36.00)+0.20*scale(cohort_player_count,1.00,18.00)","0.20*scale(route_participation_season_avg,0.50,0.95)+0.20*scale(target_share_season_avg,0.10,0.32)+0.15*scale(air_yard_share_season_avg,0.08,0.38)+0.15*scale(routes_consistency_index,0.60,0.95)+0.15*scale(target_earning_index,0.12,0.45)+0.15*scale(opportunity_concentration_score,0.18,0.56)","0.50*scale(12.00-feature_finish,0.00,12.00)+0.25*scale(11.00-feature_games_played,0.00,11.00)+0.25*scale(0.14-feature_target_share,0.00,0.14)"
00-0033375,T.Patrick,2024,2025,WR,0.0000,42.6596,0.0000,52.9667,20.0000,0.0000,25.0000,15.3846,wr_signal_score_role_balanced_v1,"0.50*scale(feature_targets_per_game,4.00,10.00)+0.50*scale(feature_target_share,0.12,0.30)","0.55*scale(feature_ppg_per_target,0.80,2.50)+0.45*scale(feature_ppg,6.00,18.00)","0.40*scale(48.00-feature_finish,0.00,36.00)+0.60*scale(expected_ppg_baseline-feature_ppg,0.00,4.00)","0.65*scale(feature_games_played,8.00,17.00)+0.35*scale(feature_total_ppr,80.00,260.00)","0.50*scale(feature_ppg_minus_cohort_expected,0.00,6.00)+0.30*scale(expected_finish_from_cohort-feature_finish,0.00,36.00)+0.20*scale(cohort_player_count,1.00,18.00)","0.20*scale(route_participation_season_avg,0.50,0.95)+0.20*scale(target_share_season_avg,0.10,0.32)+0.15*scale(air_yard_share_season_avg,0.08,0.38)+0.15*scale(routes_consistency_index,0.60,0.95)+0.15*scale(target_earning_index,0.12,0.45)+0.15*scale(opportunity_concentration_score,0.18,0.56)","0.50*scale(12.00-feature_finish,0.00,12.00)+0.25*scale(11.00-feature_games_played,0.00,11.00)+0.25*scale(0.14-feature_target_share,0.00,0.14)"
00-0033591,N.Brown,2024,2025,WR,9.0908,30.8966,0.0000,22.8916,33.9468,0.0000,25.0000,14.4026,wr_signal_score_role_balanced_v1,"0.50*scale(feature_targets_per_game,4.00,10.00)+0.50*scale(feature_target_share,0.12,0.30)","0.55*scale(feature_ppg_per_target,0.80,2.50)+0.45*scale(feature_ppg,6.00,18.00)","0.40*scale(48.00-feature_finish,0.00,36.00)+0.60*scale(expected_ppg_baseline-feature_ppg,0.00,4.00)","0.65*scale(feature_games_played,8.00,17.00)+0.35*scale(feature_total_ppr,80.00,260.00)","0.50*scale(feature_ppg_minus_cohort_expected,0.00,6.00)+0.30*scale(expected_finish_from_cohort-feature_finish,0.00,36.00)+0.20*scale(cohort_player_count,1.00,18.00)","0.20*scale(route_participation_season_avg,0.50,0.95)+0.20*scale(target_share_season_avg,0.10,0.32)+0.15*scale(air_yard_share_season_avg,0.08,0.38)+0.15*scale(routes_consistency_index,0.60,0.95)+0.15*scale(target_earning_index,0.12,0.45)+0.15*scale(opportunity_concentration_score,0.18,0.56)","0.50*scale(12.00-feature_finish,0.00,12.00)+0.25*scale(11.00-feature_games_played,0.00,11.00)+0.25*scale(0.14-feature_target_share,0.00,0.14)"
00-0034386,J.Watson,2024,2025,WR,0.0000,37.7124,0.0000,50.5556,20.0000,0.0000,25.0000,14.3291,wr_signal_score_role_balanced_v1,"0.50*scale(feature_targets_per_game,4.00,10.00)+0.50*scale(feature_target_share,0.12,0.30)","0.55*scale(feature_ppg_per_target,0.80,2.50)+0.45*scale(feature_ppg,6.00,18.00)","0.40*scale(48.00-feature_finish,0.00,36.00)+0.60*scale(expected_ppg_baseline-feature_ppg,0.00,4.00)","0.65*scale(feature_games_played,8.00,17.00)+0.35*scale(feature_total_ppr,80.00,260.00)","0.50*scale(feature_ppg_minus_cohort_expected,0.00,6.00)+0.30*scale(expected_finish_from_cohort-feature_finish,0.00,36.00)+0.20*scale(cohort_player_count,1.00,18.00)","0.20*scale(route_participation_season_avg,0.50,0.95)+0.20*scale(target_share_season_avg,0.10,0.32)+0.15*scale(air_yard_share_season_avg,0.08,0.38)+0.15*scale(routes_consistency_index,0.60,0.95)+0.15*scale(target_earning_index,0.12,0.45)+0.15*scale(opportunity_concentration_score,0.18,0.56)","0.50*scale(12.00-feature_finish,0.00,12.00)+0.25*scale(11.00-feature_games_played,0.00,11.00)+0.25*scale(0.14-feature_target_share,0.00,0.14)"
00-0036849,T.Atwell,2024,2025,WR,1.1108,27.9511,0.0000,54.2306,21.5000,0.0000,25.0000,13.8792,wr_signal_score_role_balanced_v1,"0.50*scale(feature_targets_per_game,4.00,10.00)+0.50*scale(feature_target_share,0.12,0.30)","0.55*scale(feature_ppg_per_target,0.80,2.50)+0.45*scale(feature_ppg,6.00,18.00)","0.40*scale(48.00-feature_finish,0.00,36.00)+0.60*scale(expected_ppg_baseline-feature_ppg,0.00,4.00)","0.65*scale(feature_games_played,8.00,17.00)+0.35*scale(feature_total_ppr,80.00,260.00)","0.50*scale(feature_ppg_minus_cohort_expected,0.00,6.00)+0.30*scale(expected_finish_from_cohort-feature_finish,0.00,36.00)+0.20*scale(cohort_player_count,1.00,18.00)","0.20*scale(route_participation_season_avg,0.50,0.95)+0.20*scale(target_share_season_avg,0.10,0.32)+0.15*scale(air_yard_share_season_avg,0.08,0.38)+0.15*scale(routes_consistency_index,0.60,0.95)+0.15*scale(target_earning_index,0.12,0.45)+0.15*scale(opportunity_concentration_score,0.18,0.56)","0.50*scale(12.00-feature_finish,0.00,12.00)+0.25*scale(11.00-feature_games_played,0.00,11.00)+0.25*scale(0.14-feature_target_share,0.00,0.14)"
00-0036626,D.Brown,2024,2025,WR,0.0000,28.6317,0.0000,50.5556,20.0000,0.0000,25.0000,12.9670,wr_signal_score_role_balanced_v1,"0.50*scale(feature_targets_per_game,4.00,10.00)+0.50*scale(feature_target_share,0.12,0.30)","0.55*scale(feature_ppg_per_target,0.80,2.50)+0.45*scale(feature_ppg,6.00,18.00)","0.40*scale(48.00-feature_finish,0.00,36.00)+0.60*scale(expected_ppg_baseline-feature_ppg,0.00,4.00)","0.65*scale(feature_games_played,8.00,17.00)+0.35*scale(feature_total_ppr,80.00,260.00)","0.50*scale(feature_ppg_minus_cohort_expected,0.00,6.00)+0.30*scale(expected_finish_from_cohort-feature_finish,0.00,36.00)+0.20*scale(cohort_player_count,1.00,18.00)","0.20*scale(route_participation_season_avg,0.50,0.95)+0.20*scale(target_share_season_avg,0.10,0.32)+0.15*scale(air_yard_share_season_avg,0.08,0.38)+0.15*scale(routes_consistency_index,0.60,0.95)+0.15*scale(target_earning_index,0.12,0.45)+0.15*scale(opportunity_concentration_score,0.18,0.56)","0.50*scale(12.00-feature_finish,0.00,12.00)+0.25*scale(11.00-feature_games_played,0.00,11.00)+0.25*scale(0.14-feature_target_share,0.00,0.14)"
00-0034272,M.Valdes-Scantling,2024,2025,WR,0.0000,38.1253,0.0000,36.9861,20.0000,0.0000,25.0000,12.6270,wr_signal_score_role_balanced_v1,"0.50*scale(feature_targets_per_game,4.00,10.00)+0.50*scale(feature_target_share,0.12,0.30)","0.55*scale(feature_ppg_per_target,0.80,2.50)+0.45*scale(feature_ppg,6.00,18.00)","0.40*scale(48.00-feature_finish,0.00,36.00)+0.60*scale(expected_ppg_baseline-feature_ppg,0.00,4.00)","0.65*scale(feature_games_played,8.00,17.00)+0.35*scale(feature_total_ppr,80.00,260.00)","0.50*scale(feature_ppg_minus_cohort_expected,0.00,6.00)+0.30*scale(expected_finish_from_cohort-feature_finish,0.00,36.00)+0.20*scale(cohort_player_count,1.00,18.00)","0.20*scale(route_participation_season_avg,0.50,0.95)+0.20*scale(target_share_season_avg,0.10,0.32)+0.15*scale(air_yard_share_season_avg,0.08,0.38)+0.15*scale(routes_consistency_index,0.60,0.95)+0.15*scale(target_earning_index,0.12,0.45)+0.15*scale(opportunity_concentration_score,0.18,0.56)","0.50*scale(12.00-feature_finish,0.00,12.00)+0.25*scale(11.00-feature_games_played,0.00,11.00)+0.25*scale(0.14-feature_target_share,0.00,0.14)"
00-0036415,V.Jefferson,2024,2025,WR,0.0000,25.5582,0.0000,50.5556,20.0000,0.0000,25.0000,12.5060,wr_signal_score_role_balanced_v1,"0.50*scale(feature_targets_per_game,4.00,10.00)+0.50*scale(feature_target_share,0.12,0.30)","0.55*scale(feature_ppg_per_target,0.80,2.50)+0.45*scale(feature_ppg,6.00,18.00)","0.40*scale(48.00-feature_finish,0.00,36.00)+0.60*scale(expected_ppg_baseline-feature_ppg,0.00,4.00)","0.65*scale(feature_games_played,8.00,17.00)+0.35*scale(feature_total_ppr,80.00,260.00)","0.50*scale(feature_ppg_minus_cohort_expected,0.00,6.00)+0.30*scale(expected_finish_from_cohort-feature_finish,0.00,36.00)+0.20*scale(cohort_player_count,1.00,18.00)","0.20*scale(route_participation_season_avg,0.50,0.95)+0.20*scale(target_share_season_avg,0.10,0.32)+0.15*scale(air_yard_share_season_avg,0.08,0.38)+0.15*scale(routes_consistency_index,0.60,0.95)+0.15*scale(target_earning_index,0.12,0.45)+0.15*scale(opportunity_concentration_score,0.18,0.56)","0.50*scale(12.00-feature_finish,0.00,12.00)+0.25*scale(11.00-feature_games_played,0.00,11.00)+0.25*scale(0.14-feature_target_share,0.00,0.14)"
00-0038573,D.Davis,2024,2025,WR,0.0000,50.4303,0.0000,21.6666,20.0000,0.0000,25.0000,12.4812,wr_signal_score_role_balanced_v1,"0.50*scale(feature_targets_per_game,4.00,10.00)+0.50*scale(feature_target_share,0.12,0.30)","0.55*scale(feature_ppg_per_target,0.80,2.50)+0.45*scale(feature_ppg,6.00,18.00)","0.40*scale(48.00-feature_finish,0.00,36.00)+0.60*scale(expected_ppg_baseline-feature_ppg,0.00,4.00)","0.65*scale(feature_games_played,8.00,17.00)+0.35*scale(feature_total_ppr,80.00,260.00)","0.50*scale(feature_ppg_minus_cohort_expected,0.00,6.00)+0.30*scale(expected_finish_from_cohort-feature_finish,0.00,36.00)+0.20*scale(cohort_player_count,1.00,18.00)","0.20*scale(route_participation_season_avg,0.50,0.95)+0.20*scale(target_share_season_avg,0.10,0.32)+0.15*scale(air_yard_share_season_avg,0.08,0.38)+0.15*scale(routes_consistency_index,0.60,0.95)+0.15*scale(target_earning_index,0.12,0.45)+0.15*scale(opportunity_concentration_score,0.18,0.56)","0.50*scale(12.00-feature_finish,0.00,12.00)+0.25*scale(11.00-feature_games_played,0.00,11.00)+0.25*scale(0.14-feature_target_share,0.00,0.14)"
00-0032464,K.Raymond,2024,2025,WR,0.0000,55.0000,0.0000,14.4444,20.0000,0.0000,27.2727,12.0914,wr_signal_score_role_balanced_v1,"0.50*scale(feature_targets_per_game,4.00,10.00)+0.50*scale(feature_target_share,0.12,0.30)","0.55*scale(feature_ppg_per_target,0.80,2.50)+0.45*scale(feature_ppg,6.00,18.00)","0.40*scale(48.00-feature_finish,0.00,36.00)+0.60*scale(expected_ppg_baseline-feature_ppg,0.00,4.00)","0.65*scale(feature_games_played,8.00,17.00)+0.35*scale(feature_total_ppr,80.00,260.00)","0.50*scale(feature_ppg_minus_cohort_expected,0.00,6.00)+0.30*scale(expected_finish_from_cohort-feature_finish,0.00,36.00)+0.20*scale(cohort_player_count,1.00,18.00)","0.20*scale(route_participation_season_avg,0.50,0.95)+0.20*scale(target_share_season_avg,0.10,0.32)+0.15*scale(air_yard_share_season_avg,0.08,0.38)+0.15*scale(routes_consistency_index,0.60,0.95)+0.15*scale(target_earning_index,0.12,0.45)+0.15*scale(opportunity_concentration_score,0.18,0.56)","0.50*scale(12.00-feature_finish,0.00,12.00)+0.25*scale(11.00-feature_games_played,0.00,11.00)+0.25*scale(0.14-feature_target_share,0.00,0.14)"
00-0039868,T.Franklin,2024,2025,WR,0.0000,15.0777,0.0000,57.7778,20.0000,0.0000,25.0000,11.8728,wr_signal_score_role_balanced_v1,"0.50*scale(feature_targets_per_game,4.00,10.00)+0.50*scale(feature_target_share,0.12,0.30)","0.55*scale(feature_ppg_per_target,0.80,2.50)+0.45*scale(feature_ppg,6.00,18.00)","0.40*scale(48.00-feature_finish,0.00,36.00)+0.60*scale(expected_ppg_baseline-feature_ppg,0.00,4.00)","0.65*scale(feature_games_played,8.00,17.00)+0.35*scale(feature_total_ppr,80.00,260.00)","0.50*scale(feature_ppg_minus_cohort_expected,0.00,6.00)+0.30*scale(expected_finish_from_cohort-feature_finish,0.00,36.00)+0.20*scale(cohort_player_count,1.00,18.00)","0.20*scale(route_participation_season_avg,0.50,0.95)+0.20*scale(target_share_season_avg,0.10,0.32)+0.15*scale(air_yard_share_season_avg,0.08,0.38)+0.15*scale(routes_consistency_index,0.60,0.95)+0.15*scale(target_earning_index,0.12,0.45)+0.15*scale(opportunity_concentration_score,0.18,0.56)","0.50*scale(12.00-feature_finish,0.00,12.00)+0.25*scale(11.00-feature_games_played,0.00,11.00)+0.25*scale(0.14-feature_target_share,0.00,0.14)"
00-0033009,T.Boyd,2024,2025,WR,0.0000,18.5604,0.0000,50.5556,20.0000,0.0000,25.0000,11.4563,wr_signal_score_role_balanced_v1,"0.50*scale(feature_targets_per_game,4.00,10.00)+0.50*scale(feature_target_share,0.12,0.30)","0.55*scale(feature_ppg_per_target,0.80,2.50)+0.45*scale(feature_ppg,6.00,18.00)","0.40*scale(48.00-feature_finish,0.00,36.00)+0.60*scale(expected_ppg_baseline-feature_ppg,0.00,4.00)","0.65*scale(feature_games_played,8.00,17.00)+0.35*scale(feature_total_ppr,80.00,260.00)","0.50*scale(feature_ppg_minus_cohort_expected,0.00,6.00)+0.30*scale(expected_finish_from_cohort-feature_finish,0.00,36.00)+0.20*scale(cohort_player_count,1.00,18.00)","0.20*scale(route_participation_season_avg,0.50,0.95)+0.20*scale(target_share_season_avg,0.10,0.32)+0.15*scale(air_yard_share_season_avg,0.08,0.38)+0.15*scale(routes_consistency_index,0.60,0.95)+0.15*scale(target_earning_index,0.12,0.45)+0.15*scale(opportunity_concentration_score,0.18,0.56)","0.50*scale(12.00-feature_finish,0.00,12.00)+0.25*scale(11.00-feature_games_played,0.00,11.00)+0.25*scale(0.14-feature_target_share,0.00,0.14)"
00-0033589,D.Moore,2024,2025,WR,0.5950,22.7151,0.0000,44.3250,20.0000,0.0000,25.0000,11.4123,wr_signal_score_role_balanced_v1,"0.50*scale(feature_targets_per_game,4.00,10.00)+0.50*scale(feature_target_share,0.12,0.30)","0.55*scale(feature_ppg_per_target,0.80,2.50)+0.45*scale(feature_ppg,6.00,18.00)","0.40*scale(48.00-feature_finish,0.00,36.00)+0.60*scale(expected_ppg_baseline-feature_ppg,0.00,4.00)","0.65*scale(feature_games_played,8.00,17.00)+0.35*scale(feature_total_ppr,80.00,260.00)","0.50*scale(feature_ppg_minus_cohort_expected,0.00,6.00)+0.30*scale(expected_finish_from_cohort-feature_finish,0.00,36.00)+0.20*scale(cohort_player_count,1.00,18.00)","0.20*scale(route_participation_season_avg,0.50,0.95)+0.20*scale(target_share_season_avg,0.10,0.32)+0.15*scale(air_yard_share_season_avg,0.08,0.38)+0.15*scale(routes_consistency_index,0.60,0.95)+0.15*scale(target_earning_index,0.12,0.45)+0.15*scale(opportunity_concentration_score,0.18,0.56)","0.50*scale(12.00-feature_finish,0.00,12.00)+0.25*scale(11.00-feature_games_played,0.00,11.00)+0.25*scale(0.14-feature_target_share,0.00,0.14)"
00-0039890,A.Mitchell,2024,2025,WR,0.0000,5.7411,0.0000,65.0000,20.0000,0.0000,25.0000,11.4112,wr_signal_score_role_balanced_v1,"0.50*scale(feature_targets_per_game,4.00,10.00)+0.50*scale(feature_target_share,0.12,0.30)","0.55*scale(feature_ppg_per_target,0.80,2.50)+0.45*scale(feature_ppg,6.00,18.00)","0.40*scale(48.00-feature_finish,0.00,36.00)+0.60*scale(expected_ppg_baseline-feature_ppg,0.00,4.00)","0.65*scale(feature_games_played,8.00,17.00)+0.35*scale(feature_total_ppr,80.00,260.00)","0.50*scale(feature_ppg_minus_cohort_expected,0.00,6.00)+0.30*scale(expected_finish_from_cohort-feature_finish,0.00,36.00)+0.20*scale(cohort_player_count,1.00,18.00)","0.20*scale(route_participation_season_avg,0.50,0.95)+0.20*scale(target_share_season_avg,0.10,0.32)+0.15*scale(air_yard_share_season_avg,0.08,0.38)+0.15*scale(routes_consistency_index,0.60,0.95)+0.15*scale(target_earning_index,0.12,0.45)+0.15*scale(opportunity_concentration_score,0.18,0.56)","0.50*scale(12.00-feature_finish,0.00,12.00)+0.25*scale(11.00-feature_games_played,0.00,11.00)+0.25*scale(0.14-feature_target_share,0.00,0.14)"
00-0031549,N.Agholor,2024,2025,WR,0.0000,28.8938,0.0000,36.1111,20.0000,0.0000,25.0000,11.1285,wr_signal_score_role_balanced_v1,"0.50*scale(feature_targets_per_game,4.00,10.00)+0.50*scale(feature_target_share,0.12,0.30)","0.55*scale(feature_ppg_per_target,0.80,2.50)+0.45*scale(feature_ppg,6.00,18.00)","0.40*scale(48.00-feature_finish,0.00,36.00)+0.60*scale(expected_ppg_baseline-feature_ppg,0.00,4.00)","0.65*scale(feature_games_played,8.00,17.00)+0.35*scale(feature_total_ppr,80.00,260.00)","0.50*scale(feature_ppg_minus_cohort_expected,0.00,6.00)+0.30*scale(expected_finish_from_cohort-feature_finish,0.00,36.00)+0.20*scale(cohort_player_count,1.00,18.00)","0.20*scale(route_participation_season_avg,0.50,0.95)+0.20*scale(target_share_season_avg,0.10,0.32)+0.15*scale(air_yard_share_season_avg,0.08,0.38)+0.15*scale(routes_consistency_index,0.60,0.95)+0.15*scale(target_earning_index,0.12,0.45)+0.15*scale(opportunity_concentration_score,0.18,0.56)","0.50*scale(12.00-feature_finish,0.00,12.00)+0.25*scale(11.00-feature_games_played,0.00,11.00)+0.25*scale(0.14-feature_target_share,0.00,0.14)"
00-0033536,M.Williams,2024,2025,WR,0.0000,28.1658,0.0000,36.1111,20.0000,0.0000,25.0000,11.0193,wr_signal_score_role_balanced_v1,"0.50*scale(feature_targets_per_game,4.00,10.00)+0.50*scale(feature_target_share,0.12,0.30)","0.55*scale(feature_ppg_per_target,0.80,2.50)+0.45*scale(feature_ppg,6.00,18.00)","0.40*scale(48.00-feature_finish,0.00,36.00)+0.60*scale(expected_ppg_baseline-feature_ppg,0.00,4.00)","0.65*scale(feature_games_played,8.00,17.00)+0.35*scale(feature_total_ppr,80.00,260.00)","0.50*scale(feature_ppg_minus_cohort_expected,0.00,6.00)+0.30*scale(expected_finish_from_cohort-feature_finish,0.00,36.00)+0.20*scale(cohort_player_count,1.00,18.00)","0.20*scale(route_participation_season_avg,0.50,0.95)+0.20*scale(target_share_season_avg,0.10,0.32)+0.15*scale(air_yard_share_season_avg,0.08,0.38)+0.15*scale(routes_consistency_index,0.60,0.95)+0.15*scale(target_earning_index,0.12,0.45)+0.15*scale(opportunity_concentration_score,0.18,0.56)","0.50*scale(12.00-feature_finish,0.00,12.00)+0.25*scale(11.00-feature_games_played,0.00,11.00)+0.25*scale(0.14-feature_target_share,0.00,0.14)"
00-0033857,J.Smith-Schuster,2024,2025,WR,0.0000,40.1933,0.0000,21.6666,20.0000,0.0000,25.0000,10.9457,wr_signal_score_role_balanced_v1,"0.50*scale(feature_targets_per_game,4.00,10.00)+0.50*scale(feature_target_share,0.12,0.30)","0.55*scale(feature_ppg_per_target,0.80,2.50)+0.45*scale(feature_ppg,6.00,18.00)","0.40*scale(48.00-feature_finish,0.00,36.00)+0.60*scale(expected_ppg_baseline-feature_ppg,0.00,4.00)","0.65*scale(feature_games_played,8.00,17.00)+0.35*scale(feature_total_ppr,80.00,260.00)","0.50*scale(feature_ppg_minus_cohort_expected,0.00,6.00)+0.30*scale(expected_finish_from_cohort-feature_finish,0.00,36.00)+0.20*scale(cohort_player_count,1.00,18.00)","0.20*scale(route_participation_season_avg,0.50,0.95)+0.20*scale(target_share_season_avg,0.10,0.32)+0.15*scale(air_yard_share_season_avg,0.08,0.38)+0.15*scale(routes_consistency_index,0.60,0.95)+0.15*scale(target_earning_index,0.12,0.45)+0.15*scale(opportunity_concentration_score,0.18,0.56)","0.50*scale(12.00-feature_finish,0.00,12.00)+0.25*scale(11.00-feature_games_played,0.00,11.00)+0.25*scale(0.14-feature_target_share,0.00,0.14)"
00-0035406,L.Humphrey,2024,2025,WR,0.0000,20.3462,0.0000,43.3334,20.0000,0.0000,25.0000,10.7853,wr_signal_score_role_balanced_v1,"0.50*scale(feature_targets_per_game,4.00,10.00)+0.50*scale(feature_target_share,0.12,0.30)","0.55*scale(feature_ppg_per_target,0.80,2.50)+0.45*scale(feature_ppg,6.00,18.00)","0.40*scale(48.00-feature_finish,0.00,36.00)+0.60*scale(expected_ppg_baseline-feature_ppg,0.00,4.00)","0.65*scale(feature_games_played,8.00,17.00)+0.35*scale(feature_total_ppr,80.00,260.00)","0.50*scale(feature_ppg_minus_cohort_expected,0.00,6.00)+0.30*scale(expected_finish_from_cohort-feature_finish,0.00,36.00)+0.20*scale(cohort_player_count,1.00,18.00)","0.20*scale(route_participation_season_avg,0.50,0.95)+0.20*scale(target_share_season_avg,0.10,0.32)+0.15*scale(air_yard_share_season_avg,0.08,0.38)+0.15*scale(routes_consistency_index,0.60,0.95)+0.15*scale(target_earning_index,0.12,0.45)+0.15*scale(opportunity_concentration_score,0.18,0.56)","0.50*scale(12.00-feature_finish,0.00,12.00)+0.25*scale(11.00-feature_games_played,0.00,11.00)+0.25*scale(0.14-feature_target_share,0.00,0.14)"
00-0032385,S.Shepard,2024,2025,WR,0.0000,25.7208,0.0000,36.1695,20.0000,0.0000,25.0000,10.6602,wr_signal_score_role_balanced_v1,"0.50*scale(feature_targets_per_game,4.00,10.00)+0.50*scale(feature_target_share,0.12,0.30)","0.55*scale(feature_ppg_per_target,0.80,2.50)+0.45*scale(feature_ppg,6.00,18.00)","0.40*scale(48.00-feature_finish,0.00,36.00)+0.60*scale(expected_ppg_baseline-feature_ppg,0.00,4.00)","0.65*scale(feature_games_played,8.00,17.00)+0.35*scale(feature_total_ppr,80.00,260.00)","0.50*scale(feature_ppg_minus_cohort_expected,0.00,6.00)+0.30*scale(expected_finish_from_cohort-feature_finish,0.00,36.00)+0.20*scale(cohort_player_count,1.00,18.00)","0.20*scale(route_participation_season_avg,0.50,0.95)+0.20*scale(target_share_season_avg,0.10,0.32)+0.15*scale(air_yard_share_season_avg,0.08,0.38)+0.15*scale(routes_consistency_index,0.60,0.95)+0.15*scale(target_earning_index,0.12,0.45)+0.15*scale(opportunity_concentration_score,0.18,0.56)","0.50*scale(12.00-feature_finish,0.00,12.00)+0.25*scale(11.00-feature_games_played,0.00,11.00)+0.25*scale(0.14-feature_target_share,0.00,0.14)"
00-0033282,C.Samuel,2024,2025,WR,0.0000,18.9196,0.0000,43.3334,20.0000,0.0000,25.0000,10.5713,wr_signal_score_role_balanced_v1,"0.50*scale(feature_targets_per_game,4.00,10.00)+0.50*scale(feature_target_share,0.12,0.30)","0.55*scale(feature_ppg_per_target,0.80,2.50)+0.45*scale(feature_ppg,6.00,18.00)","0.40*scale(48.00-feature_finish,0.00,36.00)+0.60*scale(expected_ppg_baseline-feature_ppg,0.00,4.00)","0.65*scale(feature_games_played,8.00,17.00)+0.35*scale(feature_total_ppr,80.00,260.00)","0.50*scale(feature_ppg_minus_cohort_expected,0.00,6.00)+0.30*scale(expected_finish_from_cohort-feature_finish,0.00,36.00)+0.20*scale(cohort_player_count,1.00,18.00)","0.20*scale(route_participation_season_avg,0.50,0.95)+0.20*scale(target_share_season_avg,0.10,0.32)+0.15*scale(air_yard_share_season_avg,0.08,0.38)+0.15*scale(routes_consistency_index,0.60,0.95)+0.15*scale(target_earning_index,0.12,0.45)+0.15*scale(opportunity_concentration_score,0.18,0.56)","0.50*scale(12.00-feature_finish,0.00,12.00)+0.25*scale(11.00-feature_games_played,0.00,11.00)+0.25*scale(0.14-feature_target_share,0.00,0.14)"
00-0035021,A.Dulin,2024,2025,WR,0.0000,51.7637,0.0000,7.2222,20.0000,0.0000,29.5454,10.5307,wr_signal_score_role_balanced_v1,"0.50*scale(feature_targets_per_game,4.00,10.00)+0.50*scale(feature_target_share,0.12,0.30)","0.55*scale(feature_ppg_per_target,0.80,2.50)+0.45*scale(feature_ppg,6.00,18.00)","0.40*scale(48.00-feature_finish,0.00,36.00)+0.60*scale(expected_ppg_baseline-feature_ppg,0.00,4.00)","0.65*scale(feature_games_played,8.00,17.00)+0.35*scale(feature_total_ppr,80.00,260.00)","0.50*scale(feature_ppg_minus_cohort_expected,0.00,6.00)+0.30*scale(expected_finish_from_cohort-feature_finish,0.00,36.00)+0.20*scale(cohort_player_count,1.00,18.00)","0.20*scale(route_participation_season_avg,0.50,0.95)+0.20*scale(target_share_season_avg,0.10,0.32)+0.15*scale(air_yard_share_season_avg,0.08,0.38)+0.15*scale(routes_consistency_index,0.60,0.95)+0.15*scale(target_earning_index,0.12,0.45)+0.15*scale(opportunity_concentration_score,0.18,0.56)","0.50*scale(12.00-feature_finish,0.00,12.00)+0.25*scale(11.00-feature_games_played,0.00,11.00)+0.25*scale(0.14-feature_target_share,0.00,0.14)"
00-0033307,K.Bourne,2024,2025,WR,0.0000,29.5428,0.0000,28.8889,20.0000,0.0000,25.0000,10.2870,wr_signal_score_role_balanced_v1,"0.50*scale(feature_targets_per_game,4.00,10.00)+0.50*scale(feature_target_share,0.12,0.30)","0.55*scale(feature_ppg_per_target,0.80,2.50)+0.45*scale(feature_ppg,6.00,18.00)","0.40*scale(48.00-feature_finish,0.00,36.00)+0.60*scale(expected_ppg_baseline-feature_ppg,0.00,4.00)","0.65*scale(feature_games_played,8.00,17.00)+0.35*scale(feature_total_ppr,80.00,260.00)","0.50*scale(feature_ppg_minus_cohort_expected,0.00,6.00)+0.30*scale(expected_finish_from_cohort-feature_finish,0.00,36.00)+0.20*scale(cohort_player_count,1.00,18.00)","0.20*scale(route_participation_season_avg,0.50,0.95)+0.20*scale(target_share_season_avg,0.10,0.32)+0.15*scale(air_yard_share_season_avg,0.08,0.38)+0.15*scale(routes_consistency_index,0.60,0.95)+0.15*scale(target_earning_index,0.12,0.45)+0.15*scale(opportunity_concentration_score,0.18,0.56)","0.50*scale(12.00-feature_finish,0.00,12.00)+0.25*scale(11.00-feature_games_played,0.00,11.00)+0.25*scale(0.14-feature_target_share,0.00,0.14)"
00-0037741,J.Dotson,2024,2025,WR,0.0000,15.1968,0.0000,43.3334,20.0000,0.0000,25.0000,10.0129,wr_signal_score_role_balanced_v1,"0.50*scale(feature_targets_per_game,4.00,10.00)+0.50*scale(feature_target_share,0.12,0.30)","0.55*scale(feature_ppg_per_target,0.80,2.50)+0.45*scale(feature_ppg,6.00,18.00)","0.40*scale(48.00-feature_finish,0.00,36.00)+0.60*scale(expected_ppg_baseline-feature_ppg,0.00,4.00)","0.65*scale(feature_games_played,8.00,17.00)+0.35*scale(feature_total_ppr,80.00,260.00)","0.50*scale(feature_ppg_minus_cohort_expected,0.00,6.00)+0.30*scale(expected_finish_from_cohort-feature_finish,0.00,36.00)+0.20*scale(cohort_player_count,1.00,18.00)","0.20*scale(route_participation_season_avg,0.50,0.95)+0.20*scale(target_share_season_avg,0.10,0.32)+0.15*scale(air_yard_share_season_avg,0.08,0.38)+0.15*scale(routes_consistency_index,0.60,0.95)+0.15*scale(target_earning_index,0.12,0.45)+0.15*scale(opportunity_concentration_score,0.18,0.56)","0.50*scale(12.00-feature_finish,0.00,12.00)+0.25*scale(11.00-feature_games_played,0.00,11.00)+0.25*scale(0.14-feature_target_share,0.00,0.14)"
00-0031236,B.Cooks,2024,2025,WR,11.6667,19.4170,0.0000,14.4444,22.2801,0.0000,27.2727,9.9644,wr_signal_score_role_balanced_v1,"0.50*scale(feature_targets_per_game,4.00,10.00)+0.50*scale(feature_target_share,0.12,0.30)","0.55*scale(feature_ppg_per_target,0.80,2.50)+0.45*scale(feature_ppg,6.00,18.00)","0.40*scale(48.00-feature_finish,0.00,36.00)+0.60*scale(expected_ppg_baseline-feature_ppg,0.00,4.00)","0.65*scale(feature_games_played,8.00,17.00)+0.35*scale(feature_total_ppr,80.00,260.00)","0.50*scale(feature_ppg_minus_cohort_expected,0.00,6.00)+0.30*scale(expected_finish_from_cohort-feature_finish,0.00,36.00)+0.20*scale(cohort_player_count,1.00,18.00)","0.20*scale(route_participation_season_avg,0.50,0.95)+0.20*scale(target_share_season_avg,0.10,0.32)+0.15*scale(air_yard_share_season_avg,0.08,0.38)+0.15*scale(routes_consistency_index,0.60,0.95)+0.15*scale(target_earning_index,0.12,0.45)+0.15*scale(opportunity_concentration_score,0.18,0.56)","0.50*scale(12.00-feature_finish,0.00,12.00)+0.25*scale(11.00-feature_games_played,0.00,11.00)+0.25*scale(0.14-feature_target_share,0.00,0.14)"
00-0036630,T.Wallace,2024,2025,WR,0.0000,55.0000,0.0000,0.0000,20.0000,0.0000,31.8182,9.9409,wr_signal_score_role_balanced_v1,"0.50*scale(feature_targets_per_game,4.00,10.00)+0.50*scale(feature_target_share,0.12,0.30)","0.55*scale(feature_ppg_per_target,0.80,2.50)+0.45*scale(feature_ppg,6.00,18.00)","0.40*scale(48.00-feature_finish,0.00,36.00)+0.60*scale(expected_ppg_baseline-feature_ppg,0.00,4.00)","0.65*scale(feature_games_played,8.00,17.00)+0.35*scale(feature_total_ppr,80.00,260.00)","0.50*scale(feature_ppg_minus_cohort_expected,0.00,6.00)+0.30*scale(expected_finish_from_cohort-feature_finish,0.00,36.00)+0.20*scale(cohort_player_count,1.00,18.00)","0.20*scale(route_participation_season_avg,0.50,0.95)+0.20*scale(target_share_season_avg,0.10,0.32)+0.15*scale(air_yard_share_season_avg,0.08,0.38)+0.15*scale(routes_consistency_index,0.60,0.95)+0.15*scale(target_earning_index,0.12,0.45)+0.15*scale(opportunity_concentration_score,0.18,0.56)","0.50*scale(12.00-feature_finish,0.00,12.00)+0.25*scale(11.00-feature_games_played,0.00,11.00)+0.25*scale(0.14-feature_target_share,0.00,0.14)"
00-0034487,T.Sherfield,2024,2025,WR,0.0000,54.2810,0.0000,0.0000,20.0000,0.0000,31.8182,9.8331,wr_signal_score_role_balanced_v1,"0.50*scale(feature_targets_per_game,4.00,10.00)+0.50*scale(feature_target_share,0.12,0.30)","0.55*scale(feature_ppg_per_target,0.80,2.50)+0.45*scale(feature_ppg,6.00,18.00)","0.40*scale(48.00-feature_finish,0.00,36.00)+0.60*scale(expected_ppg_baseline-feature_ppg,0.00,4.00)","0.65*scale(feature_games_played,8.00,17.00)+0.35*scale(feature_total_ppr,80.00,260.00)","0.50*scale(feature_ppg_minus_cohort_expected,0.00,6.00)+0.30*scale(expected_finish_from_cohort-feature_finish,0.00,36.00)+0.20*scale(cohort_player_count,1.00,18.00)","0.20*scale(route_participation_season_avg,0.50,0.95)+0.20*scale(target_share_season_avg,0.10,0.32)+0.15*scale(air_yard_share_season_avg,0.08,0.38)+0.15*scale(routes_consistency_index,0.60,0.95)+0.15*scale(target_earning_index,0.12,0.45)+0.15*scale(opportunity_concentration_score,0.18,0.56)","0.50*scale(12.00-feature_finish,0.00,12.00)+0.25*scale(11.00-feature_games_played,0.00,11.00)+0.25*scale(0.14-feature_target_share,0.00,0.14)"
00-0034854,K.Hodge,2024,2025,WR,0.0000,55.0000,0.0000,0.0000,20.0000,0.0000,36.3636,9.6682,wr_signal_score_role_balanced_v1,"0.50*scale(feature_targets_per_game,4.00,10.00)+0.50*scale(feature_target_share,0.12,0.30)","0.55*scale(feature_ppg_per_target,0.80,2.50)+0.45*scale(feature_ppg,6.00,18.00)","0.40*scale(48.00-feature_finish,0.00,36.00)+0.60*scale(expected_ppg_baseline-feature_ppg,0.00,4.00)","0.65*scale(feature_games_played,8.00,17.00)+0.35*scale(feature_total_ppr,80.00,260.00)","0.50*scale(feature_ppg_minus_cohort_expected,0.00,6.00)+0.30*scale(expected_finish_from_cohort-feature_finish,0.00,36.00)+0.20*scale(cohort_player_count,1.00,18.00)","0.20*scale(route_participation_season_avg,0.50,0.95)+0.20*scale(target_share_season_avg,0.10,0.32)+0.15*scale(air_yard_share_season_avg,0.08,0.38)+0.15*scale(routes_consistency_index,0.60,0.95)+0.15*scale(target_earning_index,0.12,0.45)+0.15*scale(opportunity_concentration_score,0.18,0.56)","0.50*scale(12.00-feature_finish,0.00,12.00)+0.25*scale(11.00-feature_games_played,0.00,11.00)+0.25*scale(0.14-feature_target_share,0.00,0.14)"
00-0036268,L.Shenault,2024,2025,WR,0.0000,55.0000,0.0000,0.0000,20.0000,0.0000,36.3636,9.6682,wr_signal_score_role_balanced_v1,"0.50*scale(feature_targets_per_game,4.00,10.00)+0.50*scale(feature_target_share,0.12,0.30)","0.55*scale(feature_ppg_per_target,0.80,2.50)+0.45*scale(feature_ppg,6.00,18.00)","0.40*scale(48.00-feature_finish,0.00,36.00)+0.60*scale(expected_ppg_baseline-feature_ppg,0.00,4.00)","0.65*scale(feature_games_played,8.00,17.00)+0.35*scale(feature_total_ppr,80.00,260.00)","0.50*scale(feature_ppg_minus_cohort_expected,0.00,6.00)+0.30*scale(expected_finish_from_cohort-feature_finish,0.00,36.00)+0.20*scale(cohort_player_count,1.00,18.00)","0.20*scale(route_participation_season_avg,0.50,0.95)+0.20*scale(target_share_season_avg,0.10,0.32)+0.15*scale(air_yard_share_season_avg,0.08,0.38)+0.15*scale(routes_consistency_index,0.60,0.95)+0.15*scale(target_earning_index,0.12,0.45)+0.15*scale(opportunity_concentration_score,0.18,0.56)","0.50*scale(12.00-feature_finish,0.00,12.00)+0.25*scale(11.00-feature_games_played,0.00,11.00)+0.25*scale(0.14-feature_target_share,0.00,0.14)"
00-0039880,M.Washington,2024,2025,WR,0.0000,25.1634,0.0000,28.8889,20.0000,0.0000,25.0000,9.6301,wr_signal_score_role_balanced_v1,"0.50*scale(feature_targets_per_game,4.00,10.00)+0.50*scale(feature_target_share,0.12,0.30)","0.55*scale(feature_ppg_per_target,0.80,2.50)+0.45*scale(feature_ppg,6.00,18.00)","0.40*scale(48.00-feature_finish,0.00,36.00)+0.60*scale(expected_ppg_baseline-feature_ppg,0.00,4.00)","0.65*scale(feature_games_played,8.00,17.00)+0.35*scale(feature_total_ppr,80.00,260.00)","0.50*scale(feature_ppg_minus_cohort_expected,0.00,6.00)+0.30*scale(expected_finish_from_cohort-feature_finish,0.00,36.00)+0.20*scale(cohort_player_count,1.00,18.00)","0.20*scale(route_participation_season_avg,0.50,0.95)+0.20*scale(target_share_season_avg,0.10,0.32)+0.15*scale(air_yard_share_season_avg,0.08,0.38)+0.15*scale(routes_consistency_index,0.60,0.95)+0.15*scale(target_earning_index,0.12,0.45)+0.15*scale(opportunity_concentration_score,0.18,0.56)","0.50*scale(12.00-feature_finish,0.00,12.00)+0.25*scale(11.00-feature_games_played,0.00,11.00)+0.25*scale(0.14-feature_target_share,0.00,0.14)"
00-0038465,M.Heath,2024,2025,WR,0.0000,54.2840,0.0000,0.0000,20.6383,0.0000,38.6364,9.5393,wr_signal_score_role_balanced_v1,"0.50*scale(feature_targets_per_game,4.00,10.00)+0.50*scale(feature_target_share,0.12,0.30)","0.55*scale(feature_ppg_per_target,0.80,2.50)+0.45*scale(feature_ppg,6.00,18.00)","0.40*scale(48.00-feature_finish,0.00,36.00)+0.60*scale(expected_ppg_baseline-feature_ppg,0.00,4.00)","0.65*scale(feature_games_played,8.00,17.00)+0.35*scale(feature_total_ppr,80.00,260.00)","0.50*scale(feature_ppg_minus_cohort_expected,0.00,6.00)+0.30*scale(expected_finish_from_cohort-feature_finish,0.00,36.00)+0.20*scale(cohort_player_count,1.00,18.00)","0.20*scale(route_participation_season_avg,0.50,0.95)+0.20*scale(target_share_season_avg,0.10,0.32)+0.15*scale(air_yard_share_season_avg,0.08,0.38)+0.15*scale(routes_consistency_index,0.60,0.95)+0.15*scale(target_earning_index,0.12,0.45)+0.15*scale(opportunity_concentration_score,0.18,0.56)","0.50*scale(12.00-feature_finish,0.00,12.00)+0.25*scale(11.00-feature_games_played,0.00,11.00)+0.25*scale(0.14-feature_target_share,0.00,0.14)"
00-0038752,J.Bobo,2024,2025,WR,0.0000,30.6385,0.0000,21.6666,20.0000,0.0000,25.0000,9.5124,wr_signal_score_role_balanced_v1,"0.50*scale(feature_targets_per_game,4.00,10.00)+0.50*scale(feature_target_share,0.12,0.30)","0.55*scale(feature_ppg_per_target,0.80,2.50)+0.45*scale(feature_ppg,6.00,18.00)","0.40*scale(48.00-feature_finish,0.00,36.00)+0.60*scale(expected_ppg_baseline-feature_ppg,0.00,4.00)","0.65*scale(feature_games_played,8.00,17.00)+0.35*scale(feature_total_ppr,80.00,260.00)","0.50*scale(feature_ppg_minus_cohort_expected,0.00,6.00)+0.30*scale(expected_finish_from_cohort-feature_finish,0.00,36.00)+0.20*scale(cohort_player_count,1.00,18.00)","0.20*scale(route_participation_season_avg,0.50,0.95)+0.20*scale(target_share_season_avg,0.10,0.32)+0.15*scale(air_yard_share_season_avg,0.08,0.38)+0.15*scale(routes_consistency_index,0.60,0.95)+0.15*scale(target_earning_index,0.12,0.45)+0.15*scale(opportunity_concentration_score,0.18,0.56)","0.50*scale(12.00-feature_finish,0.00,12.00)+0.25*scale(11.00-feature_games_played,0.00,11.00)+0.25*scale(0.14-feature_target_share,0.00,0.14)"
00-0034418,C.Wilson,2024,2025,WR,0.0000,36.3551,0.0000,14.4444,20.0000,0.0000,27.2727,9.2947,wr_signal_score_role_balanced_v1,"0.50*scale(feature_targets_per_game,4.00,10.00)+0.50*scale(feature_target_share,0.12,0.30)","0.55*scale(feature_ppg_per_target,0.80,2.50)+0.45*scale(feature_ppg,6.00,18.00)","0.40*scale(48.00-feature_finish,0.00,36.00)+0.60*scale(expected_ppg_baseline-feature_ppg,0.00,4.00)","0.65*scale(feature_games_played,8.00,17.00)+0.35*scale(feature_total_ppr,80.00,260.00)","0.50*scale(feature_ppg_minus_cohort_expected,0.00,6.00)+0.30*scale(expected_finish_from_cohort-feature_finish,0.00,36.00)+0.20*scale(cohort_player_count,1.00,18.00)","0.20*scale(route_participation_season_avg,0.50,0.95)+0.20*scale(target_share_season_avg,0.10,0.32)+0.15*scale(air_yard_share_season_avg,0.08,0.38)+0.15*scale(routes_consistency_index,0.60,0.95)+0.15*scale(target_earning_index,0.12,0.45)+0.15*scale(opportunity_concentration_score,0.18,0.56)","0.50*scale(12.00-feature_finish,0.00,12.00)+0.25*scale(11.00-feature_games_played,0.00,11.00)+0.25*scale(0.14-feature_target_share,0.00,0.14)"
00-0038359,X.Smith,2024,2025,WR,0.0000,55.0000,0.0000,0.0000,20.0000,0.0000,43.1818,9.2591,wr_signal_score_role_balanced_v1,"0.50*scale(feature_targets_per_game,4.00,10.00)+0.50*scale(feature_target_share,0.12,0.30)","0.55*scale(feature_ppg_per_target,0.80,2.50)+0.45*scale(feature_ppg,6.00,18.00)","0.40*scale(48.00-feature_finish,0.00,36.00)+0.60*scale(expected_ppg_baseline-feature_ppg,0.00,4.00)","0.65*scale(feature_games_played,8.00,17.00)+0.35*scale(feature_total_ppr,80.00,260.00)","0.50*scale(feature_ppg_minus_cohort_expected,0.00,6.00)+0.30*scale(expected_finish_from_cohort-feature_finish,0.00,36.00)+0.20*scale(cohort_player_count,1.00,18.00)","0.20*scale(route_participation_season_avg,0.50,0.95)+0.20*scale(target_share_season_avg,0.10,0.32)+0.15*scale(air_yard_share_season_avg,0.08,0.38)+0.15*scale(routes_consistency_index,0.60,0.95)+0.15*scale(target_earning_index,0.12,0.45)+0.15*scale(opportunity_concentration_score,0.18,0.56)","0.50*scale(12.00-feature_finish,0.00,12.00)+0.25*scale(11.00-feature_games_played,0.00,11.00)+0.25*scale(0.14-feature_target_share,0.00,0.14)"
00-0035140,M.Hardman,2024,2025,WR,0.0000,50.8404,0.0000,0.0000,20.0000,0.0000,34.0909,9.1806,wr_signal_score_role_balanced_v1,"0.50*scale(feature_targets_per_game,4.00,10.00)+0.50*scale(feature_target_share,0.12,0.30)","0.55*scale(feature_ppg_per_target,0.80,2.50)+0.45*scale(feature_ppg,6.00,18.00)","0.40*scale(48.00-feature_finish,0.00,36.00)+0.60*scale(expected_ppg_baseline-feature_ppg,0.00,4.00)","0.65*scale(feature_games_played,8.00,17.00)+0.35*scale(feature_total_ppr,80.00,260.00)","0.50*scale(feature_ppg_minus_cohort_expected,0.00,6.00)+0.30*scale(expected_finish_from_cohort-feature_finish,0.00,36.00)+0.20*scale(cohort_player_count,1.00,18.00)","0.20*scale(route_participation_season_avg,0.50,0.95)+0.20*scale(target_share_season_avg,0.10,0.32)+0.15*scale(air_yard_share_season_avg,0.08,0.38)+0.15*scale(routes_consistency_index,0.60,0.95)+0.15*scale(target_earning_index,0.12,0.45)+0.15*scale(opportunity_concentration_score,0.18,0.56)","0.50*scale(12.00-feature_finish,0.00,12.00)+0.25*scale(11.00-feature_games_played,0.00,11.00)+0.25*scale(0.14-feature_target_share,0.00,0.14)"
00-0038576,C.Jones,2024,2025,WR,0.0000,55.0000,0.0000,0.0000,20.0000,0.0000,45.4545,9.1227,wr_signal_score_role_balanced_v1,"0.50*scale(feature_targets_per_game,4.00,10.00)+0.50*scale(feature_target_share,0.12,0.30)","0.55*scale(feature_ppg_per_target,0.80,2.50)+0.45*scale(feature_ppg,6.00,18.00)","0.40*scale(48.00-feature_finish,0.00,36.00)+0.60*scale(expected_ppg_baseline-feature_ppg,0.00,4.00)","0.65*scale(feature_games_played,8.00,17.00)+0.35*scale(feature_total_ppr,80.00,260.00)","0.50*scale(feature_ppg_minus_cohort_expected,0.00,6.00)+0.30*scale(expected_finish_from_cohort-feature_finish,0.00,36.00)+0.20*scale(cohort_player_count,1.00,18.00)","0.20*scale(route_participation_season_avg,0.50,0.95)+0.20*scale(target_share_season_avg,0.10,0.32)+0.15*scale(air_yard_share_season_avg,0.08,0.38)+0.15*scale(routes_consistency_index,0.60,0.95)+0.15*scale(target_earning_index,0.12,0.45)+0.15*scale(opportunity_concentration_score,0.18,0.56)","0.50*scale(12.00-feature_finish,0.00,12.00)+0.25*scale(11.00-feature_games_played,0.00,11.00)+0.25*scale(0.14-feature_target_share,0.00,0.14)"
00-0039792,D.Walker,2024,2025,WR,0.0000,55.0000,0.0000,0.0000,20.0000,0.0000,45.4545,9.1227,wr_signal_score_role_balanced_v1,"0.50*scale(feature_targets_per_game,4.00,10.00)+0.50*scale(feature_target_share,0.12,0.30)","0.55*scale(feature_ppg_per_target,0.80,2.50)+0.45*scale(feature_ppg,6.00,18.00)","0.40*scale(48.00-feature_finish,0.00,36.00)+0.60*scale(expected_ppg_baseline-feature_ppg,0.00,4.00)","0.65*scale(feature_games_played,8.00,17.00)+0.35*scale(feature_total_ppr,80.00,260.00)","0.50*scale(feature_ppg_minus_cohort_expected,0.00,6.00)+0.30*scale(expected_finish_from_cohort-feature_finish,0.00,36.00)+0.20*scale(cohort_player_count,1.00,18.00)","0.20*scale(route_participation_season_avg,0.50,0.95)+0.20*scale(target_share_season_avg,0.10,0.32)+0.15*scale(air_yard_share_season_avg,0.08,0.38)+0.15*scale(routes_consistency_index,0.60,0.95)+0.15*scale(target_earning_index,0.12,0.45)+0.15*scale(opportunity_concentration_score,0.18,0.56)","0.50*scale(12.00-feature_finish,0.00,12.00)+0.25*scale(11.00-feature_games_played,0.00,11.00)+0.25*scale(0.14-feature_target_share,0.00,0.14)"
00-0036620,D.Eskridge,2024,2025,WR,0.0000,53.9216,0.0000,0.0000,20.0000,0.0000,43.1818,9.0973,wr_signal_score_role_balanced_v1,"0.50*scale(feature_targets_per_game,4.00,10.00)+0.50*scale(feature_target_share,0.12,0.30)","0.55*scale(feature_ppg_per_target,0.80,2.50)+0.45*scale(feature_ppg,6.00,18.00)","0.40*scale(48.00-feature_finish,0.00,36.00)+0.60*scale(expected_ppg_baseline-feature_ppg,0.00,4.00)","0.65*scale(feature_games_played,8.00,17.00)+0.35*scale(feature_total_ppr,80.00,260.00)","0.50*scale(feature_ppg_minus_cohort_expected,0.00,6.00)+0.30*scale(expected_finish_from_cohort-feature_finish,0.00,36.00)+0.20*scale(cohort_player_count,1.00,18.00)","0.20*scale(route_participation_season_avg,0.50,0.95)+0.20*scale(target_share_season_avg,0.10,0.32)+0.15*scale(air_yard_share_season_avg,0.08,0.38)+0.15*scale(routes_consistency_index,0.60,0.95)+0.15*scale(target_earning_index,0.12,0.45)+0.15*scale(opportunity_concentration_score,0.18,0.56)","0.50*scale(12.00-feature_finish,0.00,12.00)+0.25*scale(11.00-feature_games_played,0.00,11.00)+0.25*scale(0.14-feature_target_share,0.00,0.14)"
00-0031941,J.Crowder,2024,2025,WR,0.0000,48.2362,0.0000,0.0000,23.9467,0.0000,40.9091,9.0913,wr_signal_score_role_balanced_v1,"0.50*scale(feature_targets_per_game,4.00,10.00)+0.50*scale(feature_target_share,0.12,0.30)","0.55*scale(feature_ppg_per_target,0.80,2.50)+0.45*scale(feature_ppg,6.00,18.00)","0.40*scale(48.00-feature_finish,0.00,36.00)+0.60*scale(expected_ppg_baseline-feature_ppg,0.00,4.00)","0.65*scale(feature_games_played,8.00,17.00)+0.35*scale(feature_total_ppr,80.00,260.00)","0.50*scale(feature_ppg_minus_cohort_expected,0.00,6.00)+0.30*scale(expected_finish_from_cohort-feature_finish,0.00,36.00)+0.20*scale(cohort_player_count,1.00,18.00)","0.20*scale(route_participation_season_avg,0.50,0.95)+0.20*scale(target_share_season_avg,0.10,0.32)+0.15*scale(air_yard_share_season_avg,0.08,0.38)+0.15*scale(routes_consistency_index,0.60,0.95)+0.15*scale(target_earning_index,0.12,0.45)+0.15*scale(opportunity_concentration_score,0.18,0.56)","0.50*scale(12.00-feature_finish,0.00,12.00)+0.25*scale(11.00-feature_games_played,0.00,11.00)+0.25*scale(0.14-feature_target_share,0.00,0.14)"
00-0039355,L.McCaffrey,2024,2025,WR,0.0000,21.0294,0.0000,28.8889,20.0000,0.0000,25.0000,9.0100,wr_signal_score_role_balanced_v1,"0.50*scale(feature_targets_per_game,4.00,10.00)+0.50*scale(feature_target_share,0.12,0.30)","0.55*scale(feature_ppg_per_target,0.80,2.50)+0.45*scale(feature_ppg,6.00,18.00)","0.40*scale(48.00-feature_finish,0.00,36.00)+0.60*scale(expected_ppg_baseline-feature_ppg,0.00,4.00)","0.65*scale(feature_games_played,8.00,17.00)+0.35*scale(feature_total_ppr,80.00,260.00)","0.50*scale(feature_ppg_minus_cohort_expected,0.00,6.00)+0.30*scale(expected_finish_from_cohort-feature_finish,0.00,36.00)+0.20*scale(cohort_player_count,1.00,18.00)","0.20*scale(route_participation_season_avg,0.50,0.95)+0.20*scale(target_share_season_avg,0.10,0.32)+0.15*scale(air_yard_share_season_avg,0.08,0.38)+0.15*scale(routes_consistency_index,0.60,0.95)+0.15*scale(target_earning_index,0.12,0.45)+0.15*scale(opportunity_concentration_score,0.18,0.56)","0.50*scale(12.00-feature_finish,0.00,12.00)+0.25*scale(11.00-feature_games_played,0.00,11.00)+0.25*scale(0.14-feature_target_share,0.00,0.14)"
00-0034353,A.Miller,2024,2025,WR,0.0000,55.0000,0.0000,0.0000,20.0000,0.0000,47.7273,8.9864,wr_signal_score_role_balanced_v1,"0.50*scale(feature_targets_per_game,4.00,10.00)+0.50*scale(feature_target_share,0.12,0.30)","0.55*scale(feature_ppg_per_target,0.80,2.50)+0.45*scale(feature_ppg,6.00,18.00)","0.40*scale(48.00-feature_finish,0.00,36.00)+0.60*scale(expected_ppg_baseline-feature_ppg,0.00,4.00)","0.65*scale(feature_games_played,8.00,17.00)+0.35*scale(feature_total_ppr,80.00,260.00)","0.50*scale(feature_ppg_minus_cohort_expected,0.00,6.00)+0.30*scale(expected_finish_from_cohort-feature_finish,0.00,36.00)+0.20*scale(cohort_player_count,1.00,18.00)","0.20*scale(route_participation_season_avg,0.50,0.95)+0.20*scale(target_share_season_avg,0.10,0.32)+0.15*scale(air_yard_share_season_avg,0.08,0.38)+0.15*scale(routes_consistency_index,0.60,0.95)+0.15*scale(target_earning_index,0.12,0.45)+0.15*scale(opportunity_concentration_score,0.18,0.56)","0.50*scale(12.00-feature_finish,0.00,12.00)+0.25*scale(11.00-feature_games_played,0.00,11.00)+0.25*scale(0.14-feature_target_share,0.00,0.14)"
00-0036635,I.Smith-Marsette,2024,2025,WR,0.0000,55.0000,0.0000,0.0000,20.0000,0.0000,47.7273,8.9864,wr_signal_score_role_balanced_v1,"0.50*scale(feature_targets_per_game,4.00,10.00)+0.50*scale(feature_target_share,0.12,0.30)","0.55*scale(feature_ppg_per_target,0.80,2.50)+0.45*scale(feature_ppg,6.00,18.00)","0.40*scale(48.00-feature_finish,0.00,36.00)+0.60*scale(expected_ppg_baseline-feature_ppg,0.00,4.00)","0.65*scale(feature_games_played,8.00,17.00)+0.35*scale(feature_total_ppr,80.00,260.00)","0.50*scale(feature_ppg_minus_cohort_expected,0.00,6.00)+0.30*scale(expected_finish_from_cohort-feature_finish,0.00,36.00)+0.20*scale(cohort_player_count,1.00,18.00)","0.20*scale(route_participation_season_avg,0.50,0.95)+0.20*scale(target_share_season_avg,0.10,0.32)+0.15*scale(air_yard_share_season_avg,0.08,0.38)+0.15*scale(routes_consistency_index,0.60,0.95)+0.15*scale(target_earning_index,0.12,0.45)+0.15*scale(opportunity_concentration_score,0.18,0.56)","0.50*scale(12.00-feature_finish,0.00,12.00)+0.25*scale(11.00-feature_games_played,0.00,11.00)+0.25*scale(0.14-feature_target_share,0.00,0.14)"
00-0038477,B.Ford-Wheaton,2024,2025,WR,0.0000,55.0000,0.0000,0.0000,20.0000,0.0000,47.7273,8.9864,wr_signal_score_role_balanced_v1,"0.50*scale(feature_targets_per_game,4.00,10.00)+0.50*scale(feature_target_share,0.12,0.30)","0.55*scale(feature_ppg_per_target,0.80,2.50)+0.45*scale(feature_ppg,6.00,18.00)","0.40*scale(48.00-feature_finish,0.00,36.00)+0.60*scale(expected_ppg_baseline-feature_ppg,0.00,4.00)","0.65*scale(feature_games_played,8.00,17.00)+0.35*scale(feature_total_ppr,80.00,260.00)","0.50*scale(feature_ppg_minus_cohort_expected,0.00,6.00)+0.30*scale(expected_finish_from_cohort-feature_finish,0.00,36.00)+0.20*scale(cohort_player_count,1.00,18.00)","0.20*scale(route_participation_season_avg,0.50,0.95)+0.20*scale(target_share_season_avg,0.10,0.32)+0.15*scale(air_yard_share_season_avg,0.08,0.38)+0.15*scale(routes_consistency_index,0.60,0.95)+0.15*scale(target_earning_index,0.12,0.45)+0.15*scale(opportunity_concentration_score,0.18,0.56)","0.50*scale(12.00-feature_finish,0.00,12.00)+0.25*scale(11.00-feature_games_played,0.00,11.00)+0.25*scale(0.14-feature_target_share,0.00,0.14)"
00-0039816,A.Gould,2024,2025,WR,0.0000,55.0000,0.0000,0.0000,20.0000,0.0000,47.7273,8.9864,wr_signal_score_role_balanced_v1,"0.50*scale(feature_targets_per_game,4.00,10.00)+0.50*scale(feature_target_share,0.12,0.30)","0.55*scale(feature_ppg_per_target,0.80,2.50)+0.45*scale(feature_ppg,6.00,18.00)","0.40*scale(48.00-feature_finish,0.00,36.00)+0.60*scale(expected_ppg_baseline-feature_ppg,0.00,4.00)","0.65*scale(feature_games_played,8.00,17.00)+0.35*scale(feature_total_ppr,80.00,260.00)","0.50*scale(feature_ppg_minus_cohort_expected,0.00,6.00)+0.30*scale(expected_finish_from_cohort-feature_finish,0.00,36.00)+0.20*scale(cohort_player_count,1.00,18.00)","0.20*scale(route_participation_season_avg,0.50,0.95)+0.20*scale(target_share_season_avg,0.10,0.32)+0.15*scale(air_yard_share_season_avg,0.08,0.38)+0.15*scale(routes_consistency_index,0.60,0.95)+0.15*scale(target_earning_index,0.12,0.45)+0.15*scale(opportunity_concentration_score,0.18,0.56)","0.50*scale(12.00-feature_finish,0.00,12.00)+0.25*scale(11.00-feature_games_played,0.00,11.00)+0.25*scale(0.14-feature_target_share,0.00,0.14)"
00-0036862,B.Skowronek,2024,2025,WR,0.0000,51.1177,0.0000,0.0000,20.0000,0.0000,40.9091,8.8131,wr_signal_score_role_balanced_v1,"0.50*scale(feature_targets_per_game,4.00,10.00)+0.50*scale(feature_target_share,0.12,0.30)","0.55*scale(feature_ppg_per_target,0.80,2.50)+0.45*scale(feature_ppg,6.00,18.00)","0.40*scale(48.00-feature_finish,0.00,36.00)+0.60*scale(expected_ppg_baseline-feature_ppg,0.00,4.00)","0.65*scale(feature_games_played,8.00,17.00)+0.35*scale(feature_total_ppr,80.00,260.00)","0.50*scale(feature_ppg_minus_cohort_expected,0.00,6.00)+0.30*scale(expected_finish_from_cohort-feature_finish,0.00,36.00)+0.20*scale(cohort_player_count,1.00,18.00)","0.20*scale(route_participation_season_avg,0.50,0.95)+0.20*scale(target_share_season_avg,0.10,0.32)+0.15*scale(air_yard_share_season_avg,0.08,0.38)+0.15*scale(routes_consistency_index,0.60,0.95)+0.15*scale(target_earning_index,0.12,0.45)+0.15*scale(opportunity_concentration_score,0.18,0.56)","0.50*scale(12.00-feature_finish,0.00,12.00)+0.25*scale(11.00-feature_games_played,0.00,11.00)+0.25*scale(0.14-feature_target_share,0.00,0.14)"
00-0038519,N.Remigio,2024,2025,WR,16.6667,13.7843,0.0000,0.0000,31.1161,0.0000,47.7273,8.8049,wr_signal_score_role_balanced_v1,"0.50*scale(feature_targets_per_game,4.00,10.00)+0.50*scale(feature_target_share,0.12,0.30)","0.55*scale(feature_ppg_per_target,0.80,2.50)+0.45*scale(feature_ppg,6.00,18.00)","0.40*scale(48.00-feature_finish,0.00,36.00)+0.60*scale(expected_ppg_baseline-feature_ppg,0.00,4.00)","0.65*scale(feature_games_played,8.00,17.00)+0.35*scale(feature_total_ppr,80.00,260.00)","0.50*scale(feature_ppg_minus_cohort_expected,0.00,6.00)+0.30*scale(expected_finish_from_cohort-feature_finish,0.00,36.00)+0.20*scale(cohort_player_count,1.00,18.00)","0.20*scale(route_participation_season_avg,0.50,0.95)+0.20*scale(target_share_season_avg,0.10,0.32)+0.15*scale(air_yard_share_season_avg,0.08,0.38)+0.15*scale(routes_consistency_index,0.60,0.95)+0.15*scale(target_earning_index,0.12,0.45)+0.15*scale(opportunity_concentration_score,0.18,0.56)","0.50*scale(12.00-feature_finish,0.00,12.00)+0.25*scale(11.00-feature_games_played,0.00,11.00)+0.25*scale(0.14-feature_target_share,0.00,0.14)"
00-0038618,X.Hutchinson,2024,2025,WR,0.0000,3.6093,0.0000,43.3334,20.0000,0.0000,25.0000,8.2747,wr_signal_score_role_balanced_v1,"0.50*scale(feature_targets_per_game,4.00,10.00)+0.50*scale(feature_target_share,0.12,0.30)","0.55*scale(feature_ppg_per_target,0.80,2.50)+0.45*scale(feature_ppg,6.00,18.00)","0.40*scale(48.00-feature_finish,0.00,36.00)+0.60*scale(expected_ppg_baseline-feature_ppg,0.00,4.00)","0.65*scale(feature_games_played,8.00,17.00)+0.35*scale(feature_total_ppr,80.00,260.00)","0.50*scale(feature_ppg_minus_cohort_expected,0.00,6.00)+0.30*scale(expected_finish_from_cohort-feature_finish,0.00,36.00)+0.20*scale(cohort_player_count,1.00,18.00)","0.20*scale(route_participation_season_avg,0.50,0.95)+0.20*scale(target_share_season_avg,0.10,0.32)+0.15*scale(air_yard_share_season_avg,0.08,0.38)+0.15*scale(routes_consistency_index,0.60,0.95)+0.15*scale(target_earning_index,0.12,0.45)+0.15*scale(opportunity_concentration_score,0.18,0.56)","0.50*scale(12.00-feature_finish,0.00,12.00)+0.25*scale(11.00-feature_games_played,0.00,11.00)+0.25*scale(0.14-feature_target_share,0.00,0.14)"
00-0036427,T.Johnson,2024,2025,WR,0.0000,22.3310,0.0000,21.6666,20.0000,0.0000,25.0000,8.2663,wr_signal_score_role_balanced_v1,"0.50*scale(feature_targets_per_game,4.00,10.00)+0.50*scale(feature_target_share,0.12,0.30)","0.55*scale(feature_ppg_per_target,0.80,2.50)+0.45*scale(feature_ppg,6.00,18.00)","0.40*scale(48.00-feature_finish,0.00,36.00)+0.60*scale(expected_ppg_baseline-feature_ppg,0.00,4.00)","0.65*scale(feature_games_played,8.00,17.00)+0.35*scale(feature_total_ppr,80.00,260.00)","0.50*scale(feature_ppg_minus_cohort_expected,0.00,6.00)+0.30*scale(expected_finish_from_cohort-feature_finish,0.00,36.00)+0.20*scale(cohort_player_count,1.00,18.00)","0.20*scale(route_participation_season_avg,0.50,0.95)+0.20*scale(target_share_season_avg,0.10,0.32)+0.15*scale(air_yard_share_season_avg,0.08,0.38)+0.15*scale(routes_consistency_index,0.60,0.95)+0.15*scale(target_earning_index,0.12,0.45)+0.15*scale(opportunity_concentration_score,0.18,0.56)","0.50*scale(12.00-feature_finish,0.00,12.00)+0.25*scale(11.00-feature_games_played,0.00,11.00)+0.25*scale(0.14-feature_target_share,0.00,0.14)"
00-0039386,B.Means,2024,2025,WR,0.0000,34.5465,0.0000,0.0000,30.2827,0.0000,40.9091,8.1783,wr_signal_score_role_balanced_v1,"0.50*scale(feature_targets_per_game,4.00,10.00)+0.50*scale(feature_target_share,0.12,0.30)","0.55*scale(feature_ppg_per_target,0.80,2.50)+0.45*scale(feature_ppg,6.00,18.00)","0.40*scale(48.00-feature_finish,0.00,36.00)+0.60*scale(expected_ppg_baseline-feature_ppg,0.00,4.00)","0.65*scale(feature_games_played,8.00,17.00)+0.35*scale(feature_total_ppr,80.00,260.00)","0.50*scale(feature_ppg_minus_cohort_expected,0.00,6.00)+0.30*scale(expected_finish_from_cohort-feature_finish,0.00,36.00)+0.20*scale(cohort_player_count,1.00,18.00)","0.20*scale(route_participation_season_avg,0.50,0.95)+0.20*scale(target_share_season_avg,0.10,0.32)+0.15*scale(air_yard_share_season_avg,0.08,0.38)+0.15*scale(routes_consistency_index,0.60,0.95)+0.15*scale(target_earning_index,0.12,0.45)+0.15*scale(opportunity_concentration_score,0.18,0.56)","0.50*scale(12.00-feature_finish,0.00,12.00)+0.25*scale(11.00-feature_games_played,0.00,11.00)+0.25*scale(0.14-feature_target_share,0.00,0.14)"
00-0030431,R.Woods,2024,2025,WR,0.0000,15.4216,0.0000,28.8889,20.0000,0.0000,25.0000,8.1688,wr_signal_score_role_balanced_v1,"0.50*scale(feature_targets_per_game,4.00,10.00)+0.50*scale(feature_target_share,0.12,0.30)","0.55*scale(feature_ppg_per_target,0.80,2.50)+0.45*scale(feature_ppg,6.00,18.00)","0.40*scale(48.00-feature_finish,0.00,36.00)+0.60*scale(expected_ppg_baseline-feature_ppg,0.00,4.00)","0.65*scale(feature_games_played,8.00,17.00)+0.35*scale(feature_total_ppr,80.00,260.00)","0.50*scale(feature_ppg_minus_cohort_expected,0.00,6.00)+0.30*scale(expected_finish_from_cohort-feature_finish,0.00,36.00)+0.20*scale(cohort_player_count,1.00,18.00)","0.20*scale(route_participation_season_avg,0.50,0.95)+0.20*scale(target_share_season_avg,0.10,0.32)+0.15*scale(air_yard_share_season_avg,0.08,0.38)+0.15*scale(routes_consistency_index,0.60,0.95)+0.15*scale(target_earning_index,0.12,0.45)+0.15*scale(opportunity_concentration_score,0.18,0.56)","0.50*scale(12.00-feature_finish,0.00,12.00)+0.25*scale(11.00-feature_games_played,0.00,11.00)+0.25*scale(0.14-feature_target_share,0.00,0.14)"
00-0036527,D.Turner,2024,2025,WR,0.0000,26.6633,0.0000,14.4444,20.0000,0.0000,27.2727,7.8409,wr_signal_score_role_balanced_v1,"0.50*scale(feature_targets_per_game,4.00,10.00)+0.50*scale(feature_target_share,0.12,0.30)","0.55*scale(feature_ppg_per_target,0.80,2.50)+0.45*scale(feature_ppg,6.00,18.00)","0.40*scale(48.00-feature_finish,0.00,36.00)+0.60*scale(expected_ppg_baseline-feature_ppg,0.00,4.00)","0.65*scale(feature_games_played,8.00,17.00)+0.35*scale(feature_total_ppr,80.00,260.00)","0.50*scale(feature_ppg_minus_cohort_expected,0.00,6.00)+0.30*scale(expected_finish_from_cohort-feature_finish,0.00,36.00)+0.20*scale(cohort_player_count,1.00,18.00)","0.20*scale(route_participation_season_avg,0.50,0.95)+0.20*scale(target_share_season_avg,0.10,0.32)+0.15*scale(air_yard_share_season_avg,0.08,0.38)+0.15*scale(routes_consistency_index,0.60,0.95)+0.15*scale(target_earning_index,0.12,0.45)+0.15*scale(opportunity_concentration_score,0.18,0.56)","0.50*scale(12.00-feature_finish,0.00,12.00)+0.25*scale(11.00-feature_games_played,0.00,11.00)+0.25*scale(0.14-feature_target_share,0.00,0.14)"
00-0038640,J.Brooks,2024,2025,WR,0.0000,12.6177,0.0000,28.8889,20.0000,0.0000,25.0000,7.7482,wr_signal_score_role_balanced_v1,"0.50*scale(feature_targets_per_game,4.00,10.00)+0.50*scale(feature_target_share,0.12,0.30)","0.55*scale(feature_ppg_per_target,0.80,2.50)+0.45*scale(feature_ppg,6.00,18.00)","0.40*scale(48.00-feature_finish,0.00,36.00)+0.60*scale(expected_ppg_baseline-feature_ppg,0.00,4.00)","0.65*scale(feature_games_played,8.00,17.00)+0.35*scale(feature_total_ppr,80.00,260.00)","0.50*scale(feature_ppg_minus_cohort_expected,0.00,6.00)+0.30*scale(expected_finish_from_cohort-feature_finish,0.00,36.00)+0.20*scale(cohort_player_count,1.00,18.00)","0.20*scale(route_participation_season_avg,0.50,0.95)+0.20*scale(target_share_season_avg,0.10,0.32)+0.15*scale(air_yard_share_season_avg,0.08,0.38)+0.15*scale(routes_consistency_index,0.60,0.95)+0.15*scale(target_earning_index,0.12,0.45)+0.15*scale(opportunity_concentration_score,0.18,0.56)","0.50*scale(12.00-feature_finish,0.00,12.00)+0.25*scale(11.00-feature_games_played,0.00,11.00)+0.25*scale(0.14-feature_target_share,0.00,0.14)"
00-0039062,J.Mingo,2024,2025,WR,0.0000,0.0000,0.0000,43.3334,20.0000,0.0000,25.0000,7.7333,wr_signal_score_role_balanced_v1,"0.50*scale(feature_targets_per_game,4.00,10.00)+0.50*scale(feature_target_share,0.12,0.30)","0.55*scale(feature_ppg_per_target,0.80,2.50)+0.45*scale(feature_ppg,6.00,18.00)","0.40*scale(48.00-feature_finish,0.00,36.00)+0.60*scale(expected_ppg_baseline-feature_ppg,0.00,4.00)","0.65*scale(feature_games_played,8.00,17.00)+0.35*scale(feature_total_ppr,80.00,260.00)","0.50*scale(feature_ppg_minus_cohort_expected,0.00,6.00)+0.30*scale(expected_finish_from_cohort-feature_finish,0.00,36.00)+0.20*scale(cohort_player_count,1.00,18.00)","0.20*scale(route_participation_season_avg,0.50,0.95)+0.20*scale(target_share_season_avg,0.10,0.32)+0.15*scale(air_yard_share_season_avg,0.08,0.38)+0.15*scale(routes_consistency_index,0.60,0.95)+0.15*scale(target_earning_index,0.12,0.45)+0.15*scale(opportunity_concentration_score,0.18,0.56)","0.50*scale(12.00-feature_finish,0.00,12.00)+0.25*scale(11.00-feature_games_played,0.00,11.00)+0.25*scale(0.14-feature_target_share,0.00,0.14)"
00-0039052,T.Palmer,2024,2025,WR,0.0000,25.8823,0.0000,14.4444,20.0000,0.0000,27.2727,7.7238,wr_signal_score_role_balanced_v1,"0.50*scale(feature_targets_per_game,4.00,10.00)+0.50*scale(feature_target_share,0.12,0.30)","0.55*scale(feature_ppg_per_target,0.80,2.50)+0.45*scale(feature_ppg,6.00,18.00)","0.40*scale(48.00-feature_finish,0.00,36.00)+0.60*scale(expected_ppg_baseline-feature_ppg,0.00,4.00)","0.65*scale(feature_games_played,8.00,17.00)+0.35*scale(feature_total_ppr,80.00,260.00)","0.50*scale(feature_ppg_minus_cohort_expected,0.00,6.00)+0.30*scale(expected_finish_from_cohort-feature_finish,0.00,36.00)+0.20*scale(cohort_player_count,1.00,18.00)","0.20*scale(route_participation_season_avg,0.50,0.95)+0.20*scale(target_share_season_avg,0.10,0.32)+0.15*scale(air_yard_share_season_avg,0.08,0.38)+0.15*scale(routes_consistency_index,0.60,0.95)+0.15*scale(target_earning_index,0.12,0.45)+0.15*scale(opportunity_concentration_score,0.18,0.56)","0.50*scale(12.00-feature_finish,0.00,12.00)+0.25*scale(11.00-feature_games_played,0.00,11.00)+0.25*scale(0.14-feature_target_share,0.00,0.14)"
00-0039907,J.Polk,2024,2025,WR,0.0000,6.1760,0.0000,36.1111,20.0000,0.0000,25.0000,7.7208,wr_signal_score_role_balanced_v1,"0.50*scale(feature_targets_per_game,4.00,10.00)+0.50*scale(feature_target_share,0.12,0.30)","0.55*scale(feature_ppg_per_target,0.80,2.50)+0.45*scale(feature_ppg,6.00,18.00)","0.40*scale(48.00-feature_finish,0.00,36.00)+0.60*scale(expected_ppg_baseline-feature_ppg,0.00,4.00)","0.65*scale(feature_games_played,8.00,17.00)+0.35*scale(feature_total_ppr,80.00,260.00)","0.50*scale(feature_ppg_minus_cohort_expected,0.00,6.00)+0.30*scale(expected_finish_from_cohort-feature_finish,0.00,36.00)+0.20*scale(cohort_player_count,1.00,18.00)","0.20*scale(route_participation_season_avg,0.50,0.95)+0.20*scale(target_share_season_avg,0.10,0.32)+0.15*scale(air_yard_share_season_avg,0.08,0.38)+0.15*scale(routes_consistency_index,0.60,0.95)+0.15*scale(target_earning_index,0.12,0.45)+0.15*scale(opportunity_concentration_score,0.18,0.56)","0.50*scale(12.00-feature_finish,0.00,12.00)+0.25*scale(11.00-feature_games_played,0.00,11.00)+0.25*scale(0.14-feature_target_share,0.00,0.14)"
00-0037091,B.Melton,2024,2025,WR,0.0000,16.9365,0.0000,21.6666,20.0000,0.0000,25.0000,7.4571,wr_signal_score_role_balanced_v1,"0.50*scale(feature_targets_per_game,4.00,10.00)+0.50*scale(feature_target_share,0.12,0.30)","0.55*scale(feature_ppg_per_target,0.80,2.50)+0.45*scale(feature_ppg,6.00,18.00)","0.40*scale(48.00-feature_finish,0.00,36.00)+0.60*scale(expected_ppg_baseline-feature_ppg,0.00,4.00)","0.65*scale(feature_games_played,8.00,17.00)+0.35*scale(feature_total_ppr,80.00,260.00)","0.50*scale(feature_ppg_minus_cohort_expected,0.00,6.00)+0.30*scale(expected_finish_from_cohort-feature_finish,0.00,36.00)+0.20*scale(cohort_player_count,1.00,18.00)","0.20*scale(route_participation_season_avg,0.50,0.95)+0.20*scale(target_share_season_avg,0.10,0.32)+0.15*scale(air_yard_share_season_avg,0.08,0.38)+0.15*scale(routes_consistency_index,0.60,0.95)+0.15*scale(target_earning_index,0.12,0.45)+0.15*scale(opportunity_concentration_score,0.18,0.56)","0.50*scale(12.00-feature_finish,0.00,12.00)+0.25*scale(11.00-feature_games_played,0.00,11.00)+0.25*scale(0.14-feature_target_share,0.00,0.14)"
00-0035891,C.White,2024,2025,WR,0.0000,44.6373,0.0000,0.0000,20.0000,0.0000,47.7273,7.4320,wr_signal_score_role_balanced_v1,"0.50*scale(feature_targets_per_game,4.00,10.00)+0.50*scale(feature_target_share,0.12,0.30)","0.55*scale(feature_ppg_per_target,0.80,2.50)+0.45*scale(feature_ppg,6.00,18.00)","0.40*scale(48.00-feature_finish,0.00,36.00)+0.60*scale(expected_ppg_baseline-feature_ppg,0.00,4.00)","0.65*scale(feature_games_played,8.00,17.00)+0.35*scale(feature_total_ppr,80.00,260.00)","0.50*scale(feature_ppg_minus_cohort_expected,0.00,6.00)+0.30*scale(expected_finish_from_cohort-feature_finish,0.00,36.00)+0.20*scale(cohort_player_count,1.00,18.00)","0.20*scale(route_participation_season_avg,0.50,0.95)+0.20*scale(target_share_season_avg,0.10,0.32)+0.15*scale(air_yard_share_season_avg,0.08,0.38)+0.15*scale(routes_consistency_index,0.60,0.95)+0.15*scale(target_earning_index,0.12,0.45)+0.15*scale(opportunity_concentration_score,0.18,0.56)","0.50*scale(12.00-feature_finish,0.00,12.00)+0.25*scale(11.00-feature_games_played,0.00,11.00)+0.25*scale(0.14-feature_target_share,0.00,0.14)"
00-0039365,J.Cowing,2024,2025,WR,0.0000,42.5981,0.0000,0.0000,20.0000,0.0000,43.1818,7.3988,wr_signal_score_role_balanced_v1,"0.50*scale(feature_targets_per_game,4.00,10.00)+0.50*scale(feature_target_share,0.12,0.30)","0.55*scale(feature_ppg_per_target,0.80,2.50)+0.45*scale(feature_ppg,6.00,18.00)","0.40*scale(48.00-feature_finish,0.00,36.00)+0.60*scale(expected_ppg_baseline-feature_ppg,0.00,4.00)","0.65*scale(feature_games_played,8.00,17.00)+0.35*scale(feature_total_ppr,80.00,260.00)","0.50*scale(feature_ppg_minus_cohort_expected,0.00,6.00)+0.30*scale(expected_finish_from_cohort-feature_finish,0.00,36.00)+0.20*scale(cohort_player_count,1.00,18.00)","0.20*scale(route_participation_season_avg,0.50,0.95)+0.20*scale(target_share_season_avg,0.10,0.32)+0.15*scale(air_yard_share_season_avg,0.08,0.38)+0.15*scale(routes_consistency_index,0.60,0.95)+0.15*scale(target_earning_index,0.12,0.45)+0.15*scale(opportunity_concentration_score,0.18,0.56)","0.50*scale(12.00-feature_finish,0.00,12.00)+0.25*scale(11.00-feature_games_played,0.00,11.00)+0.25*scale(0.14-feature_target_share,0.00,0.14)"
00-0037614,J.Metchie,2024,2025,WR,0.0000,22.5596,0.0000,14.4444,20.0000,0.0000,27.2727,7.2254,wr_signal_score_role_balanced_v1,"0.50*scale(feature_targets_per_game,4.00,10.00)+0.50*scale(feature_target_share,0.12,0.30)","0.55*scale(feature_ppg_per_target,0.80,2.50)+0.45*scale(feature_ppg,6.00,18.00)","0.40*scale(48.00-feature_finish,0.00,36.00)+0.60*scale(expected_ppg_baseline-feature_ppg,0.00,4.00)","0.65*scale(feature_games_played,8.00,17.00)+0.35*scale(feature_total_ppr,80.00,260.00)","0.50*scale(feature_ppg_minus_cohort_expected,0.00,6.00)+0.30*scale(expected_finish_from_cohort-feature_finish,0.00,36.00)+0.20*scale(cohort_player_count,1.00,18.00)","0.20*scale(route_participation_season_avg,0.50,0.95)+0.20*scale(target_share_season_avg,0.10,0.32)+0.15*scale(air_yard_share_season_avg,0.08,0.38)+0.15*scale(routes_consistency_index,0.60,0.95)+0.15*scale(target_earning_index,0.12,0.45)+0.15*scale(opportunity_concentration_score,0.18,0.56)","0.50*scale(12.00-feature_finish,0.00,12.00)+0.25*scale(11.00-feature_games_played,0.00,11.00)+0.25*scale(0.14-feature_target_share,0.00,0.14)"
00-0033292,T.Taylor,2024,2025,WR,0.0000,42.0588,0.0000,0.0000,20.0000,0.0000,47.7273,7.0452,wr_signal_score_role_balanced_v1,"0.50*scale(feature_targets_per_game,4.00,10.00)+0.50*scale(feature_target_share,0.12,0.30)","0.55*scale(feature_ppg_per_target,0.80,2.50)+0.45*scale(feature_ppg,6.00,18.00)","0.40*scale(48.00-feature_finish,0.00,36.00)+0.60*scale(expected_ppg_baseline-feature_ppg,0.00,4.00)","0.65*scale(feature_games_played,8.00,17.00)+0.35*scale(feature_total_ppr,80.00,260.00)","0.50*scale(feature_ppg_minus_cohort_expected,0.00,6.00)+0.30*scale(expected_finish_from_cohort-feature_finish,0.00,36.00)+0.20*scale(cohort_player_count,1.00,18.00)","0.20*scale(route_participation_season_avg,0.50,0.95)+0.20*scale(target_share_season_avg,0.10,0.32)+0.15*scale(air_yard_share_season_avg,0.08,0.38)+0.15*scale(routes_consistency_index,0.60,0.95)+0.15*scale(target_earning_index,0.12,0.45)+0.15*scale(opportunity_concentration_score,0.18,0.56)","0.50*scale(12.00-feature_finish,0.00,12.00)+0.25*scale(11.00-feature_games_played,0.00,11.00)+0.25*scale(0.14-feature_target_share,0.00,0.14)"
00-0038821,R.Jarrett,2024,2025,WR,0.0000,37.0600,0.0000,0.0000,20.0000,0.0000,36.3636,6.9772,wr_signal_score_role_balanced_v1,"0.50*scale(feature_targets_per_game,4.00,10.00)+0.50*scale(feature_target_share,0.12,0.30)","0.55*scale(feature_ppg_per_target,0.80,2.50)+0.45*scale(feature_ppg,6.00,18.00)","0.40*scale(48.00-feature_finish,0.00,36.00)+0.60*scale(expected_ppg_baseline-feature_ppg,0.00,4.00)","0.65*scale(feature_games_played,8.00,17.00)+0.35*scale(feature_total_ppr,80.00,260.00)","0.50*scale(feature_ppg_minus_cohort_expected,0.00,6.00)+0.30*scale(expected_finish_from_cohort-feature_finish,0.00,36.00)+0.20*scale(cohort_player_count,1.00,18.00)","0.20*scale(route_participation_season_avg,0.50,0.95)+0.20*scale(target_share_season_avg,0.10,0.32)+0.15*scale(air_yard_share_season_avg,0.08,0.38)+0.15*scale(routes_consistency_index,0.60,0.95)+0.15*scale(target_earning_index,0.12,0.45)+0.15*scale(opportunity_concentration_score,0.18,0.56)","0.50*scale(12.00-feature_finish,0.00,12.00)+0.25*scale(11.00-feature_games_played,0.00,11.00)+0.25*scale(0.14-feature_target_share,0.00,0.14)"
00-0035602,A.Bachman,2024,2025,WR,0.0000,40.2769,0.0000,0.0000,20.0000,0.0000,47.7273,6.7779,wr_signal_score_role_balanced_v1,"0.50*scale(feature_targets_per_game,4.00,10.00)+0.50*scale(feature_target_share,0.12,0.30)","0.55*scale(feature_ppg_per_target,0.80,2.50)+0.45*scale(feature_ppg,6.00,18.00)","0.40*scale(48.00-feature_finish,0.00,36.00)+0.60*scale(expected_ppg_baseline-feature_ppg,0.00,4.00)","0.65*scale(feature_games_played,8.00,17.00)+0.35*scale(feature_total_ppr,80.00,260.00)","0.50*scale(feature_ppg_minus_cohort_expected,0.00,6.00)+0.30*scale(expected_finish_from_cohort-feature_finish,0.00,36.00)+0.20*scale(cohort_player_count,1.00,18.00)","0.20*scale(route_participation_season_avg,0.50,0.95)+0.20*scale(target_share_season_avg,0.10,0.32)+0.15*scale(air_yard_share_season_avg,0.08,0.38)+0.15*scale(routes_consistency_index,0.60,0.95)+0.15*scale(target_earning_index,0.12,0.45)+0.15*scale(opportunity_concentration_score,0.18,0.56)","0.50*scale(12.00-feature_finish,0.00,12.00)+0.25*scale(11.00-feature_games_played,0.00,11.00)+0.25*scale(0.14-feature_target_share,0.00,0.14)"
00-0038824,R.Miller,2024,2025,WR,0.0000,33.6471,0.0000,0.0000,20.0000,0.0000,31.8182,6.7380,wr_signal_score_role_balanced_v1,"0.50*scale(feature_targets_per_game,4.00,10.00)+0.50*scale(feature_target_share,0.12,0.30)","0.55*scale(feature_ppg_per_target,0.80,2.50)+0.45*scale(feature_ppg,6.00,18.00)","0.40*scale(48.00-feature_finish,0.00,36.00)+0.60*scale(expected_ppg_baseline-feature_ppg,0.00,4.00)","0.65*scale(feature_games_played,8.00,17.00)+0.35*scale(feature_total_ppr,80.00,260.00)","0.50*scale(feature_ppg_minus_cohort_expected,0.00,6.00)+0.30*scale(expected_finish_from_cohort-feature_finish,0.00,36.00)+0.20*scale(cohort_player_count,1.00,18.00)","0.20*scale(route_participation_season_avg,0.50,0.95)+0.20*scale(target_share_season_avg,0.10,0.32)+0.15*scale(air_yard_share_season_avg,0.08,0.38)+0.15*scale(routes_consistency_index,0.60,0.95)+0.15*scale(target_earning_index,0.12,0.45)+0.15*scale(opportunity_concentration_score,0.18,0.56)","0.50*scale(12.00-feature_finish,0.00,12.00)+0.25*scale(11.00-feature_games_played,0.00,11.00)+0.25*scale(0.14-feature_target_share,0.00,0.14)"
00-0039747,A.Smith,2024,2025,WR,0.0000,37.7451,0.0000,0.0000,20.0000,0.0000,43.1818,6.6709,wr_signal_score_role_balanced_v1,"0.50*scale(feature_targets_per_game,4.00,10.00)+0.50*scale(feature_target_share,0.12,0.30)","0.55*scale(feature_ppg_per_target,0.80,2.50)+0.45*scale(feature_ppg,6.00,18.00)","0.40*scale(48.00-feature_finish,0.00,36.00)+0.60*scale(expected_ppg_baseline-feature_ppg,0.00,4.00)","0.65*scale(feature_games_played,8.00,17.00)+0.35*scale(feature_total_ppr,80.00,260.00)","0.50*scale(feature_ppg_minus_cohort_expected,0.00,6.00)+0.30*scale(expected_finish_from_cohort-feature_finish,0.00,36.00)+0.20*scale(cohort_player_count,1.00,18.00)","0.20*scale(route_participation_season_avg,0.50,0.95)+0.20*scale(target_share_season_avg,0.10,0.32)+0.15*scale(air_yard_share_season_avg,0.08,0.38)+0.15*scale(routes_consistency_index,0.60,0.95)+0.15*scale(target_earning_index,0.12,0.45)+0.15*scale(opportunity_concentration_score,0.18,0.56)","0.50*scale(12.00-feature_finish,0.00,12.00)+0.25*scale(11.00-feature_games_played,0.00,11.00)+0.25*scale(0.14-feature_target_share,0.00,0.14)"
00-0036841,A.Trammell,2024,2025,WR,0.0000,38.8235,0.0000,0.0000,20.0000,0.0000,47.7273,6.5599,wr_signal_score_role_balanced_v1,"0.50*scale(feature_targets_per_game,4.00,10.00)+0.50*scale(feature_target_share,0.12,0.30)","0.55*scale(feature_ppg_per_target,0.80,2.50)+0.45*scale(feature_ppg,6.00,18.00)","0.40*scale(48.00-feature_finish,0.00,36.00)+0.60*scale(expected_ppg_baseline-feature_ppg,0.00,4.00)","0.65*scale(feature_games_played,8.00,17.00)+0.35*scale(feature_total_ppr,80.00,260.00)","0.50*scale(feature_ppg_minus_cohort_expected,0.00,6.00)+0.30*scale(expected_finish_from_cohort-feature_finish,0.00,36.00)+0.20*scale(cohort_player_count,1.00,18.00)","0.20*scale(route_participation_season_avg,0.50,0.95)+0.20*scale(target_share_season_avg,0.10,0.32)+0.15*scale(air_yard_share_season_avg,0.08,0.38)+0.15*scale(routes_consistency_index,0.60,0.95)+0.15*scale(target_earning_index,0.12,0.45)+0.15*scale(opportunity_concentration_score,0.18,0.56)","0.50*scale(12.00-feature_finish,0.00,12.00)+0.25*scale(11.00-feature_games_played,0.00,11.00)+0.25*scale(0.14-feature_target_share,0.00,0.14)"
00-0036196,G.Davis,2024,2025,WR,5.5559,15.6369,0.0000,7.2222,20.0000,0.0000,29.5454,6.4451,wr_signal_score_role_balanced_v1,"0.50*scale(feature_targets_per_game,4.00,10.00)+0.50*scale(feature_target_share,0.12,0.30)","0.55*scale(feature_ppg_per_target,0.80,2.50)+0.45*scale(feature_ppg,6.00,18.00)","0.40*scale(48.00-feature_finish,0.00,36.00)+0.60*scale(expected_ppg_baseline-feature_ppg,0.00,4.00)","0.65*scale(feature_games_played,8.00,17.00)+0.35*scale(feature_total_ppr,80.00,260.00)","0.50*scale(feature_ppg_minus_cohort_expected,0.00,6.00)+0.30*scale(expected_finish_from_cohort-feature_finish,0.00,36.00)+0.20*scale(cohort_player_count,1.00,18.00)","0.20*scale(route_participation_season_avg,0.50,0.95)+0.20*scale(target_share_season_avg,0.10,0.32)+0.15*scale(air_yard_share_season_avg,0.08,0.38)+0.15*scale(routes_consistency_index,0.60,0.95)+0.15*scale(target_earning_index,0.12,0.45)+0.15*scale(opportunity_concentration_score,0.18,0.56)","0.50*scale(12.00-feature_finish,0.00,12.00)+0.25*scale(11.00-feature_games_played,0.00,11.00)+0.25*scale(0.14-feature_target_share,0.00,0.14)"
00-0035639,P.Campbell,2024,2025,WR,0.0000,34.7794,0.0000,0.0000,20.0000,0.0000,40.9091,6.3624,wr_signal_score_role_balanced_v1,"0.50*scale(feature_targets_per_game,4.00,10.00)+0.50*scale(feature_target_share,0.12,0.30)","0.55*scale(feature_ppg_per_target,0.80,2.50)+0.45*scale(feature_ppg,6.00,18.00)","0.40*scale(48.00-feature_finish,0.00,36.00)+0.60*scale(expected_ppg_baseline-feature_ppg,0.00,4.00)","0.65*scale(feature_games_played,8.00,17.00)+0.35*scale(feature_total_ppr,80.00,260.00)","0.50*scale(feature_ppg_minus_cohort_expected,0.00,6.00)+0.30*scale(expected_finish_from_cohort-feature_finish,0.00,36.00)+0.20*scale(cohort_player_count,1.00,18.00)","0.20*scale(route_participation_season_avg,0.50,0.95)+0.20*scale(target_share_season_avg,0.10,0.32)+0.15*scale(air_yard_share_season_avg,0.08,0.38)+0.15*scale(routes_consistency_index,0.60,0.95)+0.15*scale(target_earning_index,0.12,0.45)+0.15*scale(opportunity_concentration_score,0.18,0.56)","0.50*scale(12.00-feature_finish,0.00,12.00)+0.25*scale(11.00-feature_games_played,0.00,11.00)+0.25*scale(0.14-feature_target_share,0.00,0.14)"
00-0037257,D.Bell,2024,2025,WR,0.0000,35.5882,0.0000,0.0000,20.0000,0.0000,47.7273,6.0746,wr_signal_score_role_balanced_v1,"0.50*scale(feature_targets_per_game,4.00,10.00)+0.50*scale(feature_target_share,0.12,0.30)","0.55*scale(feature_ppg_per_target,0.80,2.50)+0.45*scale(feature_ppg,6.00,18.00)","0.40*scale(48.00-feature_finish,0.00,36.00)+0.60*scale(expected_ppg_baseline-feature_ppg,0.00,4.00)","0.65*scale(feature_games_played,8.00,17.00)+0.35*scale(feature_total_ppr,80.00,260.00)","0.50*scale(feature_ppg_minus_cohort_expected,0.00,6.00)+0.30*scale(expected_finish_from_cohort-feature_finish,0.00,36.00)+0.20*scale(cohort_player_count,1.00,18.00)","0.20*scale(route_participation_season_avg,0.50,0.95)+0.20*scale(target_share_season_avg,0.10,0.32)+0.15*scale(air_yard_share_season_avg,0.08,0.38)+0.15*scale(routes_consistency_index,0.60,0.95)+0.15*scale(target_earning_index,0.12,0.45)+0.15*scale(opportunity_concentration_score,0.18,0.56)","0.50*scale(12.00-feature_finish,0.00,12.00)+0.25*scale(11.00-feature_games_played,0.00,11.00)+0.25*scale(0.14-feature_target_share,0.00,0.14)"
00-0037382,B.Johnson,2024,2025,WR,0.0000,35.5882,0.0000,0.0000,20.0000,0.0000,47.7273,6.0746,wr_signal_score_role_balanced_v1,"0.50*scale(feature_targets_per_game,4.00,10.00)+0.50*scale(feature_target_share,0.12,0.30)","0.55*scale(feature_ppg_per_target,0.80,2.50)+0.45*scale(feature_ppg,6.00,18.00)","0.40*scale(48.00-feature_finish,0.00,36.00)+0.60*scale(expected_ppg_baseline-feature_ppg,0.00,4.00)","0.65*scale(feature_games_played,8.00,17.00)+0.35*scale(feature_total_ppr,80.00,260.00)","0.50*scale(feature_ppg_minus_cohort_expected,0.00,6.00)+0.30*scale(expected_finish_from_cohort-feature_finish,0.00,36.00)+0.20*scale(cohort_player_count,1.00,18.00)","0.20*scale(route_participation_season_avg,0.50,0.95)+0.20*scale(target_share_season_avg,0.10,0.32)+0.15*scale(air_yard_share_season_avg,0.08,0.38)+0.15*scale(routes_consistency_index,0.60,0.95)+0.15*scale(target_earning_index,0.12,0.45)+0.15*scale(opportunity_concentration_score,0.18,0.56)","0.50*scale(12.00-feature_finish,0.00,12.00)+0.25*scale(11.00-feature_games_played,0.00,11.00)+0.25*scale(0.14-feature_target_share,0.00,0.14)"
00-0037422,K.Pryor,2024,2025,WR,0.0000,35.5882,0.0000,0.0000,20.0000,0.0000,47.7273,6.0746,wr_signal_score_role_balanced_v1,"0.50*scale(feature_targets_per_game,4.00,10.00)+0.50*scale(feature_target_share,0.12,0.30)","0.55*scale(feature_ppg_per_target,0.80,2.50)+0.45*scale(feature_ppg,6.00,18.00)","0.40*scale(48.00-feature_finish,0.00,36.00)+0.60*scale(expected_ppg_baseline-feature_ppg,0.00,4.00)","0.65*scale(feature_games_played,8.00,17.00)+0.35*scale(feature_total_ppr,80.00,260.00)","0.50*scale(feature_ppg_minus_cohort_expected,0.00,6.00)+0.30*scale(expected_finish_from_cohort-feature_finish,0.00,36.00)+0.20*scale(cohort_player_count,1.00,18.00)","0.20*scale(route_participation_season_avg,0.50,0.95)+0.20*scale(target_share_season_avg,0.10,0.32)+0.15*scale(air_yard_share_season_avg,0.08,0.38)+0.15*scale(routes_consistency_index,0.60,0.95)+0.15*scale(target_earning_index,0.12,0.45)+0.15*scale(opportunity_concentration_score,0.18,0.56)","0.50*scale(12.00-feature_finish,0.00,12.00)+0.25*scale(11.00-feature_games_played,0.00,11.00)+0.25*scale(0.14-feature_target_share,0.00,0.14)"
00-0036176,M.Kinsey,2024,2025,WR,0.0000,33.9706,0.0000,0.0000,20.0000,0.0000,45.4545,5.9683,wr_signal_score_role_balanced_v1,"0.50*scale(feature_targets_per_game,4.00,10.00)+0.50*scale(feature_target_share,0.12,0.30)","0.55*scale(feature_ppg_per_target,0.80,2.50)+0.45*scale(feature_ppg,6.00,18.00)","0.40*scale(48.00-feature_finish,0.00,36.00)+0.60*scale(expected_ppg_baseline-feature_ppg,0.00,4.00)","0.65*scale(feature_games_played,8.00,17.00)+0.35*scale(feature_total_ppr,80.00,260.00)","0.50*scale(feature_ppg_minus_cohort_expected,0.00,6.00)+0.30*scale(expected_finish_from_cohort-feature_finish,0.00,36.00)+0.20*scale(cohort_player_count,1.00,18.00)","0.20*scale(route_participation_season_avg,0.50,0.95)+0.20*scale(target_share_season_avg,0.10,0.32)+0.15*scale(air_yard_share_season_avg,0.08,0.38)+0.15*scale(routes_consistency_index,0.60,0.95)+0.15*scale(target_earning_index,0.12,0.45)+0.15*scale(opportunity_concentration_score,0.18,0.56)","0.50*scale(12.00-feature_finish,0.00,12.00)+0.25*scale(11.00-feature_games_played,0.00,11.00)+0.25*scale(0.14-feature_target_share,0.00,0.14)"
00-0036331,D.Duvernay,2024,2025,WR,0.0000,12.9412,0.0000,14.4444,20.0000,0.0000,27.2727,5.7826,wr_signal_score_role_balanced_v1,"0.50*scale(feature_targets_per_game,4.00,10.00)+0.50*scale(feature_target_share,0.12,0.30)","0.55*scale(feature_ppg_per_target,0.80,2.50)+0.45*scale(feature_ppg,6.00,18.00)","0.40*scale(48.00-feature_finish,0.00,36.00)+0.60*scale(expected_ppg_baseline-feature_ppg,0.00,4.00)","0.65*scale(feature_games_played,8.00,17.00)+0.35*scale(feature_total_ppr,80.00,260.00)","0.50*scale(feature_ppg_minus_cohort_expected,0.00,6.00)+0.30*scale(expected_finish_from_cohort-feature_finish,0.00,36.00)+0.20*scale(cohort_player_count,1.00,18.00)","0.20*scale(route_participation_season_avg,0.50,0.95)+0.20*scale(target_share_season_avg,0.10,0.32)+0.15*scale(air_yard_share_season_avg,0.08,0.38)+0.15*scale(routes_consistency_index,0.60,0.95)+0.15*scale(target_earning_index,0.12,0.45)+0.15*scale(opportunity_concentration_score,0.18,0.56)","0.50*scale(12.00-feature_finish,0.00,12.00)+0.25*scale(11.00-feature_games_played,0.00,11.00)+0.25*scale(0.14-feature_target_share,0.00,0.14)"
00-0039650,B.Oliver,2024,2025,WR,0.0000,29.8366,0.0000,0.0000,20.0000,0.0000,38.6364,5.7573,wr_signal_score_role_balanced_v1,"0.50*scale(feature_targets_per_game,4.00,10.00)+0.50*scale(feature_target_share,0.12,0.30)","0.55*scale(feature_ppg_per_target,0.80,2.50)+0.45*scale(feature_ppg,6.00,18.00)","0.40*scale(48.00-feature_finish,0.00,36.00)+0.60*scale(expected_ppg_baseline-feature_ppg,0.00,4.00)","0.65*scale(feature_games_played,8.00,17.00)+0.35*scale(feature_total_ppr,80.00,260.00)","0.50*scale(feature_ppg_minus_cohort_expected,0.00,6.00)+0.30*scale(expected_finish_from_cohort-feature_finish,0.00,36.00)+0.20*scale(cohort_player_count,1.00,18.00)","0.20*scale(route_participation_season_avg,0.50,0.95)+0.20*scale(target_share_season_avg,0.10,0.32)+0.15*scale(air_yard_share_season_avg,0.08,0.38)+0.15*scale(routes_consistency_index,0.60,0.95)+0.15*scale(target_earning_index,0.12,0.45)+0.15*scale(opportunity_concentration_score,0.18,0.56)","0.50*scale(12.00-feature_finish,0.00,12.00)+0.25*scale(11.00-feature_games_played,0.00,11.00)+0.25*scale(0.14-feature_target_share,0.00,0.14)"
00-0038496,X.Gipson,2024,2025,WR,0.0000,27.1754,0.0000,0.0000,20.0000,0.0000,34.0909,5.6309,wr_signal_score_role_balanced_v1,"0.50*scale(feature_targets_per_game,4.00,10.00)+0.50*scale(feature_target_share,0.12,0.30)","0.55*scale(feature_ppg_per_target,0.80,2.50)+0.45*scale(feature_ppg,6.00,18.00)","0.40*scale(48.00-feature_finish,0.00,36.00)+0.60*scale(expected_ppg_baseline-feature_ppg,0.00,4.00)","0.65*scale(feature_games_played,8.00,17.00)+0.35*scale(feature_total_ppr,80.00,260.00)","0.50*scale(feature_ppg_minus_cohort_expected,0.00,6.00)+0.30*scale(expected_finish_from_cohort-feature_finish,0.00,36.00)+0.20*scale(cohort_player_count,1.00,18.00)","0.20*scale(route_participation_season_avg,0.50,0.95)+0.20*scale(target_share_season_avg,0.10,0.32)+0.15*scale(air_yard_share_season_avg,0.08,0.38)+0.15*scale(routes_consistency_index,0.60,0.95)+0.15*scale(target_earning_index,0.12,0.45)+0.15*scale(opportunity_concentration_score,0.18,0.56)","0.50*scale(12.00-feature_finish,0.00,12.00)+0.25*scale(11.00-feature_games_played,0.00,11.00)+0.25*scale(0.14-feature_target_share,0.00,0.14)"
00-0033943,J.Reynolds,2024,2025,WR,0.0000,25.8823,0.0000,0.0000,20.0000,0.0000,31.8182,5.5733,wr_signal_score_role_balanced_v1,"0.50*scale(feature_targets_per_game,4.00,10.00)+0.50*scale(feature_target_share,0.12,0.30)","0.55*scale(feature_ppg_per_target,0.80,2.50)+0.45*scale(feature_ppg,6.00,18.00)","0.40*scale(48.00-feature_finish,0.00,36.00)+0.60*scale(expected_ppg_baseline-feature_ppg,0.00,4.00)","0.65*scale(feature_games_played,8.00,17.00)+0.35*scale(feature_total_ppr,80.00,260.00)","0.50*scale(feature_ppg_minus_cohort_expected,0.00,6.00)+0.30*scale(expected_finish_from_cohort-feature_finish,0.00,36.00)+0.20*scale(cohort_player_count,1.00,18.00)","0.20*scale(route_participation_season_avg,0.50,0.95)+0.20*scale(target_share_season_avg,0.10,0.32)+0.15*scale(air_yard_share_season_avg,0.08,0.38)+0.15*scale(routes_consistency_index,0.60,0.95)+0.15*scale(target_earning_index,0.12,0.45)+0.15*scale(opportunity_concentration_score,0.18,0.56)","0.50*scale(12.00-feature_finish,0.00,12.00)+0.25*scale(11.00-feature_games_played,0.00,11.00)+0.25*scale(0.14-feature_target_share,0.00,0.14)"
00-0037487,D.Thompkins,2024,2025,WR,0.0000,28.3088,0.0000,0.0000,20.0000,0.0000,40.9091,5.3918,wr_signal_score_role_balanced_v1,"0.50*scale(feature_targets_per_game,4.00,10.00)+0.50*scale(feature_target_share,0.12,0.30)","0.55*scale(feature_ppg_per_target,0.80,2.50)+0.45*scale(feature_ppg,6.00,18.00)","0.40*scale(48.00-feature_finish,0.00,36.00)+0.60*scale(expected_ppg_baseline-feature_ppg,0.00,4.00)","0.65*scale(feature_games_played,8.00,17.00)+0.35*scale(feature_total_ppr,80.00,260.00)","0.50*scale(feature_ppg_minus_cohort_expected,0.00,6.00)+0.30*scale(expected_finish_from_cohort-feature_finish,0.00,36.00)+0.20*scale(cohort_player_count,1.00,18.00)","0.20*scale(route_participation_season_avg,0.50,0.95)+0.20*scale(target_share_season_avg,0.10,0.32)+0.15*scale(air_yard_share_season_avg,0.08,0.38)+0.15*scale(routes_consistency_index,0.60,0.95)+0.15*scale(target_earning_index,0.12,0.45)+0.15*scale(opportunity_concentration_score,0.18,0.56)","0.50*scale(12.00-feature_finish,0.00,12.00)+0.25*scale(11.00-feature_games_played,0.00,11.00)+0.25*scale(0.14-feature_target_share,0.00,0.14)"
00-0035976,D.Chisena,2024,2025,WR,0.0000,28.3102,0.0000,0.0000,20.0000,0.0000,43.1818,5.2556,wr_signal_score_role_balanced_v1,"0.50*scale(feature_targets_per_game,4.00,10.00)+0.50*scale(feature_target_share,0.12,0.30)","0.55*scale(feature_ppg_per_target,0.80,2.50)+0.45*scale(feature_ppg,6.00,18.00)","0.40*scale(48.00-feature_finish,0.00,36.00)+0.60*scale(expected_ppg_baseline-feature_ppg,0.00,4.00)","0.65*scale(feature_games_played,8.00,17.00)+0.35*scale(feature_total_ppr,80.00,260.00)","0.50*scale(feature_ppg_minus_cohort_expected,0.00,6.00)+0.30*scale(expected_finish_from_cohort-feature_finish,0.00,36.00)+0.20*scale(cohort_player_count,1.00,18.00)","0.20*scale(route_participation_season_avg,0.50,0.95)+0.20*scale(target_share_season_avg,0.10,0.32)+0.15*scale(air_yard_share_season_avg,0.08,0.38)+0.15*scale(routes_consistency_index,0.60,0.95)+0.15*scale(target_earning_index,0.12,0.45)+0.15*scale(opportunity_concentration_score,0.18,0.56)","0.50*scale(12.00-feature_finish,0.00,12.00)+0.25*scale(11.00-feature_games_played,0.00,11.00)+0.25*scale(0.14-feature_target_share,0.00,0.14)"
00-0036133,J.Proche,2024,2025,WR,0.0000,29.1177,0.0000,0.0000,20.0000,0.0000,45.4545,5.2404,wr_signal_score_role_balanced_v1,"0.50*scale(feature_targets_per_game,4.00,10.00)+0.50*scale(feature_target_share,0.12,0.30)","0.55*scale(feature_ppg_per_target,0.80,2.50)+0.45*scale(feature_ppg,6.00,18.00)","0.40*scale(48.00-feature_finish,0.00,36.00)+0.60*scale(expected_ppg_baseline-feature_ppg,0.00,4.00)","0.65*scale(feature_games_played,8.00,17.00)+0.35*scale(feature_total_ppr,80.00,260.00)","0.50*scale(feature_ppg_minus_cohort_expected,0.00,6.00)+0.30*scale(expected_finish_from_cohort-feature_finish,0.00,36.00)+0.20*scale(cohort_player_count,1.00,18.00)","0.20*scale(route_participation_season_avg,0.50,0.95)+0.20*scale(target_share_season_avg,0.10,0.32)+0.15*scale(air_yard_share_season_avg,0.08,0.38)+0.15*scale(routes_consistency_index,0.60,0.95)+0.15*scale(target_earning_index,0.12,0.45)+0.15*scale(opportunity_concentration_score,0.18,0.56)","0.50*scale(12.00-feature_finish,0.00,12.00)+0.25*scale(11.00-feature_games_played,0.00,11.00)+0.25*scale(0.14-feature_target_share,0.00,0.14)"
00-0033891,Z.Jones,2024,2025,WR,0.0000,22.3538,0.0000,0.0000,20.0000,0.0000,36.3636,4.7713,wr_signal_score_role_balanced_v1,"0.50*scale(feature_targets_per_game,4.00,10.00)+0.50*scale(feature_target_share,0.12,0.30)","0.55*scale(feature_ppg_per_target,0.80,2.50)+0.45*scale(feature_ppg,6.00,18.00)","0.40*scale(48.00-feature_finish,0.00,36.00)+0.60*scale(expected_ppg_baseline-feature_ppg,0.00,4.00)","0.65*scale(feature_games_played,8.00,17.00)+0.35*scale(feature_total_ppr,80.00,260.00)","0.50*scale(feature_ppg_minus_cohort_expected,0.00,6.00)+0.30*scale(expected_finish_from_cohort-feature_finish,0.00,36.00)+0.20*scale(cohort_player_count,1.00,18.00)","0.20*scale(route_participation_season_avg,0.50,0.95)+0.20*scale(target_share_season_avg,0.10,0.32)+0.15*scale(air_yard_share_season_avg,0.08,0.38)+0.15*scale(routes_consistency_index,0.60,0.95)+0.15*scale(target_earning_index,0.12,0.45)+0.15*scale(opportunity_concentration_score,0.18,0.56)","0.50*scale(12.00-feature_finish,0.00,12.00)+0.25*scale(11.00-feature_games_played,0.00,11.00)+0.25*scale(0.14-feature_target_share,0.00,0.14)"
00-0036165,I.Hodgins,2024,2025,WR,0.0000,25.8823,0.0000,0.0000,20.0000,0.0000,45.4545,4.7551,wr_signal_score_role_balanced_v1,"0.50*scale(feature_targets_per_game,4.00,10.00)+0.50*scale(feature_target_share,0.12,0.30)","0.55*scale(feature_ppg_per_target,0.80,2.50)+0.45*scale(feature_ppg,6.00,18.00)","0.40*scale(48.00-feature_finish,0.00,36.00)+0.60*scale(expected_ppg_baseline-feature_ppg,0.00,4.00)","0.65*scale(feature_games_played,8.00,17.00)+0.35*scale(feature_total_ppr,80.00,260.00)","0.50*scale(feature_ppg_minus_cohort_expected,0.00,6.00)+0.30*scale(expected_finish_from_cohort-feature_finish,0.00,36.00)+0.20*scale(cohort_player_count,1.00,18.00)","0.20*scale(route_participation_season_avg,0.50,0.95)+0.20*scale(target_share_season_avg,0.10,0.32)+0.15*scale(air_yard_share_season_avg,0.08,0.38)+0.15*scale(routes_consistency_index,0.60,0.95)+0.15*scale(target_earning_index,0.12,0.45)+0.15*scale(opportunity_concentration_score,0.18,0.56)","0.50*scale(12.00-feature_finish,0.00,12.00)+0.25*scale(11.00-feature_games_played,0.00,11.00)+0.25*scale(0.14-feature_target_share,0.00,0.14)"
00-0036877,J.Darden,2024,2025,WR,0.0000,25.8823,0.0000,0.0000,20.0000,0.0000,47.7273,4.6187,wr_signal_score_role_balanced_v1,"0.50*scale(feature_targets_per_game,4.00,10.00)+0.50*scale(feature_target_share,0.12,0.30)","0.55*scale(feature_ppg_per_target,0.80,2.50)+0.45*scale(feature_ppg,6.00,18.00)","0.40*scale(48.00-feature_finish,0.00,36.00)+0.60*scale(expected_ppg_baseline-feature_ppg,0.00,4.00)","0.65*scale(feature_games_played,8.00,17.00)+0.35*scale(feature_total_ppr,80.00,260.00)","0.50*scale(feature_ppg_minus_cohort_expected,0.00,6.00)+0.30*scale(expected_finish_from_cohort-feature_finish,0.00,36.00)+0.20*scale(cohort_player_count,1.00,18.00)","0.20*scale(route_participation_season_avg,0.50,0.95)+0.20*scale(target_share_season_avg,0.10,0.32)+0.15*scale(air_yard_share_season_avg,0.08,0.38)+0.15*scale(routes_consistency_index,0.60,0.95)+0.15*scale(target_earning_index,0.12,0.45)+0.15*scale(opportunity_concentration_score,0.18,0.56)","0.50*scale(12.00-feature_finish,0.00,12.00)+0.25*scale(11.00-feature_games_played,0.00,11.00)+0.25*scale(0.14-feature_target_share,0.00,0.14)"
00-0034054,R.Cracraft,2024,2025,WR,0.0000,23.0066,0.0000,0.0000,20.0000,0.0000,40.9091,4.5964,wr_signal_score_role_balanced_v1,"0.50*scale(feature_targets_per_game,4.00,10.00)+0.50*scale(feature_target_share,0.12,0.30)","0.55*scale(feature_ppg_per_target,0.80,2.50)+0.45*scale(feature_ppg,6.00,18.00)","0.40*scale(48.00-feature_finish,0.00,36.00)+0.60*scale(expected_ppg_baseline-feature_ppg,0.00,4.00)","0.65*scale(feature_games_played,8.00,17.00)+0.35*scale(feature_total_ppr,80.00,260.00)","0.50*scale(feature_ppg_minus_cohort_expected,0.00,6.00)+0.30*scale(expected_finish_from_cohort-feature_finish,0.00,36.00)+0.20*scale(cohort_player_count,1.00,18.00)","0.20*scale(route_participation_season_avg,0.50,0.95)+0.20*scale(target_share_season_avg,0.10,0.32)+0.15*scale(air_yard_share_season_avg,0.08,0.38)+0.15*scale(routes_consistency_index,0.60,0.95)+0.15*scale(target_earning_index,0.12,0.45)+0.15*scale(opportunity_concentration_score,0.18,0.56)","0.50*scale(12.00-feature_finish,0.00,12.00)+0.25*scale(11.00-feature_games_played,0.00,11.00)+0.25*scale(0.14-feature_target_share,0.00,0.14)"
00-0034646,B.Powell,2024,2025,WR,0.0000,19.7344,0.0000,0.0000,20.0000,0.0000,34.0909,4.5147,wr_signal_score_role_balanced_v1,"0.50*scale(feature_targets_per_game,4.00,10.00)+0.50*scale(feature_target_share,0.12,0.30)","0.55*scale(feature_ppg_per_target,0.80,2.50)+0.45*scale(feature_ppg,6.00,18.00)","0.40*scale(48.00-feature_finish,0.00,36.00)+0.60*scale(expected_ppg_baseline-feature_ppg,0.00,4.00)","0.65*scale(feature_games_played,8.00,17.00)+0.35*scale(feature_total_ppr,80.00,260.00)","0.50*scale(feature_ppg_minus_cohort_expected,0.00,6.00)+0.30*scale(expected_finish_from_cohort-feature_finish,0.00,36.00)+0.20*scale(cohort_player_count,1.00,18.00)","0.20*scale(route_participation_season_avg,0.50,0.95)+0.20*scale(target_share_season_avg,0.10,0.32)+0.15*scale(air_yard_share_season_avg,0.08,0.38)+0.15*scale(routes_consistency_index,0.60,0.95)+0.15*scale(target_earning_index,0.12,0.45)+0.15*scale(opportunity_concentration_score,0.18,0.56)","0.50*scale(12.00-feature_finish,0.00,12.00)+0.25*scale(11.00-feature_games_played,0.00,11.00)+0.25*scale(0.14-feature_target_share,0.00,0.14)"
00-0038941,T.Scott,2024,2025,WR,0.0000,22.6471,0.0000,0.0000,20.0000,0.0000,47.7273,4.1334,wr_signal_score_role_balanced_v1,"0.50*scale(feature_targets_per_game,4.00,10.00)+0.50*scale(feature_target_share,0.12,0.30)","0.55*scale(feature_ppg_per_target,0.80,2.50)+0.45*scale(feature_ppg,6.00,18.00)","0.40*scale(48.00-feature_finish,0.00,36.00)+0.60*scale(expected_ppg_baseline-feature_ppg,0.00,4.00)","0.65*scale(feature_games_played,8.00,17.00)+0.35*scale(feature_total_ppr,80.00,260.00)","0.50*scale(feature_ppg_minus_cohort_expected,0.00,6.00)+0.30*scale(expected_finish_from_cohort-feature_finish,0.00,36.00)+0.20*scale(cohort_player_count,1.00,18.00)","0.20*scale(route_participation_season_avg,0.50,0.95)+0.20*scale(target_share_season_avg,0.10,0.32)+0.15*scale(air_yard_share_season_avg,0.08,0.38)+0.15*scale(routes_consistency_index,0.60,0.95)+0.15*scale(target_earning_index,0.12,0.45)+0.15*scale(opportunity_concentration_score,0.18,0.56)","0.50*scale(12.00-feature_finish,0.00,12.00)+0.25*scale(11.00-feature_games_played,0.00,11.00)+0.25*scale(0.14-feature_target_share,0.00,0.14)"
00-0036497,T.Jones,2024,2025,WR,0.0000,20.0579,0.0000,0.0000,20.0000,0.0000,43.1818,4.0178,wr_signal_score_role_balanced_v1,"0.50*scale(feature_targets_per_game,4.00,10.00)+0.50*scale(feature_target_share,0.12,0.30)","0.55*scale(feature_ppg_per_target,0.80,2.50)+0.45*scale(feature_ppg,6.00,18.00)","0.40*scale(48.00-feature_finish,0.00,36.00)+0.60*scale(expected_ppg_baseline-feature_ppg,0.00,4.00)","0.65*scale(feature_games_played,8.00,17.00)+0.35*scale(feature_total_ppr,80.00,260.00)","0.50*scale(feature_ppg_minus_cohort_expected,0.00,6.00)+0.30*scale(expected_finish_from_cohort-feature_finish,0.00,36.00)+0.20*scale(cohort_player_count,1.00,18.00)","0.20*scale(route_participation_season_avg,0.50,0.95)+0.20*scale(target_share_season_avg,0.10,0.32)+0.15*scale(air_yard_share_season_avg,0.08,0.38)+0.15*scale(routes_consistency_index,0.60,0.95)+0.15*scale(target_earning_index,0.12,0.45)+0.15*scale(opportunity_concentration_score,0.18,0.56)","0.50*scale(12.00-feature_finish,0.00,12.00)+0.25*scale(11.00-feature_games_played,0.00,11.00)+0.25*scale(0.14-feature_target_share,0.00,0.14)"
00-0039410,R.Flournoy,2024,2025,WR,0.0000,16.1765,0.0000,0.0000,20.0000,0.0000,34.0909,3.9810,wr_signal_score_role_balanced_v1,"0.50*scale(feature_targets_per_game,4.00,10.00)+0.50*scale(feature_target_share,0.12,0.30)","0.55*scale(feature_ppg_per_target,0.80,2.50)+0.45*scale(feature_ppg,6.00,18.00)","0.40*scale(48.00-feature_finish,0.00,36.00)+0.60*scale(expected_ppg_baseline-feature_ppg,0.00,4.00)","0.65*scale(feature_games_played,8.00,17.00)+0.35*scale(feature_total_ppr,80.00,260.00)","0.50*scale(feature_ppg_minus_cohort_expected,0.00,6.00)+0.30*scale(expected_finish_from_cohort-feature_finish,0.00,36.00)+0.20*scale(cohort_player_count,1.00,18.00)","0.20*scale(route_participation_season_avg,0.50,0.95)+0.20*scale(target_share_season_avg,0.10,0.32)+0.15*scale(air_yard_share_season_avg,0.08,0.38)+0.15*scale(routes_consistency_index,0.60,0.95)+0.15*scale(target_earning_index,0.12,0.45)+0.15*scale(opportunity_concentration_score,0.18,0.56)","0.50*scale(12.00-feature_finish,0.00,12.00)+0.25*scale(11.00-feature_games_played,0.00,11.00)+0.25*scale(0.14-feature_target_share,0.00,0.14)"
00-0038938,J.Hyatt,2024,2025,WR,0.0000,0.0000,0.0000,14.4444,20.0000,0.0000,27.2727,3.8414,wr_signal_score_role_balanced_v1,"0.50*scale(feature_targets_per_game,4.00,10.00)+0.50*scale(feature_target_share,0.12,0.30)","0.55*scale(feature_ppg_per_target,0.80,2.50)+0.45*scale(feature_ppg,6.00,18.00)","0.40*scale(48.00-feature_finish,0.00,36.00)+0.60*scale(expected_ppg_baseline-feature_ppg,0.00,4.00)","0.65*scale(feature_games_played,8.00,17.00)+0.35*scale(feature_total_ppr,80.00,260.00)","0.50*scale(feature_ppg_minus_cohort_expected,0.00,6.00)+0.30*scale(expected_finish_from_cohort-feature_finish,0.00,36.00)+0.20*scale(cohort_player_count,1.00,18.00)","0.20*scale(route_participation_season_avg,0.50,0.95)+0.20*scale(target_share_season_avg,0.10,0.32)+0.15*scale(air_yard_share_season_avg,0.08,0.38)+0.15*scale(routes_consistency_index,0.60,0.95)+0.15*scale(target_earning_index,0.12,0.45)+0.15*scale(opportunity_concentration_score,0.18,0.56)","0.50*scale(12.00-feature_finish,0.00,12.00)+0.25*scale(11.00-feature_games_played,0.00,11.00)+0.25*scale(0.14-feature_target_share,0.00,0.14)"
00-0037231,K.Austin,2024,2025,WR,0.0000,13.8235,0.0000,0.0000,20.0000,0.0000,31.8182,3.7644,wr_signal_score_role_balanced_v1,"0.50*scale(feature_targets_per_game,4.00,10.00)+0.50*scale(feature_target_share,0.12,0.30)","0.55*scale(feature_ppg_per_target,0.80,2.50)+0.45*scale(feature_ppg,6.00,18.00)","0.40*scale(48.00-feature_finish,0.00,36.00)+0.60*scale(expected_ppg_baseline-feature_ppg,0.00,4.00)","0.65*scale(feature_games_played,8.00,17.00)+0.35*scale(feature_total_ppr,80.00,260.00)","0.50*scale(feature_ppg_minus_cohort_expected,0.00,6.00)+0.30*scale(expected_finish_from_cohort-feature_finish,0.00,36.00)+0.20*scale(cohort_player_count,1.00,18.00)","0.20*scale(route_participation_season_avg,0.50,0.95)+0.20*scale(target_share_season_avg,0.10,0.32)+0.15*scale(air_yard_share_season_avg,0.08,0.38)+0.15*scale(routes_consistency_index,0.60,0.95)+0.15*scale(target_earning_index,0.12,0.45)+0.15*scale(opportunity_concentration_score,0.18,0.56)","0.50*scale(12.00-feature_finish,0.00,12.00)+0.25*scale(11.00-feature_games_played,0.00,11.00)+0.25*scale(0.14-feature_target_share,0.00,0.14)"
00-0035298,S.Miller,2024,2025,WR,0.0000,16.8955,0.0000,0.0000,20.0000,0.0000,40.9091,3.6798,wr_signal_score_role_balanced_v1,"0.50*scale(feature_targets_per_game,4.00,10.00)+0.50*scale(feature_target_share,0.12,0.30)","0.55*scale(feature_ppg_per_target,0.80,2.50)+0.45*scale(feature_ppg,6.00,18.00)","0.40*scale(48.00-feature_finish,0.00,36.00)+0.60*scale(expected_ppg_baseline-feature_ppg,0.00,4.00)","0.65*scale(feature_games_played,8.00,17.00)+0.35*scale(feature_total_ppr,80.00,260.00)","0.50*scale(feature_ppg_minus_cohort_expected,0.00,6.00)+0.30*scale(expected_finish_from_cohort-feature_finish,0.00,36.00)+0.20*scale(cohort_player_count,1.00,18.00)","0.20*scale(route_participation_season_avg,0.50,0.95)+0.20*scale(target_share_season_avg,0.10,0.32)+0.15*scale(air_yard_share_season_avg,0.08,0.38)+0.15*scale(routes_consistency_index,0.60,0.95)+0.15*scale(target_earning_index,0.12,0.45)+0.15*scale(opportunity_concentration_score,0.18,0.56)","0.50*scale(12.00-feature_finish,0.00,12.00)+0.25*scale(11.00-feature_games_played,0.00,11.00)+0.25*scale(0.14-feature_target_share,0.00,0.14)"
00-0039236,J.Wilson,2024,2025,WR,0.0000,6.0386,0.0000,7.2222,20.0000,0.0000,29.5454,3.6720,wr_signal_score_role_balanced_v1,"0.50*scale(feature_targets_per_game,4.00,10.00)+0.50*scale(feature_target_share,0.12,0.30)","0.55*scale(feature_ppg_per_target,0.80,2.50)+0.45*scale(feature_ppg,6.00,18.00)","0.40*scale(48.00-feature_finish,0.00,36.00)+0.60*scale(expected_ppg_baseline-feature_ppg,0.00,4.00)","0.65*scale(feature_games_played,8.00,17.00)+0.35*scale(feature_total_ppr,80.00,260.00)","0.50*scale(feature_ppg_minus_cohort_expected,0.00,6.00)+0.30*scale(expected_finish_from_cohort-feature_finish,0.00,36.00)+0.20*scale(cohort_player_count,1.00,18.00)","0.20*scale(route_participation_season_avg,0.50,0.95)+0.20*scale(target_share_season_avg,0.10,0.32)+0.15*scale(air_yard_share_season_avg,0.08,0.38)+0.15*scale(routes_consistency_index,0.60,0.95)+0.15*scale(target_earning_index,0.12,0.45)+0.15*scale(opportunity_concentration_score,0.18,0.56)","0.50*scale(12.00-feature_finish,0.00,12.00)+0.25*scale(11.00-feature_games_played,0.00,11.00)+0.25*scale(0.14-feature_target_share,0.00,0.14)"
00-0034777,D.Chark,2024,2025,WR,0.0000,16.5000,0.0000,0.0000,20.0000,0.0000,40.9091,3.6205,wr_signal_score_role_balanced_v1,"0.50*scale(feature_targets_per_game,4.00,10.00)+0.50*scale(feature_target_share,0.12,0.30)","0.55*scale(feature_ppg_per_target,0.80,2.50)+0.45*scale(feature_ppg,6.00,18.00)","0.40*scale(48.00-feature_finish,0.00,36.00)+0.60*scale(expected_ppg_baseline-feature_ppg,0.00,4.00)","0.65*scale(feature_games_played,8.00,17.00)+0.35*scale(feature_total_ppr,80.00,260.00)","0.50*scale(feature_ppg_minus_cohort_expected,0.00,6.00)+0.30*scale(expected_finish_from_cohort-feature_finish,0.00,36.00)+0.20*scale(cohort_player_count,1.00,18.00)","0.20*scale(route_participation_season_avg,0.50,0.95)+0.20*scale(target_share_season_avg,0.10,0.32)+0.15*scale(air_yard_share_season_avg,0.08,0.38)+0.15*scale(routes_consistency_index,0.60,0.95)+0.15*scale(target_earning_index,0.12,0.45)+0.15*scale(opportunity_concentration_score,0.18,0.56)","0.50*scale(12.00-feature_finish,0.00,12.00)+0.25*scale(11.00-feature_games_played,0.00,11.00)+0.25*scale(0.14-feature_target_share,0.00,0.14)"
00-0036387,J.Reagor,2024,2025,WR,0.0000,13.7497,0.0000,0.0000,20.0000,0.0000,34.0909,3.6170,wr_signal_score_role_balanced_v1,"0.50*scale(feature_targets_per_game,4.00,10.00)+0.50*scale(feature_target_share,0.12,0.30)","0.55*scale(feature_ppg_per_target,0.80,2.50)+0.45*scale(feature_ppg,6.00,18.00)","0.40*scale(48.00-feature_finish,0.00,36.00)+0.60*scale(expected_ppg_baseline-feature_ppg,0.00,4.00)","0.65*scale(feature_games_played,8.00,17.00)+0.35*scale(feature_total_ppr,80.00,260.00)","0.50*scale(feature_ppg_minus_cohort_expected,0.00,6.00)+0.30*scale(expected_finish_from_cohort-feature_finish,0.00,36.00)+0.20*scale(cohort_player_count,1.00,18.00)","0.20*scale(route_participation_season_avg,0.50,0.95)+0.20*scale(target_share_season_avg,0.10,0.32)+0.15*scale(air_yard_share_season_avg,0.08,0.38)+0.15*scale(routes_consistency_index,0.60,0.95)+0.15*scale(target_earning_index,0.12,0.45)+0.15*scale(opportunity_concentration_score,0.18,0.56)","0.50*scale(12.00-feature_finish,0.00,12.00)+0.25*scale(11.00-feature_games_played,0.00,11.00)+0.25*scale(0.14-feature_target_share,0.00,0.14)"
00-0036463,C.Blair,2024,2025,WR,0.0000,17.7941,0.0000,0.0000,20.0000,0.0000,45.4545,3.5418,wr_signal_score_role_balanced_v1,"0.50*scale(feature_targets_per_game,4.00,10.00)+0.50*scale(feature_target_share,0.12,0.30)","0.55*scale(feature_ppg_per_target,0.80,2.50)+0.45*scale(feature_ppg,6.00,18.00)","0.40*scale(48.00-feature_finish,0.00,36.00)+0.60*scale(expected_ppg_baseline-feature_ppg,0.00,4.00)","0.65*scale(feature_games_played,8.00,17.00)+0.35*scale(feature_total_ppr,80.00,260.00)","0.50*scale(feature_ppg_minus_cohort_expected,0.00,6.00)+0.30*scale(expected_finish_from_cohort-feature_finish,0.00,36.00)+0.20*scale(cohort_player_count,1.00,18.00)","0.20*scale(route_participation_season_avg,0.50,0.95)+0.20*scale(target_share_season_avg,0.10,0.32)+0.15*scale(air_yard_share_season_avg,0.08,0.38)+0.15*scale(routes_consistency_index,0.60,0.95)+0.15*scale(target_earning_index,0.12,0.45)+0.15*scale(opportunity_concentration_score,0.18,0.56)","0.50*scale(12.00-feature_finish,0.00,12.00)+0.25*scale(11.00-feature_games_played,0.00,11.00)+0.25*scale(0.14-feature_target_share,0.00,0.14)"
00-0037132,B.Covey,2024,2025,WR,0.0000,16.1759,0.0000,0.0000,20.0000,0.0000,43.1818,3.4355,wr_signal_score_role_balanced_v1,"0.50*scale(feature_targets_per_game,4.00,10.00)+0.50*scale(feature_target_share,0.12,0.30)","0.55*scale(feature_ppg_per_target,0.80,2.50)+0.45*scale(feature_ppg,6.00,18.00)","0.40*scale(48.00-feature_finish,0.00,36.00)+0.60*scale(expected_ppg_baseline-feature_ppg,0.00,4.00)","0.65*scale(feature_games_played,8.00,17.00)+0.35*scale(feature_total_ppr,80.00,260.00)","0.50*scale(feature_ppg_minus_cohort_expected,0.00,6.00)+0.30*scale(expected_finish_from_cohort-feature_finish,0.00,36.00)+0.20*scale(cohort_player_count,1.00,18.00)","0.20*scale(route_participation_season_avg,0.50,0.95)+0.20*scale(target_share_season_avg,0.10,0.32)+0.15*scale(air_yard_share_season_avg,0.08,0.38)+0.15*scale(routes_consistency_index,0.60,0.95)+0.15*scale(target_earning_index,0.12,0.45)+0.15*scale(opportunity_concentration_score,0.18,0.56)","0.50*scale(12.00-feature_finish,0.00,12.00)+0.25*scale(11.00-feature_games_played,0.00,11.00)+0.25*scale(0.14-feature_target_share,0.00,0.14)"
00-0034860,D.Pettis,2024,2025,WR,0.0000,11.0925,0.0000,0.0000,20.0000,0.0000,31.8182,3.3548,wr_signal_score_role_balanced_v1,"0.50*scale(feature_targets_per_game,4.00,10.00)+0.50*scale(feature_target_share,0.12,0.30)","0.55*scale(feature_ppg_per_target,0.80,2.50)+0.45*scale(feature_ppg,6.00,18.00)","0.40*scale(48.00-feature_finish,0.00,36.00)+0.60*scale(expected_ppg_baseline-feature_ppg,0.00,4.00)","0.65*scale(feature_games_played,8.00,17.00)+0.35*scale(feature_total_ppr,80.00,260.00)","0.50*scale(feature_ppg_minus_cohort_expected,0.00,6.00)+0.30*scale(expected_finish_from_cohort-feature_finish,0.00,36.00)+0.20*scale(cohort_player_count,1.00,18.00)","0.20*scale(route_participation_season_avg,0.50,0.95)+0.20*scale(target_share_season_avg,0.10,0.32)+0.15*scale(air_yard_share_season_avg,0.08,0.38)+0.15*scale(routes_consistency_index,0.60,0.95)+0.15*scale(target_earning_index,0.12,0.45)+0.15*scale(opportunity_concentration_score,0.18,0.56)","0.50*scale(12.00-feature_finish,0.00,12.00)+0.25*scale(11.00-feature_games_played,0.00,11.00)+0.25*scale(0.14-feature_target_share,0.00,0.14)"
00-0039623,M.Tipton,2024,2025,WR,0.0000,3.8574,0.0000,7.2222,20.0000,0.0000,29.5454,3.3448,wr_signal_score_role_balanced_v1,"0.50*scale(feature_targets_per_game,4.00,10.00)+0.50*scale(feature_target_share,0.12,0.30)","0.55*scale(feature_ppg_per_target,0.80,2.50)+0.45*scale(feature_ppg,6.00,18.00)","0.40*scale(48.00-feature_finish,0.00,36.00)+0.60*scale(expected_ppg_baseline-feature_ppg,0.00,4.00)","0.65*scale(feature_games_played,8.00,17.00)+0.35*scale(feature_total_ppr,80.00,260.00)","0.50*scale(feature_ppg_minus_cohort_expected,0.00,6.00)+0.30*scale(expected_finish_from_cohort-feature_finish,0.00,36.00)+0.20*scale(cohort_player_count,1.00,18.00)","0.20*scale(route_participation_season_avg,0.50,0.95)+0.20*scale(target_share_season_avg,0.10,0.32)+0.15*scale(air_yard_share_season_avg,0.08,0.38)+0.15*scale(routes_consistency_index,0.60,0.95)+0.15*scale(target_earning_index,0.12,0.45)+0.15*scale(opportunity_concentration_score,0.18,0.56)","0.50*scale(12.00-feature_finish,0.00,12.00)+0.25*scale(11.00-feature_games_played,0.00,11.00)+0.25*scale(0.14-feature_target_share,0.00,0.14)"
00-0039920,M.Corley,2024,2025,WR,0.0000,12.9412,0.0000,0.0000,20.0000,0.0000,38.6364,3.2230,wr_signal_score_role_balanced_v1,"0.50*scale(feature_targets_per_game,4.00,10.00)+0.50*scale(feature_target_share,0.12,0.30)","0.55*scale(feature_ppg_per_target,0.80,2.50)+0.45*scale(feature_ppg,6.00,18.00)","0.40*scale(48.00-feature_finish,0.00,36.00)+0.60*scale(expected_ppg_baseline-feature_ppg,0.00,4.00)","0.65*scale(feature_games_played,8.00,17.00)+0.35*scale(feature_total_ppr,80.00,260.00)","0.50*scale(feature_ppg_minus_cohort_expected,0.00,6.00)+0.30*scale(expected_finish_from_cohort-feature_finish,0.00,36.00)+0.20*scale(cohort_player_count,1.00,18.00)","0.20*scale(route_participation_season_avg,0.50,0.95)+0.20*scale(target_share_season_avg,0.10,0.32)+0.15*scale(air_yard_share_season_avg,0.08,0.38)+0.15*scale(routes_consistency_index,0.60,0.95)+0.15*scale(target_earning_index,0.12,0.45)+0.15*scale(opportunity_concentration_score,0.18,0.56)","0.50*scale(12.00-feature_finish,0.00,12.00)+0.25*scale(11.00-feature_games_played,0.00,11.00)+0.25*scale(0.14-feature_target_share,0.00,0.14)"
00-0032128,C.Conley,2024,2025,WR,0.0000,10.7840,0.0000,0.0000,20.0000,0.0000,34.0909,3.1721,wr_signal_score_role_balanced_v1,"0.50*scale(feature_targets_per_game,4.00,10.00)+0.50*scale(feature_target_share,0.12,0.30)","0.55*scale(feature_ppg_per_target,0.80,2.50)+0.45*scale(feature_ppg,6.00,18.00)","0.40*scale(48.00-feature_finish,0.00,36.00)+0.60*scale(expected_ppg_baseline-feature_ppg,0.00,4.00)","0.65*scale(feature_games_played,8.00,17.00)+0.35*scale(feature_total_ppr,80.00,260.00)","0.50*scale(feature_ppg_minus_cohort_expected,0.00,6.00)+0.30*scale(expected_finish_from_cohort-feature_finish,0.00,36.00)+0.20*scale(cohort_player_count,1.00,18.00)","0.20*scale(route_participation_season_avg,0.50,0.95)+0.20*scale(target_share_season_avg,0.10,0.32)+0.15*scale(air_yard_share_season_avg,0.08,0.38)+0.15*scale(routes_consistency_index,0.60,0.95)+0.15*scale(target_earning_index,0.12,0.45)+0.15*scale(opportunity_concentration_score,0.18,0.56)","0.50*scale(12.00-feature_finish,0.00,12.00)+0.25*scale(11.00-feature_games_played,0.00,11.00)+0.25*scale(0.14-feature_target_share,0.00,0.14)"
00-0036955,T.Marshall,2024,2025,WR,0.0000,12.4020,0.0000,0.0000,20.0000,0.0000,38.6364,3.1421,wr_signal_score_role_balanced_v1,"0.50*scale(feature_targets_per_game,4.00,10.00)+0.50*scale(feature_target_share,0.12,0.30)","0.55*scale(feature_ppg_per_target,0.80,2.50)+0.45*scale(feature_ppg,6.00,18.00)","0.40*scale(48.00-feature_finish,0.00,36.00)+0.60*scale(expected_ppg_baseline-feature_ppg,0.00,4.00)","0.65*scale(feature_games_played,8.00,17.00)+0.35*scale(feature_total_ppr,80.00,260.00)","0.50*scale(feature_ppg_minus_cohort_expected,0.00,6.00)+0.30*scale(expected_finish_from_cohort-feature_finish,0.00,36.00)+0.20*scale(cohort_player_count,1.00,18.00)","0.20*scale(route_participation_season_avg,0.50,0.95)+0.20*scale(target_share_season_avg,0.10,0.32)+0.15*scale(air_yard_share_season_avg,0.08,0.38)+0.15*scale(routes_consistency_index,0.60,0.95)+0.15*scale(target_earning_index,0.12,0.45)+0.15*scale(opportunity_concentration_score,0.18,0.56)","0.50*scale(12.00-feature_finish,0.00,12.00)+0.25*scale(11.00-feature_games_played,0.00,11.00)+0.25*scale(0.14-feature_target_share,0.00,0.14)"
00-0031763,D.Carter,2024,2025,WR,0.0000,11.5546,0.0000,0.0000,20.0000,0.0000,38.6364,3.0150,wr_signal_score_role_balanced_v1,"0.50*scale(feature_targets_per_game,4.00,10.00)+0.50*scale(feature_target_share,0.12,0.30)","0.55*scale(feature_ppg_per_target,0.80,2.50)+0.45*scale(feature_ppg,6.00,18.00)","0.40*scale(48.00-feature_finish,0.00,36.00)+0.60*scale(expected_ppg_baseline-feature_ppg,0.00,4.00)","0.65*scale(feature_games_played,8.00,17.00)+0.35*scale(feature_total_ppr,80.00,260.00)","0.50*scale(feature_ppg_minus_cohort_expected,0.00,6.00)+0.30*scale(expected_finish_from_cohort-feature_finish,0.00,36.00)+0.20*scale(cohort_player_count,1.00,18.00)","0.20*scale(route_participation_season_avg,0.50,0.95)+0.20*scale(target_share_season_avg,0.10,0.32)+0.15*scale(air_yard_share_season_avg,0.08,0.38)+0.15*scale(routes_consistency_index,0.60,0.95)+0.15*scale(target_earning_index,0.12,0.45)+0.15*scale(opportunity_concentration_score,0.18,0.56)","0.50*scale(12.00-feature_finish,0.00,12.00)+0.25*scale(11.00-feature_games_played,0.00,11.00)+0.25*scale(0.14-feature_target_share,0.00,0.14)"
00-0039394,C.Washington,2024,2025,WR,0.0000,12.9412,0.0000,0.0000,20.0000,0.0000,45.4545,2.8139,wr_signal_score_role_balanced_v1,"0.50*scale(feature_targets_per_game,4.00,10.00)+0.50*scale(feature_target_share,0.12,0.30)","0.55*scale(feature_ppg_per_target,0.80,2.50)+0.45*scale(feature_ppg,6.00,18.00)","0.40*scale(48.00-feature_finish,0.00,36.00)+0.60*scale(expected_ppg_baseline-feature_ppg,0.00,4.00)","0.65*scale(feature_games_played,8.00,17.00)+0.35*scale(feature_total_ppr,80.00,260.00)","0.50*scale(feature_ppg_minus_cohort_expected,0.00,6.00)+0.30*scale(expected_finish_from_cohort-feature_finish,0.00,36.00)+0.20*scale(cohort_player_count,1.00,18.00)","0.20*scale(route_participation_season_avg,0.50,0.95)+0.20*scale(target_share_season_avg,0.10,0.32)+0.15*scale(air_yard_share_season_avg,0.08,0.38)+0.15*scale(routes_consistency_index,0.60,0.95)+0.15*scale(target_earning_index,0.12,0.45)+0.15*scale(opportunity_concentration_score,0.18,0.56)","0.50*scale(12.00-feature_finish,0.00,12.00)+0.25*scale(11.00-feature_games_played,0.00,11.00)+0.25*scale(0.14-feature_target_share,0.00,0.14)"
00-0036345,K.Osborn,2024,2025,WR,0.0000,7.7288,0.0000,0.0000,20.0000,0.0000,36.3636,2.5775,wr_signal_score_role_balanced_v1,"0.50*scale(feature_targets_per_game,4.00,10.00)+0.50*scale(feature_target_share,0.12,0.30)","0.55*scale(feature_ppg_per_target,0.80,2.50)+0.45*scale(feature_ppg,6.00,18.00)","0.40*scale(48.00-feature_finish,0.00,36.00)+0.60*scale(expected_ppg_baseline-feature_ppg,0.00,4.00)","0.65*scale(feature_games_played,8.00,17.00)+0.35*scale(feature_total_ppr,80.00,260.00)","0.50*scale(feature_ppg_minus_cohort_expected,0.00,6.00)+0.30*scale(expected_finish_from_cohort-feature_finish,0.00,36.00)+0.20*scale(cohort_player_count,1.00,18.00)","0.20*scale(route_participation_season_avg,0.50,0.95)+0.20*scale(target_share_season_avg,0.10,0.32)+0.15*scale(air_yard_share_season_avg,0.08,0.38)+0.15*scale(routes_consistency_index,0.60,0.95)+0.15*scale(target_earning_index,0.12,0.45)+0.15*scale(opportunity_concentration_score,0.18,0.56)","0.50*scale(12.00-feature_finish,0.00,12.00)+0.25*scale(11.00-feature_games_played,0.00,11.00)+0.25*scale(0.14-feature_target_share,0.00,0.14)"
00-0037348,T.Conner,2024,2025,WR,0.0000,11.3235,0.0000,0.0000,20.0000,0.0000,45.4545,2.5713,wr_signal_score_role_balanced_v1,"0.50*scale(feature_targets_per_game,4.00,10.00)+0.50*scale(feature_target_share,0.12,0.30)","0.55*scale(feature_ppg_per_target,0.80,2.50)+0.45*scale(feature_ppg,6.00,18.00)","0.40*scale(48.00-feature_finish,0.00,36.00)+0.60*scale(expected_ppg_baseline-feature_ppg,0.00,4.00)","0.65*scale(feature_games_played,8.00,17.00)+0.35*scale(feature_total_ppr,80.00,260.00)","0.50*scale(feature_ppg_minus_cohort_expected,0.00,6.00)+0.30*scale(expected_finish_from_cohort-feature_finish,0.00,36.00)+0.20*scale(cohort_player_count,1.00,18.00)","0.20*scale(route_participation_season_avg,0.50,0.95)+0.20*scale(target_share_season_avg,0.10,0.32)+0.15*scale(air_yard_share_season_avg,0.08,0.38)+0.15*scale(routes_consistency_index,0.60,0.95)+0.15*scale(target_earning_index,0.12,0.45)+0.15*scale(opportunity_concentration_score,0.18,0.56)","0.50*scale(12.00-feature_finish,0.00,12.00)+0.25*scale(11.00-feature_games_played,0.00,11.00)+0.25*scale(0.14-feature_target_share,0.00,0.14)"
00-0038104,T.Thornton,2024,2025,WR,0.0000,9.3015,0.0000,0.0000,20.0000,0.0000,40.9091,2.5407,wr_signal_score_role_balanced_v1,"0.50*scale(feature_targets_per_game,4.00,10.00)+0.50*scale(feature_target_share,0.12,0.30)","0.55*scale(feature_ppg_per_target,0.80,2.50)+0.45*scale(feature_ppg,6.00,18.00)","0.40*scale(48.00-feature_finish,0.00,36.00)+0.60*scale(expected_ppg_baseline-feature_ppg,0.00,4.00)","0.65*scale(feature_games_played,8.00,17.00)+0.35*scale(feature_total_ppr,80.00,260.00)","0.50*scale(feature_ppg_minus_cohort_expected,0.00,6.00)+0.30*scale(expected_finish_from_cohort-feature_finish,0.00,36.00)+0.20*scale(cohort_player_count,1.00,18.00)","0.20*scale(route_participation_season_avg,0.50,0.95)+0.20*scale(target_share_season_avg,0.10,0.32)+0.15*scale(air_yard_share_season_avg,0.08,0.38)+0.15*scale(routes_consistency_index,0.60,0.95)+0.15*scale(target_earning_index,0.12,0.45)+0.15*scale(opportunity_concentration_score,0.18,0.56)","0.50*scale(12.00-feature_finish,0.00,12.00)+0.25*scale(11.00-feature_games_played,0.00,11.00)+0.25*scale(0.14-feature_target_share,0.00,0.14)"
00-0039589,K.Johnson,2024,2025,WR,0.0000,9.7059,0.0000,0.0000,20.0000,0.0000,43.1818,2.4650,wr_signal_score_role_balanced_v1,"0.50*scale(feature_targets_per_game,4.00,10.00)+0.50*scale(feature_target_share,0.12,0.30)","0.55*scale(feature_ppg_per_target,0.80,2.50)+0.45*scale(feature_ppg,6.00,18.00)","0.40*scale(48.00-feature_finish,0.00,36.00)+0.60*scale(expected_ppg_baseline-feature_ppg,0.00,4.00)","0.65*scale(feature_games_played,8.00,17.00)+0.35*scale(feature_total_ppr,80.00,260.00)","0.50*scale(feature_ppg_minus_cohort_expected,0.00,6.00)+0.30*scale(expected_finish_from_cohort-feature_finish,0.00,36.00)+0.20*scale(cohort_player_count,1.00,18.00)","0.20*scale(route_participation_season_avg,0.50,0.95)+0.20*scale(target_share_season_avg,0.10,0.32)+0.15*scale(air_yard_share_season_avg,0.08,0.38)+0.15*scale(routes_consistency_index,0.60,0.95)+0.15*scale(target_earning_index,0.12,0.45)+0.15*scale(opportunity_concentration_score,0.18,0.56)","0.50*scale(12.00-feature_finish,0.00,12.00)+0.25*scale(11.00-feature_games_played,0.00,11.00)+0.25*scale(0.14-feature_target_share,0.00,0.14)"
00-0036646,S.Fehoko,2024,2025,WR,0.0000,7.6838,0.0000,0.0000,20.0000,0.0000,38.6364,2.4344,wr_signal_score_role_balanced_v1,"0.50*scale(feature_targets_per_game,4.00,10.00)+0.50*scale(feature_target_share,0.12,0.30)","0.55*scale(feature_ppg_per_target,0.80,2.50)+0.45*scale(feature_ppg,6.00,18.00)","0.40*scale(48.00-feature_finish,0.00,36.00)+0.60*scale(expected_ppg_baseline-feature_ppg,0.00,4.00)","0.65*scale(feature_games_played,8.00,17.00)+0.35*scale(feature_total_ppr,80.00,260.00)","0.50*scale(feature_ppg_minus_cohort_expected,0.00,6.00)+0.30*scale(expected_finish_from_cohort-feature_finish,0.00,36.00)+0.20*scale(cohort_player_count,1.00,18.00)","0.20*scale(route_participation_season_avg,0.50,0.95)+0.20*scale(target_share_season_avg,0.10,0.32)+0.15*scale(air_yard_share_season_avg,0.08,0.38)+0.15*scale(routes_consistency_index,0.60,0.95)+0.15*scale(target_earning_index,0.12,0.45)+0.15*scale(opportunity_concentration_score,0.18,0.56)","0.50*scale(12.00-feature_finish,0.00,12.00)+0.25*scale(11.00-feature_games_played,0.00,11.00)+0.25*scale(0.14-feature_target_share,0.00,0.14)"
00-0039810,J.Burton,2024,2025,WR,0.0000,8.0882,0.0000,0.0000,20.0000,0.0000,40.9091,2.3587,wr_signal_score_role_balanced_v1,"0.50*scale(feature_targets_per_game,4.00,10.00)+0.50*scale(feature_target_share,0.12,0.30)","0.55*scale(feature_ppg_per_target,0.80,2.50)+0.45*scale(feature_ppg,6.00,18.00)","0.40*scale(48.00-feature_finish,0.00,36.00)+0.60*scale(expected_ppg_baseline-feature_ppg,0.00,4.00)","0.65*scale(feature_games_played,8.00,17.00)+0.35*scale(feature_total_ppr,80.00,260.00)","0.50*scale(feature_ppg_minus_cohort_expected,0.00,6.00)+0.30*scale(expected_finish_from_cohort-feature_finish,0.00,36.00)+0.20*scale(cohort_player_count,1.00,18.00)","0.20*scale(route_participation_season_avg,0.50,0.95)+0.20*scale(target_share_season_avg,0.10,0.32)+0.15*scale(air_yard_share_season_avg,0.08,0.38)+0.15*scale(routes_consistency_index,0.60,0.95)+0.15*scale(target_earning_index,0.12,0.45)+0.15*scale(opportunity_concentration_score,0.18,0.56)","0.50*scale(12.00-feature_finish,0.00,12.00)+0.25*scale(11.00-feature_games_played,0.00,11.00)+0.25*scale(0.14-feature_target_share,0.00,0.14)"
00-0037742,T.Burks,2024,2025,WR,0.0000,4.4485,0.0000,0.0000,20.0000,0.0000,38.6364,1.9491,wr_signal_score_role_balanced_v1,"0.50*scale(feature_targets_per_game,4.00,10.00)+0.50*scale(feature_target_share,0.12,0.30)","0.55*scale(feature_ppg_per_target,0.80,2.50)+0.45*scale(feature_ppg,6.00,18.00)","0.40*scale(48.00-feature_finish,0.00,36.00)+0.60*scale(expected_ppg_baseline-feature_ppg,0.00,4.00)","0.65*scale(feature_games_played,8.00,17.00)+0.35*scale(feature_total_ppr,80.00,260.00)","0.50*scale(feature_ppg_minus_cohort_expected,0.00,6.00)+0.30*scale(expected_finish_from_cohort-feature_finish,0.00,36.00)+0.20*scale(cohort_player_count,1.00,18.00)","0.20*scale(route_participation_season_avg,0.50,0.95)+0.20*scale(target_share_season_avg,0.10,0.32)+0.15*scale(air_yard_share_season_avg,0.08,0.38)+0.15*scale(routes_consistency_index,0.60,0.95)+0.15*scale(target_earning_index,0.12,0.45)+0.15*scale(opportunity_concentration_score,0.18,0.56)","0.50*scale(12.00-feature_finish,0.00,12.00)+0.25*scale(11.00-feature_games_played,0.00,11.00)+0.25*scale(0.14-feature_target_share,0.00,0.14)"
00-0038092,E.Ezukanma,2024,2025,WR,0.0000,0.0000,6.0000,0.0000,20.0000,0.0000,47.7273,1.6964,wr_signal_score_role_balanced_v1,"0.50*scale(feature_targets_per_game,4.00,10.00)+0.50*scale(feature_target_share,0.12,0.30)","0.55*scale(feature_ppg_per_target,0.80,2.50)+0.45*scale(feature_ppg,6.00,18.00)","0.40*scale(48.00-feature_finish,0.00,36.00)+0.60*scale(expected_ppg_baseline-feature_ppg,0.00,4.00)","0.65*scale(feature_games_played,8.00,17.00)+0.35*scale(feature_total_ppr,80.00,260.00)","0.50*scale(feature_ppg_minus_cohort_expected,0.00,6.00)+0.30*scale(expected_finish_from_cohort-feature_finish,0.00,36.00)+0.20*scale(cohort_player_count,1.00,18.00)","0.20*scale(route_participation_season_avg,0.50,0.95)+0.20*scale(target_share_season_avg,0.10,0.32)+0.15*scale(air_yard_share_season_avg,0.08,0.38)+0.15*scale(routes_consistency_index,0.60,0.95)+0.15*scale(target_earning_index,0.12,0.45)+0.15*scale(opportunity_concentration_score,0.18,0.56)","0.50*scale(12.00-feature_finish,0.00,12.00)+0.25*scale(11.00-feature_games_played,0.00,11.00)+0.25*scale(0.14-feature_target_share,0.00,0.14)"
00-0031428,A.Robinson,2024,2025,WR,0.0000,1.8479,0.0000,0.0000,20.0000,0.0000,36.3636,1.6954,wr_signal_score_role_balanced_v1,"0.50*scale(feature_targets_per_game,4.00,10.00)+0.50*scale(feature_target_share,0.12,0.30)","0.55*scale(feature_ppg_per_target,0.80,2.50)+0.45*scale(feature_ppg,6.00,18.00)","0.40*scale(48.00-feature_finish,0.00,36.00)+0.60*scale(expected_ppg_baseline-feature_ppg,0.00,4.00)","0.65*scale(feature_games_played,8.00,17.00)+0.35*scale(feature_total_ppr,80.00,260.00)","0.50*scale(feature_ppg_minus_cohort_expected,0.00,6.00)+0.30*scale(expected_finish_from_cohort-feature_finish,0.00,36.00)+0.20*scale(cohort_player_count,1.00,18.00)","0.20*scale(route_participation_season_avg,0.50,0.95)+0.20*scale(target_share_season_avg,0.10,0.32)+0.15*scale(air_yard_share_season_avg,0.08,0.38)+0.15*scale(routes_consistency_index,0.60,0.95)+0.15*scale(target_earning_index,0.12,0.45)+0.15*scale(opportunity_concentration_score,0.18,0.56)","0.50*scale(12.00-feature_finish,0.00,12.00)+0.25*scale(11.00-feature_games_played,0.00,11.00)+0.25*scale(0.14-feature_target_share,0.00,0.14)"
00-0031235,O.Beckham,2024,2025,WR,0.0000,0.0000,0.0000,0.0000,20.0000,0.0000,31.8182,1.6909,wr_signal_score_role_balanced_v1,"0.50*scale(feature_targets_per_game,4.00,10.00)+0.50*scale(feature_target_share,0.12,0.30)","0.55*scale(feature_ppg_per_target,0.80,2.50)+0.45*scale(feature_ppg,6.00,18.00)","0.40*scale(48.00-feature_finish,0.00,36.00)+0.60*scale(expected_ppg_baseline-feature_ppg,0.00,4.00)","0.65*scale(feature_games_played,8.00,17.00)+0.35*scale(feature_total_ppr,80.00,260.00)","0.50*scale(feature_ppg_minus_cohort_expected,0.00,6.00)+0.30*scale(expected_finish_from_cohort-feature_finish,0.00,36.00)+0.20*scale(cohort_player_count,1.00,18.00)","0.20*scale(route_participation_season_avg,0.50,0.95)+0.20*scale(target_share_season_avg,0.10,0.32)+0.15*scale(air_yard_share_season_avg,0.08,0.38)+0.15*scale(routes_consistency_index,0.60,0.95)+0.15*scale(target_earning_index,0.12,0.45)+0.15*scale(opportunity_concentration_score,0.18,0.56)","0.50*scale(12.00-feature_finish,0.00,12.00)+0.25*scale(11.00-feature_games_played,0.00,11.00)+0.25*scale(0.14-feature_target_share,0.00,0.14)"
00-0034419,B.Berrios,2024,2025,WR,0.0000,0.0000,4.0005,0.0000,20.0000,0.0000,43.1818,1.6492,wr_signal_score_role_balanced_v1,"0.50*scale(feature_targets_per_game,4.00,10.00)+0.50*scale(feature_target_share,0.12,0.30)","0.55*scale(feature_ppg_per_target,0.80,2.50)+0.45*scale(feature_ppg,6.00,18.00)","0.40*scale(48.00-feature_finish,0.00,36.00)+0.60*scale(expected_ppg_baseline-feature_ppg,0.00,4.00)","0.65*scale(feature_games_played,8.00,17.00)+0.35*scale(feature_total_ppr,80.00,260.00)","0.50*scale(feature_ppg_minus_cohort_expected,0.00,6.00)+0.30*scale(expected_finish_from_cohort-feature_finish,0.00,36.00)+0.20*scale(cohort_player_count,1.00,18.00)","0.20*scale(route_participation_season_avg,0.50,0.95)+0.20*scale(target_share_season_avg,0.10,0.32)+0.15*scale(air_yard_share_season_avg,0.08,0.38)+0.15*scale(routes_consistency_index,0.60,0.95)+0.15*scale(target_earning_index,0.12,0.45)+0.15*scale(opportunity_concentration_score,0.18,0.56)","0.50*scale(12.00-feature_finish,0.00,12.00)+0.25*scale(11.00-feature_games_played,0.00,11.00)+0.25*scale(0.14-feature_target_share,0.00,0.14)"
00-0038090,S.Moore,2024,2025,WR,0.0000,0.0000,4.5000,0.0000,20.0000,0.0000,45.4545,1.5927,wr_signal_score_role_balanced_v1,"0.50*scale(feature_targets_per_game,4.00,10.00)+0.50*scale(feature_target_share,0.12,0.30)","0.55*scale(feature_ppg_per_target,0.80,2.50)+0.45*scale(feature_ppg,6.00,18.00)","0.40*scale(48.00-feature_finish,0.00,36.00)+0.60*scale(expected_ppg_baseline-feature_ppg,0.00,4.00)","0.65*scale(feature_games_played,8.00,17.00)+0.35*scale(feature_total_ppr,80.00,260.00)","0.50*scale(feature_ppg_minus_cohort_expected,0.00,6.00)+0.30*scale(expected_finish_from_cohort-feature_finish,0.00,36.00)+0.20*scale(cohort_player_count,1.00,18.00)","0.20*scale(route_participation_season_avg,0.50,0.95)+0.20*scale(target_share_season_avg,0.10,0.32)+0.15*scale(air_yard_share_season_avg,0.08,0.38)+0.15*scale(routes_consistency_index,0.60,0.95)+0.15*scale(target_earning_index,0.12,0.45)+0.15*scale(opportunity_concentration_score,0.18,0.56)","0.50*scale(12.00-feature_finish,0.00,12.00)+0.25*scale(11.00-feature_games_played,0.00,11.00)+0.25*scale(0.14-feature_target_share,0.00,0.14)"
00-0032688,R.Chosen,2024,2025,WR,0.0000,0.0000,5.2500,0.0000,20.0000,0.0000,47.7273,1.5764,wr_signal_score_role_balanced_v1,"0.50*scale(feature_targets_per_game,4.00,10.00)+0.50*scale(feature_target_share,0.12,0.30)","0.55*scale(feature_ppg_per_target,0.80,2.50)+0.45*scale(feature_ppg,6.00,18.00)","0.40*scale(48.00-feature_finish,0.00,36.00)+0.60*scale(expected_ppg_baseline-feature_ppg,0.00,4.00)","0.65*scale(feature_games_played,8.00,17.00)+0.35*scale(feature_total_ppr,80.00,260.00)","0.50*scale(feature_ppg_minus_cohort_expected,0.00,6.00)+0.30*scale(expected_finish_from_cohort-feature_finish,0.00,36.00)+0.20*scale(cohort_player_count,1.00,18.00)","0.20*scale(route_participation_season_avg,0.50,0.95)+0.20*scale(target_share_season_avg,0.10,0.32)+0.15*scale(air_yard_share_season_avg,0.08,0.38)+0.15*scale(routes_consistency_index,0.60,0.95)+0.15*scale(target_earning_index,0.12,0.45)+0.15*scale(opportunity_concentration_score,0.18,0.56)","0.50*scale(12.00-feature_finish,0.00,12.00)+0.25*scale(11.00-feature_games_played,0.00,11.00)+0.25*scale(0.14-feature_target_share,0.00,0.14)"
00-0035341,T.Irwin,2024,2025,WR,0.0000,0.0000,2.4375,0.0000,20.0000,0.0000,40.9091,1.5355,wr_signal_score_role_balanced_v1,"0.50*scale(feature_targets_per_game,4.00,10.00)+0.50*scale(feature_target_share,0.12,0.30)","0.55*scale(feature_ppg_per_target,0.80,2.50)+0.45*scale(feature_ppg,6.00,18.00)","0.40*scale(48.00-feature_finish,0.00,36.00)+0.60*scale(expected_ppg_baseline-feature_ppg,0.00,4.00)","0.65*scale(feature_games_played,8.00,17.00)+0.35*scale(feature_total_ppr,80.00,260.00)","0.50*scale(feature_ppg_minus_cohort_expected,0.00,6.00)+0.30*scale(expected_finish_from_cohort-feature_finish,0.00,36.00)+0.20*scale(cohort_player_count,1.00,18.00)","0.20*scale(route_participation_season_avg,0.50,0.95)+0.20*scale(target_share_season_avg,0.10,0.32)+0.15*scale(air_yard_share_season_avg,0.08,0.38)+0.15*scale(routes_consistency_index,0.60,0.95)+0.15*scale(target_earning_index,0.12,0.45)+0.15*scale(opportunity_concentration_score,0.18,0.56)","0.50*scale(12.00-feature_finish,0.00,12.00)+0.25*scale(11.00-feature_games_played,0.00,11.00)+0.25*scale(0.14-feature_target_share,0.00,0.14)"
00-0039379,J.Thrash,2024,2025,WR,0.0000,0.0000,0.0000,0.0000,20.0000,0.0000,36.3636,1.4182,wr_signal_score_role_balanced_v1,"0.50*scale(feature_targets_per_game,4.00,10.00)+0.50*scale(feature_target_share,0.12,0.30)","0.55*scale(feature_ppg_per_target,0.80,2.50)+0.45*scale(feature_ppg,6.00,18.00)","0.40*scale(48.00-feature_finish,0.00,36.00)+0.60*scale(expected_ppg_baseline-feature_ppg,0.00,4.00)","0.65*scale(feature_games_played,8.00,17.00)+0.35*scale(feature_total_ppr,80.00,260.00)","0.50*scale(feature_ppg_minus_cohort_expected,0.00,6.00)+0.30*scale(expected_finish_from_cohort-feature_finish,0.00,36.00)+0.20*scale(cohort_player_count,1.00,18.00)","0.20*scale(route_participation_season_avg,0.50,0.95)+0.20*scale(target_share_season_avg,0.10,0.32)+0.15*scale(air_yard_share_season_avg,0.08,0.38)+0.15*scale(routes_consistency_index,0.60,0.95)+0.15*scale(target_earning_index,0.12,0.45)+0.15*scale(opportunity_concentration_score,0.18,0.56)","0.50*scale(12.00-feature_finish,0.00,12.00)+0.25*scale(11.00-feature_games_played,0.00,11.00)+0.25*scale(0.14-feature_target_share,0.00,0.14)"
00-0039521,X.Weaver,2024,2025,WR,0.0000,0.0000,3.0000,0.0000,20.0000,0.0000,45.4545,1.3527,wr_signal_score_role_balanced_v1,"0.50*scale(feature_targets_per_game,4.00,10.00)+0.50*scale(feature_target_share,0.12,0.30)","0.55*scale(feature_ppg_per_target,0.80,2.50)+0.45*scale(feature_ppg,6.00,18.00)","0.40*scale(48.00-feature_finish,0.00,36.00)+0.60*scale(expected_ppg_baseline-feature_ppg,0.00,4.00)","0.65*scale(feature_games_played,8.00,17.00)+0.35*scale(feature_total_ppr,80.00,260.00)","0.50*scale(feature_ppg_minus_cohort_expected,0.00,6.00)+0.30*scale(expected_finish_from_cohort-feature_finish,0.00,36.00)+0.20*scale(cohort_player_count,1.00,18.00)","0.20*scale(route_participation_season_avg,0.50,0.95)+0.20*scale(target_share_season_avg,0.10,0.32)+0.15*scale(air_yard_share_season_avg,0.08,0.38)+0.15*scale(routes_consistency_index,0.60,0.95)+0.15*scale(target_earning_index,0.12,0.45)+0.15*scale(opportunity_concentration_score,0.18,0.56)","0.50*scale(12.00-feature_finish,0.00,12.00)+0.25*scale(11.00-feature_games_played,0.00,11.00)+0.25*scale(0.14-feature_target_share,0.00,0.14)"
00-0037300,M.Woods,2024,2025,WR,0.0000,0.0000,0.0000,0.0000,20.0000,0.0000,38.6364,1.2818,wr_signal_score_role_balanced_v1,"0.50*scale(feature_targets_per_game,4.00,10.00)+0.50*scale(feature_target_share,0.12,0.30)","0.55*scale(feature_ppg_per_target,0.80,2.50)+0.45*scale(feature_ppg,6.00,18.00)","0.40*scale(48.00-feature_finish,0.00,36.00)+0.60*scale(expected_ppg_baseline-feature_ppg,0.00,4.00)","0.65*scale(feature_games_played,8.00,17.00)+0.35*scale(feature_total_ppr,80.00,260.00)","0.50*scale(feature_ppg_minus_cohort_expected,0.00,6.00)+0.30*scale(expected_finish_from_cohort-feature_finish,0.00,36.00)+0.20*scale(cohort_player_count,1.00,18.00)","0.20*scale(route_participation_season_avg,0.50,0.95)+0.20*scale(target_share_season_avg,0.10,0.32)+0.15*scale(air_yard_share_season_avg,0.08,0.38)+0.15*scale(routes_consistency_index,0.60,0.95)+0.15*scale(target_earning_index,0.12,0.45)+0.15*scale(opportunity_concentration_score,0.18,0.56)","0.50*scale(12.00-feature_finish,0.00,12.00)+0.25*scale(11.00-feature_games_played,0.00,11.00)+0.25*scale(0.14-feature_target_share,0.00,0.14)"
00-0036913,K.Toney,2024,2025,WR,0.0000,0.0000,2.4000,0.0000,20.0000,0.0000,45.4545,1.2567,wr_signal_score_role_balanced_v1,"0.50*scale(feature_targets_per_game,4.00,10.00)+0.50*scale(feature_target_share,0.12,0.30)","0.55*scale(feature_ppg_per_target,0.80,2.50)+0.45*scale(feature_ppg,6.00,18.00)","0.40*scale(48.00-feature_finish,0.00,36.00)+0.60*scale(expected_ppg_baseline-feature_ppg,0.00,4.00)","0.65*scale(feature_games_played,8.00,17.00)+0.35*scale(feature_total_ppr,80.00,260.00)","0.50*scale(feature_ppg_minus_cohort_expected,0.00,6.00)+0.30*scale(expected_finish_from_cohort-feature_finish,0.00,36.00)+0.20*scale(cohort_player_count,1.00,18.00)","0.20*scale(route_participation_season_avg,0.50,0.95)+0.20*scale(target_share_season_avg,0.10,0.32)+0.15*scale(air_yard_share_season_avg,0.08,0.38)+0.15*scale(routes_consistency_index,0.60,0.95)+0.15*scale(target_earning_index,0.12,0.45)+0.15*scale(opportunity_concentration_score,0.18,0.56)","0.50*scale(12.00-feature_finish,0.00,12.00)+0.25*scale(11.00-feature_games_played,0.00,11.00)+0.25*scale(0.14-feature_target_share,0.00,0.14)"
00-0039853,J.Baker,2024,2025,WR,0.0000,0.0000,0.5250,0.0000,20.0000,0.0000,40.9091,1.2295,wr_signal_score_role_balanced_v1,"0.50*scale(feature_targets_per_game,4.00,10.00)+0.50*scale(feature_target_share,0.12,0.30)","0.55*scale(feature_ppg_per_target,0.80,2.50)+0.45*scale(feature_ppg,6.00,18.00)","0.40*scale(48.00-feature_finish,0.00,36.00)+0.60*scale(expected_ppg_baseline-feature_ppg,0.00,4.00)","0.65*scale(feature_games_played,8.00,17.00)+0.35*scale(feature_total_ppr,80.00,260.00)","0.50*scale(feature_ppg_minus_cohort_expected,0.00,6.00)+0.30*scale(expected_finish_from_cohort-feature_finish,0.00,36.00)+0.20*scale(cohort_player_count,1.00,18.00)","0.20*scale(route_participation_season_avg,0.50,0.95)+0.20*scale(target_share_season_avg,0.10,0.32)+0.15*scale(air_yard_share_season_avg,0.08,0.38)+0.15*scale(routes_consistency_index,0.60,0.95)+0.15*scale(target_earning_index,0.12,0.45)+0.15*scale(opportunity_concentration_score,0.18,0.56)","0.50*scale(12.00-feature_finish,0.00,12.00)+0.25*scale(11.00-feature_games_played,0.00,11.00)+0.25*scale(0.14-feature_target_share,0.00,0.14)"
00-0035544,T.Kennedy,2024,2025,WR,0.0000,0.0000,3.0000,0.0000,20.0000,0.0000,47.7273,1.2164,wr_signal_score_role_balanced_v1,"0.50*scale(feature_targets_per_game,4.00,10.00)+0.50*scale(feature_target_share,0.12,0.30)","0.55*scale(feature_ppg_per_target,0.80,2.50)+0.45*scale(feature_ppg,6.00,18.00)","0.40*scale(48.00-feature_finish,0.00,36.00)+0.60*scale(expected_ppg_baseline-feature_ppg,0.00,4.00)","0.65*scale(feature_games_played,8.00,17.00)+0.35*scale(feature_total_ppr,80.00,260.00)","0.50*scale(feature_ppg_minus_cohort_expected,0.00,6.00)+0.30*scale(expected_finish_from_cohort-feature_finish,0.00,36.00)+0.20*scale(cohort_player_count,1.00,18.00)","0.20*scale(route_participation_season_avg,0.50,0.95)+0.20*scale(target_share_season_avg,0.10,0.32)+0.15*scale(air_yard_share_season_avg,0.08,0.38)+0.15*scale(routes_consistency_index,0.60,0.95)+0.15*scale(target_earning_index,0.12,0.45)+0.15*scale(opportunity_concentration_score,0.18,0.56)","0.50*scale(12.00-feature_finish,0.00,12.00)+0.25*scale(11.00-feature_games_played,0.00,11.00)+0.25*scale(0.14-feature_target_share,0.00,0.14)"
00-0037093,D.Young,2024,2025,WR,0.0000,0.0000,3.0000,0.0000,20.0000,0.0000,47.7273,1.2164,wr_signal_score_role_balanced_v1,"0.50*scale(feature_targets_per_game,4.00,10.00)+0.50*scale(feature_target_share,0.12,0.30)","0.55*scale(feature_ppg_per_target,0.80,2.50)+0.45*scale(feature_ppg,6.00,18.00)","0.40*scale(48.00-feature_finish,0.00,36.00)+0.60*scale(expected_ppg_baseline-feature_ppg,0.00,4.00)","0.65*scale(feature_games_played,8.00,17.00)+0.35*scale(feature_total_ppr,80.00,260.00)","0.50*scale(feature_ppg_minus_cohort_expected,0.00,6.00)+0.30*scale(expected_finish_from_cohort-feature_finish,0.00,36.00)+0.20*scale(cohort_player_count,1.00,18.00)","0.20*scale(route_participation_season_avg,0.50,0.95)+0.20*scale(target_share_season_avg,0.10,0.32)+0.15*scale(air_yard_share_season_avg,0.08,0.38)+0.15*scale(routes_consistency_index,0.60,0.95)+0.15*scale(target_earning_index,0.12,0.45)+0.15*scale(opportunity_concentration_score,0.18,0.56)","0.50*scale(12.00-feature_finish,0.00,12.00)+0.25*scale(11.00-feature_games_played,0.00,11.00)+0.25*scale(0.14-feature_target_share,0.00,0.14)"
00-0037156,I.Charles,2024,2025,WR,0.0000,0.0000,3.0000,0.0000,20.0000,0.0000,47.7273,1.2164,wr_signal_score_role_balanced_v1,"0.50*scale(feature_targets_per_game,4.00,10.00)+0.50*scale(feature_target_share,0.12,0.30)","0.55*scale(feature_ppg_per_target,0.80,2.50)+0.45*scale(feature_ppg,6.00,18.00)","0.40*scale(48.00-feature_finish,0.00,36.00)+0.60*scale(expected_ppg_baseline-feature_ppg,0.00,4.00)","0.65*scale(feature_games_played,8.00,17.00)+0.35*scale(feature_total_ppr,80.00,260.00)","0.50*scale(feature_ppg_minus_cohort_expected,0.00,6.00)+0.30*scale(expected_finish_from_cohort-feature_finish,0.00,36.00)+0.20*scale(cohort_player_count,1.00,18.00)","0.20*scale(route_participation_season_avg,0.50,0.95)+0.20*scale(target_share_season_avg,0.10,0.32)+0.15*scale(air_yard_share_season_avg,0.08,0.38)+0.15*scale(routes_consistency_index,0.60,0.95)+0.15*scale(target_earning_index,0.12,0.45)+0.15*scale(opportunity_concentration_score,0.18,0.56)","0.50*scale(12.00-feature_finish,0.00,12.00)+0.25*scale(11.00-feature_games_played,0.00,11.00)+0.25*scale(0.14-feature_target_share,0.00,0.14)"
00-0037216,J.Ross,2024,2025,WR,0.0000,0.0000,3.0000,0.0000,20.0000,0.0000,47.7273,1.2164,wr_signal_score_role_balanced_v1,"0.50*scale(feature_targets_per_game,4.00,10.00)+0.50*scale(feature_target_share,0.12,0.30)","0.55*scale(feature_ppg_per_target,0.80,2.50)+0.45*scale(feature_ppg,6.00,18.00)","0.40*scale(48.00-feature_finish,0.00,36.00)+0.60*scale(expected_ppg_baseline-feature_ppg,0.00,4.00)","0.65*scale(feature_games_played,8.00,17.00)+0.35*scale(feature_total_ppr,80.00,260.00)","0.50*scale(feature_ppg_minus_cohort_expected,0.00,6.00)+0.30*scale(expected_finish_from_cohort-feature_finish,0.00,36.00)+0.20*scale(cohort_player_count,1.00,18.00)","0.20*scale(route_participation_season_avg,0.50,0.95)+0.20*scale(target_share_season_avg,0.10,0.32)+0.15*scale(air_yard_share_season_avg,0.08,0.38)+0.15*scale(routes_consistency_index,0.60,0.95)+0.15*scale(target_earning_index,0.12,0.45)+0.15*scale(opportunity_concentration_score,0.18,0.56)","0.50*scale(12.00-feature_finish,0.00,12.00)+0.25*scale(11.00-feature_games_played,0.00,11.00)+0.25*scale(0.14-feature_target_share,0.00,0.14)"
00-0039392,J.Jackson,2024,2025,WR,0.0000,0.0000,1.5750,0.0000,20.0000,0.0000,45.4545,1.1247,wr_signal_score_role_balanced_v1,"0.50*scale(feature_targets_per_game,4.00,10.00)+0.50*scale(feature_target_share,0.12,0.30)","0.55*scale(feature_ppg_per_target,0.80,2.50)+0.45*scale(feature_ppg,6.00,18.00)","0.40*scale(48.00-feature_finish,0.00,36.00)+0.60*scale(expected_ppg_baseline-feature_ppg,0.00,4.00)","0.65*scale(feature_games_played,8.00,17.00)+0.35*scale(feature_total_ppr,80.00,260.00)","0.50*scale(feature_ppg_minus_cohort_expected,0.00,6.00)+0.30*scale(expected_finish_from_cohort-feature_finish,0.00,36.00)+0.20*scale(cohort_player_count,1.00,18.00)","0.20*scale(route_participation_season_avg,0.50,0.95)+0.20*scale(target_share_season_avg,0.10,0.32)+0.15*scale(air_yard_share_season_avg,0.08,0.38)+0.15*scale(routes_consistency_index,0.60,0.95)+0.15*scale(target_earning_index,0.12,0.45)+0.15*scale(opportunity_concentration_score,0.18,0.56)","0.50*scale(12.00-feature_finish,0.00,12.00)+0.25*scale(11.00-feature_games_played,0.00,11.00)+0.25*scale(0.14-feature_target_share,0.00,0.14)"
00-0039451,I.Williams,2024,2025,WR,0.0000,2.1569,0.0000,0.0000,20.0000,0.0000,47.7273,1.0599,wr_signal_score_role_balanced_v1,"0.50*scale(feature_targets_per_game,4.00,10.00)+0.50*scale(feature_target_share,0.12,0.30)","0.55*scale(feature_ppg_per_target,0.80,2.50)+0.45*scale(feature_ppg,6.00,18.00)","0.40*scale(48.00-feature_finish,0.00,36.00)+0.60*scale(expected_ppg_baseline-feature_ppg,0.00,4.00)","0.65*scale(feature_games_played,8.00,17.00)+0.35*scale(feature_total_ppr,80.00,260.00)","0.50*scale(feature_ppg_minus_cohort_expected,0.00,6.00)+0.30*scale(expected_finish_from_cohort-feature_finish,0.00,36.00)+0.20*scale(cohort_player_count,1.00,18.00)","0.20*scale(route_participation_season_avg,0.50,0.95)+0.20*scale(target_share_season_avg,0.10,0.32)+0.15*scale(air_yard_share_season_avg,0.08,0.38)+0.15*scale(routes_consistency_index,0.60,0.95)+0.15*scale(target_earning_index,0.12,0.45)+0.15*scale(opportunity_concentration_score,0.18,0.56)","0.50*scale(12.00-feature_finish,0.00,12.00)+0.25*scale(11.00-feature_games_played,0.00,11.00)+0.25*scale(0.14-feature_target_share,0.00,0.14)"
00-0038647,R.Bell,2024,2025,WR,0.0000,0.0000,0.0000,0.0000,20.0000,0.0000,43.1818,1.0091,wr_signal_score_role_balanced_v1,"0.50*scale(feature_targets_per_game,4.00,10.00)+0.50*scale(feature_target_share,0.12,0.30)","0.55*scale(feature_ppg_per_target,0.80,2.50)+0.45*scale(feature_ppg,6.00,18.00)","0.40*scale(48.00-feature_finish,0.00,36.00)+0.60*scale(expected_ppg_baseline-feature_ppg,0.00,4.00)","0.65*scale(feature_games_played,8.00,17.00)+0.35*scale(feature_total_ppr,80.00,260.00)","0.50*scale(feature_ppg_minus_cohort_expected,0.00,6.00)+0.30*scale(expected_finish_from_cohort-feature_finish,0.00,36.00)+0.20*scale(cohort_player_count,1.00,18.00)","0.20*scale(route_participation_season_avg,0.50,0.95)+0.20*scale(target_share_season_avg,0.10,0.32)+0.15*scale(air_yard_share_season_avg,0.08,0.38)+0.15*scale(routes_consistency_index,0.60,0.95)+0.15*scale(target_earning_index,0.12,0.45)+0.15*scale(opportunity_concentration_score,0.18,0.56)","0.50*scale(12.00-feature_finish,0.00,12.00)+0.25*scale(11.00-feature_games_played,0.00,11.00)+0.25*scale(0.14-feature_target_share,0.00,0.14)"
00-0039543,R.Keyton,2024,2025,WR,0.0000,0.0000,0.6750,0.0000,20.0000,0.0000,45.4545,0.9807,wr_signal_score_role_balanced_v1,"0.50*scale(feature_targets_per_game,4.00,10.00)+0.50*scale(feature_target_share,0.12,0.30)","0.55*scale(feature_ppg_per_target,0.80,2.50)+0.45*scale(feature_ppg,6.00,18.00)","0.40*scale(48.00-feature_finish,0.00,36.00)+0.60*scale(expected_ppg_baseline-feature_ppg,0.00,4.00)","0.65*scale(feature_games_played,8.00,17.00)+0.35*scale(feature_total_ppr,80.00,260.00)","0.50*scale(feature_ppg_minus_cohort_expected,0.00,6.00)+0.30*scale(expected_finish_from_cohort-feature_finish,0.00,36.00)+0.20*scale(cohort_player_count,1.00,18.00)","0.20*scale(route_participation_season_avg,0.50,0.95)+0.20*scale(target_share_season_avg,0.10,0.32)+0.15*scale(air_yard_share_season_avg,0.08,0.38)+0.15*scale(routes_consistency_index,0.60,0.95)+0.15*scale(target_earning_index,0.12,0.45)+0.15*scale(opportunity_concentration_score,0.18,0.56)","0.50*scale(12.00-feature_finish,0.00,12.00)+0.25*scale(11.00-feature_games_played,0.00,11.00)+0.25*scale(0.14-feature_target_share,0.00,0.14)"
00-0036254,C.Johnson,2024,2025,WR,0.0000,0.0000,0.0000,0.0000,20.0000,0.0000,45.4545,0.8727,wr_signal_score_role_balanced_v1,"0.50*scale(feature_targets_per_game,4.00,10.00)+0.50*scale(feature_target_share,0.12,0.30)","0.55*scale(feature_ppg_per_target,0.80,2.50)+0.45*scale(feature_ppg,6.00,18.00)","0.40*scale(48.00-feature_finish,0.00,36.00)+0.60*scale(expected_ppg_baseline-feature_ppg,0.00,4.00)","0.65*scale(feature_games_played,8.00,17.00)+0.35*scale(feature_total_ppr,80.00,260.00)","0.50*scale(feature_ppg_minus_cohort_expected,0.00,6.00)+0.30*scale(expected_finish_from_cohort-feature_finish,0.00,36.00)+0.20*scale(cohort_player_count,1.00,18.00)","0.20*scale(route_participation_season_avg,0.50,0.95)+0.20*scale(target_share_season_avg,0.10,0.32)+0.15*scale(air_yard_share_season_avg,0.08,0.38)+0.15*scale(routes_consistency_index,0.60,0.95)+0.15*scale(target_earning_index,0.12,0.45)+0.15*scale(opportunity_concentration_score,0.18,0.56)","0.50*scale(12.00-feature_finish,0.00,12.00)+0.25*scale(11.00-feature_games_played,0.00,11.00)+0.25*scale(0.14-feature_target_share,0.00,0.14)"
00-0038507,G.DuBose,2024,2025,WR,0.0000,0.0000,0.0000,0.0000,20.0000,0.0000,45.4545,0.8727,wr_signal_score_role_balanced_v1,"0.50*scale(feature_targets_per_game,4.00,10.00)+0.50*scale(feature_target_share,0.12,0.30)","0.55*scale(feature_ppg_per_target,0.80,2.50)+0.45*scale(feature_ppg,6.00,18.00)","0.40*scale(48.00-feature_finish,0.00,36.00)+0.60*scale(expected_ppg_baseline-feature_ppg,0.00,4.00)","0.65*scale(feature_games_played,8.00,17.00)+0.35*scale(feature_total_ppr,80.00,260.00)","0.50*scale(feature_ppg_minus_cohort_expected,0.00,6.00)+0.30*scale(expected_finish_from_cohort-feature_finish,0.00,36.00)+0.20*scale(cohort_player_count,1.00,18.00)","0.20*scale(route_participation_season_avg,0.50,0.95)+0.20*scale(target_share_season_avg,0.10,0.32)+0.15*scale(air_yard_share_season_avg,0.08,0.38)+0.15*scale(routes_consistency_index,0.60,0.95)+0.15*scale(target_earning_index,0.12,0.45)+0.15*scale(opportunity_concentration_score,0.18,0.56)","0.50*scale(12.00-feature_finish,0.00,12.00)+0.25*scale(11.00-feature_games_played,0.00,11.00)+0.25*scale(0.14-feature_target_share,0.00,0.14)"
00-0039614,J.Jackson,2024,2025,WR,0.0000,0.0000,0.4500,0.0000,20.0000,0.0000,47.7273,0.8084,wr_signal_score_role_balanced_v1,"0.50*scale(feature_targets_per_game,4.00,10.00)+0.50*scale(feature_target_share,0.12,0.30)","0.55*scale(feature_ppg_per_target,0.80,2.50)+0.45*scale(feature_ppg,6.00,18.00)","0.40*scale(48.00-feature_finish,0.00,36.00)+0.60*scale(expected_ppg_baseline-feature_ppg,0.00,4.00)","0.65*scale(feature_games_played,8.00,17.00)+0.35*scale(feature_total_ppr,80.00,260.00)","0.50*scale(feature_ppg_minus_cohort_expected,0.00,6.00)+0.30*scale(expected_finish_from_cohort-feature_finish,0.00,36.00)+0.20*scale(cohort_player_count,1.00,18.00)","0.20*scale(route_participation_season_avg,0.50,0.95)+0.20*scale(target_share_season_avg,0.10,0.32)+0.15*scale(air_yard_share_season_avg,0.08,0.38)+0.15*scale(routes_consistency_index,0.60,0.95)+0.15*scale(target_earning_index,0.12,0.45)+0.15*scale(opportunity_concentration_score,0.18,0.56)","0.50*scale(12.00-feature_finish,0.00,12.00)+0.25*scale(11.00-feature_games_played,0.00,11.00)+0.25*scale(0.14-feature_target_share,0.00,0.14)"
00-0033460,J.Ross,2024,2025,WR,0.0000,0.0000,0.0000,0.0000,20.0000,0.0000,47.7273,0.7364,wr_signal_score_role_balanced_v1,"0.50*scale(feature_targets_per_game,4.00,10.00)+0.50*scale(feature_target_share,0.12,0.30)","0.55*scale(feature_ppg_per_target,0.80,2.50)+0.45*scale(feature_ppg,6.00,18.00)","0.40*scale(48.00-feature_finish,0.00,36.00)+0.60*scale(expected_ppg_baseline-feature_ppg,0.00,4.00)","0.65*scale(feature_games_played,8.00,17.00)+0.35*scale(feature_total_ppr,80.00,260.00)","0.50*scale(feature_ppg_minus_cohort_expected,0.00,6.00)+0.30*scale(expected_finish_from_cohort-feature_finish,0.00,36.00)+0.20*scale(cohort_player_count,1.00,18.00)","0.20*scale(route_participation_season_avg,0.50,0.95)+0.20*scale(target_share_season_avg,0.10,0.32)+0.15*scale(air_yard_share_season_avg,0.08,0.38)+0.15*scale(routes_consistency_index,0.60,0.95)+0.15*scale(target_earning_index,0.12,0.45)+0.15*scale(opportunity_concentration_score,0.18,0.56)","0.50*scale(12.00-feature_finish,0.00,12.00)+0.25*scale(11.00-feature_games_played,0.00,11.00)+0.25*scale(0.14-feature_target_share,0.00,0.14)"
00-0034928,S.Sims,2024,2025,WR,0.0000,0.0000,0.0000,0.0000,20.0000,0.0000,47.7273,0.7364,wr_signal_score_role_balanced_v1,"0.50*scale(feature_targets_per_game,4.00,10.00)+0.50*scale(feature_target_share,0.12,0.30)","0.55*scale(feature_ppg_per_target,0.80,2.50)+0.45*scale(feature_ppg,6.00,18.00)","0.40*scale(48.00-feature_finish,0.00,36.00)+0.60*scale(expected_ppg_baseline-feature_ppg,0.00,4.00)","0.65*scale(feature_games_played,8.00,17.00)+0.35*scale(feature_total_ppr,80.00,260.00)","0.50*scale(feature_ppg_minus_cohort_expected,0.00,6.00)+0.30*scale(expected_finish_from_cohort-feature_finish,0.00,36.00)+0.20*scale(cohort_player_count,1.00,18.00)","0.20*scale(route_participation_season_avg,0.50,0.95)+0.20*scale(target_share_season_avg,0.10,0.32)+0.15*scale(air_yard_share_season_avg,0.08,0.38)+0.15*scale(routes_consistency_index,0.60,0.95)+0.15*scale(target_earning_index,0.12,0.45)+0.15*scale(opportunity_concentration_score,0.18,0.56)","0.50*scale(12.00-feature_finish,0.00,12.00)+0.25*scale(11.00-feature_games_played,0.00,11.00)+0.25*scale(0.14-feature_target_share,0.00,0.14)"
00-0038840,B.Tremayne,2024,2025,WR,0.0000,0.0000,0.0000,0.0000,20.0000,0.0000,47.7273,0.7364,wr_signal_score_role_balanced_v1,"0.50*scale(feature_targets_per_game,4.00,10.00)+0.50*scale(feature_target_share,0.12,0.30)","0.55*scale(feature_ppg_per_target,0.80,2.50)+0.45*scale(feature_ppg,6.00,18.00)","0.40*scale(48.00-feature_finish,0.00,36.00)+0.60*scale(expected_ppg_baseline-feature_ppg,0.00,4.00)","0.65*scale(feature_games_played,8.00,17.00)+0.35*scale(feature_total_ppr,80.00,260.00)","0.50*scale(feature_ppg_minus_cohort_expected,0.00,6.00)+0.30*scale(expected_finish_from_cohort-feature_finish,0.00,36.00)+0.20*scale(cohort_player_count,1.00,18.00)","0.20*scale(route_participation_season_avg,0.50,0.95)+0.20*scale(target_share_season_avg,0.10,0.32)+0.15*scale(air_yard_share_season_avg,0.08,0.38)+0.15*scale(routes_consistency_index,0.60,0.95)+0.15*scale(target_earning_index,0.12,0.45)+0.15*scale(opportunity_concentration_score,0.18,0.56)","0.50*scale(12.00-feature_finish,0.00,12.00)+0.25*scale(11.00-feature_games_played,0.00,11.00)+0.25*scale(0.14-feature_target_share,0.00,0.14)"
